timestamp,system_time,lat,lon,speed,bearing
1508970651453.0,11100,43.003532124651855,-78.78760152983045,4.987149700000002,0.0
1508970652453.0,12100,86.00713184933846,-157.5752534010856,9.827000100000003,0.0
1508970653445.0,13100,129.01065882277828,-236.36297027558112,14.873576600000003,0.0
1508970654000.0,14100,172.01419455013888,-315.1507320513781,20.482388000000004,0.0
1508970655000.0,14600,215.01771906166323,-393.93852860234006,26.515442000000004,0.0
1508970656000.0,15700,258.0211952568573,-472.72638196726456,33.692707,268.57312
1508970657000.0,16600,301.0246718883812,-551.514333411112,41.796739,537.99362
1508970658000.0,17700,344.028182363882,-630.3024177563769,50.679139000000006,807.1488199999999
1508970659000.0,18600,387.03170999530516,-709.0906133086037,59.680074000000005,1076.97807
1508970660000.0,19700,430.03523792531246,-787.8789177601986,68.382073,1347.7052999999999
1508970661000.0,20600,473.0387646033341,-866.6673249479162,76.58655900000001,1617.7962699999998
1508970662000.0,21600,516.0422934762864,-945.4558322835813,84.448305,1886.66367
1508970663000.0,22700,559.045822921238,-1024.244433608494,91.7916297,2156.37085
1508970664000.0,23600,602.0493535979565,-1103.033126115538,98.740837,2426.11975
1508970665000.0,24600,645.0528845031963,-1181.8219004780044,104.9355334,2696.36145
1508970666000.0,25600,688.0564095832021,-1260.6107489815276,110.453452,2962.62225
1508970667000.0,26600,731.0599304563332,-1339.399663073674,115.1497134,3226.96355
1508970668000.0,27700,774.063445466703,-1418.1886310919517,119.21591079999999,3488.86687
1508970669000.0,28600,817.0669563822902,-1496.977643306281,122.44621479999999,3756.6198
1508970670000.0,29600,860.0704688829494,-1575.7666895514851,124.84898199999999,4033.59188
1508970671000.0,30600,903.0739912517869,-1654.555756112354,126.74915659999999,4344.73672
1508970672000.0,31700,946.0775302893566,-1733.3448370575015,129.13794059999998,4691.48942
1508970673000.0,32600,989.0810967917475,-1812.1339230969108,132.22143999999997,5051.13572
1508970674000.0,33700,1032.0846960016456,-1890.92300611807,135.86454119999996,5057.7991707
1508970675000.0,34600,1075.0883323583603,-1969.7120842784132,139.86178269999996,5065.2673413
1508970676000.0,35600,1118.0920119632563,-2048.501155896193,144.80465169999997,5071.0532343
1508970677000.0,36700,1161.095744940365,-2127.2902186086926,151.07407569999995,5075.2744128
1508970678000.0,37600,1204.0995404898256,-2206.0792791186873,158.25853729999994,5076.5947888
1508970679000.0,38700,1247.1034012787993,-2284.8683313503007,165.44698729999993,5435.6268888
1508970680000.0,39600,1290.10732455081,-2363.657376411295,172.20091499999992,5436.8822268
1508970681000.0,40600,1333.1113071890684,-2442.446414962264,178.3723746999999,5438.4871045
1508970682000.0,41700,1376.1153430551183,-2521.235447517934,183.89443669999991,5798.4345845
1508970683000.0,42700,1419.1194237095826,-2600.024479323615,188.3498716999999,6156.093154499999
1508970684000.0,43600,1462.1235413736692,-2678.8135124945193,191.9881050999999,6511.795394499999
1508970685000.0,44700,1505.1276878662215,-2757.6025522634664,194.7075674999999,6853.051774499999
1508970686000.0,45700,1548.131856671682,-2836.391610976771,197.9115576999999,7159.145474499999
1508970687000.0,46600,1591.1360422588873,-2915.1807120887656,202.2596449999999,7443.347674499999
1508970688000.0,47600,1634.1402404729852,-2993.96987856532,207.5544769999999,7723.927774499999
1508970689000.0,48600,1677.144445963741,-3072.7591257809504,213.6078302999999,7994.788794499999
1508970690000.0,49700,1720.1486487742618,-3151.5484565500105,219.4387902999999,8259.2424345
1508970691000.0,50700,1763.1528451590746,-3230.3378558946038,223.9886397999999,8519.9666745
1508970692000.0,51600,1806.1570370275588,-3309.1273124299023,227.6835378999999,8785.8046745
1508970693000.0,52600,1849.1612365656288,-3387.9168104098194,231.22525659999988,9079.896274499999
1508970694000.0,53600,1892.1654591567412,-3466.7063474474453,236.0778041999999,9397.4319745
1508970695000.0,54700,1935.1697277795683,-3545.495914924584,242.5249305999999,9737.9511045
1508970696000.0,55600,1978.1740616789125,-3624.28550182294,250.2813411999999,10088.4342045
1508970697000.0,56600,2021.1784746479054,-3703.0751019068225,259.6764271999999,10439.6558045
1508970698000.0,57600,2064.182975998703,-3781.864716123786,269.3401841999999,10794.602274500001
1508970699000.0,58600,2107.187573061346,-3860.65433647779,279.7011621999999,11151.204294500001
1508970700000.0,59600,2150.192269263967,-3939.443959180198,290.2076141999999,11509.9721745
1508970701000.0,60600,2193.197063281689,-4018.2335816243417,300.2245641999999,11869.373514500001
1508970702000.0,61600,2236.201944920183,-4097.023203138781,309.1153111999999,12228.7110145
1508970703000.0,62700,2279.2069032574227,-4175.812822997287,316.8560771999999,12587.9756645
1508970704000.0,63600,2322.211926707927,-4254.602439976805,323.0880207999999,12947.2875645
1508970705000.0,64600,2365.2170001351487,-4333.392056353922,327.51632579999995,13306.9352345
1508970706000.0,65700,2408.2221066280654,-4412.1816728682,330.2148918,13307.14828425
1508970707000.0,66700,2451.2272297382933,-4490.971289037257,331.2695789,13662.947664250001
1508970729000.0,88700,2494.2323638819034,-4569.760902003236,332.7923956,13709.22202425
1508970730000.0,89600,2537.2375200367314,-4648.550513762925,336.48541,13709.3552325
1508970731000.0,90600,2580.2427157600737,-4727.340128270818,341.8030947,14067.0333025
1508970732000.0,91600,2623.2479627683047,-4806.129750825958,348.10504519999995,14418.2317625
1508970733000.0,92700,2666.2532705481135,-4884.919393114804,355.4240611999999,14759.9194625
1508970734000.0,93600,2709.2586402860334,-4963.709077145986,363.26341419999994,15087.7356625
1508970735000.0,94600,2752.2640723085137,-5042.498826494256,372.1768801999999,15404.0563625
1508970736000.0,95700,2795.2695557958505,-5121.288667045031,381.43896019999994,15704.2870425
1508970737000.0,96600,2838.275078226927,-5200.078620161313,391.5555271999999,15993.4239125
1508970738000.0,97700,2881.2806250911917,-5278.868708021206,403.0321551999999,16271.6163825
1508970739000.0,98700,2924.286183323013,-5357.658947021541,415.6038466999999,16543.5410325
1508970740000.0,99600,2967.2917427328816,-5436.449350732078,428.7164666999999,16813.5222025
1508970741000.0,100700,3010.2973019616798,-5515.239923356166,442.3045116999999,17083.7422325
1508970742000.0,101600,3053.3028597728667,-5594.030670043478,456.48596919999994,17353.4410825
1508970743000.0,102600,3096.3084163039243,-5672.821594972721,471.20338219999996,17623.615702500003
1508970744000.0,103600,3139.3139705897997,-5751.612703504739,486.44848419999994,17893.5382825
1508970745000.0,104600,3182.319523964167,-5830.404003041069,502.39209719999997,18163.708322500002
1508970746000.0,105700,3225.3250770617574,-5909.195500392822,518.7320321999999,18433.9364725
1508970747000.0,106600,3268.330629598375,-5987.987199214647,535.4420141999999,18704.0346125
1508970748000.0,107700,3311.33618167928,-6066.779103726767,552.6247061999999,18973.7296825
1508970749000.0,108600,3354.3417306734777,-6145.571217496801,569.8662091999998,19242.7976825
1508970750000.0,109700,3397.347273759868,-6224.363543635142,587.4647961999998,19511.127542500002
1508970751000.0,110600,3440.3528090816035,-6303.156088574662,605.4901241999997,19777.635692500004
1508970752000.0,111600,3483.3583327367664,-6381.948854485356,623.4982041999997,20043.102392500004
1508970753000.0,112600,3526.3638382426225,-6460.741843788889,641.9133561999997,20306.405522500005
1508970754000.0,113600,3569.3693203221565,-6539.535059769346,660.6495451999997,20567.552002500004
1508970755000.0,114600,3612.3747714673536,-6618.328504183954,679.5887221999997,20826.987002500005
1508970756000.0,115600,3655.380187781805,-6697.122179608197,698.6638071999996,21085.108702500005
1508970757000.0,116600,3698.3855645109243,-6775.916086926764,717.7324011999996,21341.667902500005
1508970758000.0,117600,3741.3908983006327,-6854.7102247068315,736.8485431999995,21596.443522500005
1508970759000.0,118600,3784.3961847111023,-6933.504590182653,755.8669431999996,21849.414152500005
1508970760000.0,119600,3827.401419165029,-7012.299180085596,774.9412571999995,22100.531472500006
1508970761000.0,120700,3870.4065937813443,-7091.093992082769,794.2503601999996,22349.121082500005
1508970762000.0,121600,3913.411700170351,-7169.889023503013,813.8092401999996,22594.355842500005
1508970763000.0,122600,3956.416726829042,-7248.684269831758,833.6082461999996,22836.895392500006
1508970764000.0,123600,3999.4216645144934,-7327.479726210633,853.3178711999996,23076.113612500005
1508970765000.0,124600,4042.4265024926995,-7406.275384201859,872.9753441999995,23311.342672500006
1508970766000.0,125700,4085.431231575904,-7485.07123161127,892.5438271999996,23542.014042500006
1508970767000.0,126700,4128.435841397605,-7563.867258744249,911.9201951999995,23769.123432500008
1508970768000.0,127600,4171.440322296315,-7642.663453205796,931.4423751999996,23991.56909250001
1508970769000.0,128700,4214.444664369138,-7721.4598031387995,950.8345751999996,24210.37237250001
1508970770000.0,129600,4257.448862379476,-7800.256292615741,970.1920391999996,24425.73255250001
1508970771000.0,130600,4300.452908546642,-7879.05290891833,989.4331291999996,24637.06450250001
1508970772000.0,131600,4343.456798562334,-7957.849639366237,1008.5962071999996,24844.640022500007
1508970773000.0,132700,4386.460528648036,-8036.64646945981,1027.6040871999996,25048.893902500007
1508970774000.0,133700,4429.464097779076,-8115.4433871220135,1046.1666651999997,25250.211012500007
1508970775000.0,134600,4472.4675072023065,-8194.24037894093,1064.4733081999996,25448.203152500006
1508970776000.0,135600,4515.470757644931,-8273.037432259696,1082.6276391999995,25643.790802500007
1508970777000.0,136700,4558.47384723783,-8351.834535654867,1100.9505291999994,25834.814272500007
1508970778000.0,137600,4601.476773368134,-8430.631674504417,1119.2670801999993,26022.206392500007
1508970779000.0,138700,4644.479531333359,-8509.42884032905,1137.9406931999993,26207.56044250001
1508970780000.0,139700,4687.4821213340365,-8588.2260137639,1156.6609431999993,26387.83156250001
1508970781000.0,140600,4730.484543643122,-8667.023177058138,1175.2089781999994,26564.53240250001
1508970782000.0,141600,4773.48680252797,-8745.820318560223,1193.3065751999993,26739.259632500012
1508970783000.0,142600,4816.488903984322,-8824.617436134158,1210.8242371999993,26913.565782500013
1508970784000.0,143600,4859.490851909073,-8903.414531053593,1227.9341781999992,27088.16937250001
1508970785000.0,144700,4902.492650031942,-8982.211606077712,1244.5684671999993,27263.41823250001
1508970786000.0,145700,4945.494302866813,-9061.008666669928,1260.7236411999993,27440.23978250001
1508970787000.0,146700,4988.495812723592,-9139.805716911329,1276.6684201999992,27617.144402500013
1508970788000.0,147600,5031.497182122871,-9218.602758863908,1292.2697981999993,27795.097192500012
1508970789000.0,148700,5074.498412099017,-9297.399796216014,1307.7868911999992,27973.662712500012
1508970790000.0,149700,5117.499505652042,-9376.196831732681,1322.9981481999992,28153.015752500014
1508970791000.0,150600,5160.500467300092,-9454.993868162055,1337.4229281999992,28333.708272500015
1508970792000.0,151600,5203.501303214913,-9533.790908431674,1351.098443199999,28514.580022500013
1508970793000.0,152700,5246.502022000343,-9612.587955528052,1363.7323921999991,28696.279322500013
1508970794000.0,153700,5289.50263263966,-9691.385012029741,1375.300101199999,28878.65899250001
1508970795000.0,154600,5332.503146254996,-9770.182080968043,1385.5923401999992,29061.098892500013
1508970796000.0,155600,5375.503577191818,-9848.97916292451,1394.4049811999992,29244.502822500013
1508970797000.0,156600,5418.5039379275795,-9927.776255828474,1401.9041941999992,29426.544162500013
1508970798000.0,157600,5461.50423738413,-10006.573358856745,1408.5748331999991,29610.977652500012
1508970799000.0,158600,5504.50448608126,-10085.370470292319,1413.8766248999991,29797.597192500012
1508970800000.0,159600,5547.504695566917,-10164.16759351277,1417.4360115999991,29990.462652500013
1508970801000.0,160600,5590.504881704503,-10242.964729504047,1419.3631920999992,30194.767802500013
1508970802000.0,161700,5633.505055876907,-10321.761876766197,1420.7362788999992,30414.359102500013
1508970803000.0,162600,5676.505221291319,-10400.559036946208,1422.3093187999991,30641.779462500013
1508970804000.0,163600,5719.505373543449,-10479.356216656995,1425.141589399999,30870.918862500013
1508970805000.0,164700,5762.505505414477,-10558.153431977702,1430.285555099999,31112.131782500015
1508970806000.0,165600,5805.505621256249,-10636.95071152358,1437.095836899999,31367.571292500015
1508970807000.0,166600,5848.505730612145,-10715.748082117458,1445.082728599999,31633.764922500017
1508970808000.0,167600,5891.505841724159,-10794.545558372274,1454.251161599999,31905.61984250002
1508970809000.0,168700,5934.505957950249,-10873.343153371261,1464.203638599999,32179.966062500018
1508970810000.0,169700,5977.506077265028,-10952.140866592074,1473.4048725999992,32453.00372250002
1508970811000.0,170600,6020.5061986021055,-11030.938679829265,1480.6433365999992,32726.85525250002
1508970812000.0,171600,6063.506318909126,-11109.736567197635,1485.6995975999992,33000.17471250002
1508970813000.0,172600,6106.506436376142,-11188.534505363803,1489.0555531999992,33271.49289250002
1508970814000.0,173600,6149.506553721132,-11267.33247455434,1491.0620121999991,33546.15489250002
1508970815000.0,174600,6192.5066709110615,-11346.130457701114,1491.798444159999,33814.910842500016
1508970822000.0,181600,6235.50678907669,-11424.92845330704,1493.085062159999,34109.52586250001
1508970823000.0,182600,6278.506906815021,-11503.726471260954,1495.367684759999,34381.381182500016
1508970824000.0,183700,6321.507025181499,-11582.524527819322,1499.195631159999,34651.05534250002
1508970825000.0,184600,6364.507139834353,-11661.32263788501,1503.869021559999,34918.26442250002
1508970826000.0,185700,6407.507248897106,-11740.120814078355,1509.681419959999,35184.04298250002
1508970827000.0,186600,6450.507349740492,-11818.919067532146,1516.2012639599989,35452.37281250002
1508970828000.0,187600,6493.507444085183,-11897.717406107162,1523.2135969599988,35720.86291250002
1508970829000.0,188700,6536.507533496622,-11976.515832665073,1530.1356069599988,35990.63455250002
1508970830000.0,189600,6579.507623518954,-12055.314340437231,1536.3341559599987,36265.37378250002
1508970831000.0,190600,6622.507723732992,-12134.112915001615,1541.9382709599988,36554.99138250002
1508970832000.0,191600,6665.507853221946,-12212.911544602988,1547.8041659599987,36869.59773250002
1508970833000.0,192600,6708.508033755516,-12291.710211488064,1555.0987974599987,37208.47325250002
1508970834000.0,193600,6751.508285583113,-12370.508894506216,1563.9337954599987,37564.054672500024
1508970835000.0,194700,6794.508628213956,-12449.307578376282,1574.0399514599987,37564.938092850025
1508970836000.0,195700,6837.509073008412,-12528.106253662627,1585.3953594599986,37567.383827850026
1508970837000.0,196700,6880.509631210795,-12606.904919326826,1597.9785314599987,37569.50642145002
1508970838000.0,197700,6923.510312100025,-12685.70357531962,1611.6274254599987,37571.580602050024
1508970839000.0,198600,6966.51112446724,-12764.502222739526,1626.3707974599986,37573.838675650026
1508970840000.0,199600,7009.512074130818,-12843.300861406806,1641.3697494599985,37576.406187250024
1508970841000.0,200700,7052.513167068511,-12922.099493684715,1657.4441014599986,37577.04099889002
1508970842000.0,201600,7095.514413072481,-13000.898123370447,1674.3559644599986,37577.08541677802
1508970843000.0,202700,7138.515819703712,-13079.696751528969,1691.7483344599987,37936.88506677802
1508970844000.0,203700,7181.517390742988,-13158.495377414287,1709.6898844599987,38296.710536778024
1508970845000.0,204700,7224.519128114826,-13237.294001845214,1727.6280994599986,38296.71796358433
1508970846000.0,205600,7267.5210299085475,-13316.09262638061,1745.6702654599985,38656.41036358433
1508970847000.0,206600,7310.523093985534,-13394.89125108166,1763.2339724599985,38656.50641551433
1508970848000.0,207600,7353.525317608393,-13473.689876058088,1780.6063134599985,39016.473915514325
1508970849000.0,208600,7396.52769652308,-13552.488502200771,1797.5468034599985,39376.19815551433
1508970850000.0,209700,7439.530226228245,-13631.287129127173,1814.0673494599985,39736.15152551433
1508970851000.0,210600,7482.532902251573,-13710.08575647387,1829.7985424599985,40095.53369551433
1508970852000.0,211700,7525.535715327147,-13788.88438746437,1844.4525334599984,40453.08401551433
1508970853000.0,212700,7568.538657167313,-13867.683025720415,1858.2323534599984,40809.229915514334
1508970854000.0,213700,7611.541721344874,-13946.481674490726,1871.4285509599983,41164.812815514335
1508970855000.0,214600,7654.544898831762,-14025.280334672818,1883.6452559599984,41520.55085551433
1508970856000.0,215600,7697.548178685324,-14104.079003084395,1894.6746829599983,41877.11655551433
1508970857000.0,216700,7740.5515493922685,-14182.877677791661,1904.1577129599984,42234.63071551433
1508970858000.0,217600,7783.55499641933,-14261.676355248974,1912.0764703599984,42594.43213551433
1508970859000.0,218600,7826.558505481541,-14340.475033414932,1918.5077343599985,42953.43350551433
1508970860000.0,219700,7869.562062065556,-14419.273709549894,1923.3779773599986,42954.16816745433
1508970861000.0,220600,7912.5656550775975,-14498.072383820094,1927.0902867599987,43312.55219745433
1508970862000.0,221700,7955.569272929493,-14576.871056594051,1929.5583291599987,43672.43946745433
1508970863000.0,222700,7998.572906234393,-14655.66972693375,1930.9473860599987,43675.18730045433
1508970887000.0,246600,8041.576553990329,-14734.468393842148,1932.4064359599988,43681.30830695433
1508970888000.0,247700,8084.580225567344,-14813.267056341107,1935.7890782599989,43683.64049775433
1508970889000.0,248600,8127.583939427171,-14892.065716741043,1941.1763342599988,43684.428450654326
1508970890000.0,249600,8170.587713257682,-14970.864377615724,1948.429084259999,43684.86326847433
1508970891000.0,250700,8213.591563621909,-15049.663039198405,1957.423042259999,43684.91891758433
1508970892000.0,251600,8256.595505308223,-15128.461703362338,1967.779779259999,44044.508277584326
1508970893000.0,252700,8299.599545845833,-15207.260372181703,1978.1120122599991,44403.920997584326
1508970894000.0,253600,8342.603680642422,-15286.059047339793,1987.7116022599992,44761.24549758433
1508970895000.0,254600,8385.607896255617,-15364.857733556464,1995.433591259999,45112.05216758433
1508970896000.0,255700,8428.612173496973,-15443.656449342288,2001.578975259999,45439.854627584325
1508970897000.0,256600,8471.616497439742,-15522.455214105916,2008.0227292599989,45750.40172758433
1508970898000.0,257700,8514.620855499457,-15601.254043849138,2014.669841259999,46047.03105758433
1508970899000.0,258600,8557.625229679532,-15680.052953301536,2021.876843259999,46323.11485758433
1508970900000.0,259600,8600.629602048415,-15758.851952676,2029.719429759999,46588.057907584334
1508970901000.0,260700,8643.633963698236,-15837.65104627638,2037.596871759999,46851.77000758433
1508970902000.0,261700,8686.638315746026,-15916.450244276542,2046.473612759999,47117.102677584335
1508970903000.0,262700,8729.642659796073,-15995.249558430894,2056.362679759999,47384.64289758434
1508970904000.0,263700,8772.646999244967,-16074.049005736211,2067.451156759999,47654.80709758434
1508970905000.0,264600,8815.651337350982,-16152.84859841694,2079.5565807599987,47926.684847584336
1508970906000.0,265600,8858.655675486374,-16231.648344903857,2091.8739902599987,48198.24634758434
1508970907000.0,266700,8901.660011092183,-16310.448245962369,2104.0918092599986,48468.72772758434
1508970908000.0,267700,8944.664344700717,-16389.248302084197,2116.565746259999,48739.33835758434
1508970909000.0,268600,8987.668674542096,-16468.048512560727,2128.8284842599987,49008.48441758434
1508970910000.0,269600,9030.672997487538,-16546.848877192104,2140.839557259999,49277.30351758434
1508970911000.0,270600,9073.677318654789,-16625.649391374613,2152.521288259999,49549.16131758434
1508970912000.0,271600,9116.681644138951,-16704.450051765136,2164.254541759999,49820.80456758434
1508970913000.0,272600,9159.685972003585,-16783.250861235516,2176.163637759999,50092.20816758434
1508970914000.0,273600,9202.690302392759,-16862.0518210706,2188.124088759999,50362.77063758433
1508970915000.0,274600,9245.694633262727,-16940.85293339878,2200.3475237599987,50631.671517584335
1508970916000.0,275600,9288.698964337376,-17019.654201615107,2212.7743647599987,50901.93244758433
1508970917000.0,276600,9331.703294598843,-17098.45562980522,2225.573104759999,51172.358867584335
1508970918000.0,277700,9374.707624917128,-17177.25722104356,2238.765734759999,51442.311047584335
1508970919000.0,278600,9417.711955436384,-17256.05897840115,2252.244706259999,51711.906647584336
1508970920000.0,279600,9460.716285018549,-17334.860902956356,2266.025850259999,51981.446687584335
1508970921000.0,280700,9503.720615756429,-17413.663002605335,2280.4074812599993,52252.60470758434
1508970922000.0,281600,9546.724949228543,-17492.465284508045,2295.3332792599995,52523.356077584336
1508970923000.0,282700,9589.729282459022,-17571.267755200828,2310.7470032599995,52792.87252758434
1508970924000.0,283600,9632.733622094573,-17650.07041670606,2326.4250012599996,53065.94918758434
1508970925000.0,284600,9675.737970329154,-17728.873275451082,2342.8085172599995,53341.35201758434
1508970926000.0,285700,9718.742334399882,-17807.676321575345,2357.5590837599993,53617.91146758434
1508970927000.0,286600,9761.746718954386,-17886.479544915594,2372.2650567599994,53898.111467584335
1508970928000.0,287700,9804.751131690653,-17965.28293967139,2386.7437497599994,54180.62052758433
1508970929000.0,288600,9847.755574730927,-18044.086509935452,2401.5323727599994,54465.14139758433
1508970930000.0,289600,9890.760048005815,-18122.89025370412,2415.6440507599996,54751.27049758433
1508970931000.0,290600,9933.764555579728,-18201.69416200398,2429.5578877599996,55037.13212758433
1508970932000.0,291600,9976.76909616434,-18280.498229083416,2443.3706397599994,55323.70642758433
1508970933000.0,292600,10019.773677077268,-18359.30245544258,2457.3810577599993,55608.85482758433
1508970934000.0,293700,10062.778294102569,-18438.106844308015,2471.181737759999,55892.51842758433
1508970935000.0,294700,10105.782937238615,-18516.911389096294,2484.5525282599992,56171.36110758433
1508970936000.0,295700,10148.787596181775,-18595.716091476374,2497.4614152599993,56446.27385758433
1508970937000.0,296700,10191.792259983546,-18674.52095017287,2509.880134259999,56716.84655758433
1508970938000.0,297700,10234.796924643466,-18753.325960077123,2521.687732259999,56986.35812758433
1508970939000.0,298700,10277.801587937096,-18832.131115034805,2533.084408259999,57254.99066758433
1508970940000.0,299600,10320.806246589114,-18910.93641377826,2544.522376259999,57522.11086758433
1508970941000.0,300600,10363.81090079953,-18989.741859987353,2556.510698259999,57788.613247584326
1508970942000.0,301600,10406.815552230712,-19068.54745596869,2568.389908259999,58056.49798758433
1508970943000.0,302700,10449.820207787297,-19147.353182162016,2578.749101259999,58327.32226758433
1508970944000.0,303600,10492.824862847174,-19226.159021860705,2586.678735859999,58592.74016758433
1508970945000.0,304600,10535.829514024577,-19304.964940656315,2591.886517859999,58863.03846758433
1508970946000.0,305600,10578.834165964237,-19383.77091101117,2595.503227359999,59140.75300758433
1508970947000.0,306600,10621.838820070085,-19462.57691978362,2598.605958159999,59418.41720758433
1508970948000.0,307700,10664.843479256888,-19541.382968059806,2601.8961769599987,59694.62900758433
1508970949000.0,308700,10707.848142958605,-19620.189065208666,2606.456077259999,59972.59810758433
1508970950000.0,309600,10750.852810006978,-19698.995227899926,2612.545222259999,60244.07118758433
1508970951000.0,310600,10793.857474540848,-19777.801477895413,2620.3263587599986,60513.29841758433
1508970952000.0,311600,10836.862136120111,-19856.607836027863,2629.7372327599987,60782.38835758433
1508970953000.0,312700,10879.866796070239,-19935.414321391818,2640.3974667599987,61052.06305758433
1508970954000.0,313600,10922.871453195843,-20014.22094985982,2652.2634267599988,61322.36371758433
1508970955000.0,314700,10965.876107431126,-20093.02773673,2665.105974759999,61592.18033758433
1508970956000.0,315600,11008.880759358306,-20171.834695563495,2679.087339759999,61861.32858758433
1508970957000.0,316600,11051.885405685687,-20250.641833952624,2693.487578759999,62130.38394758433
1508970958000.0,317600,11094.890046398135,-20329.449158004914,2708.367508759999,62398.612617584324
1508970959000.0,318600,11137.894681321513,-20408.25666656033,2722.847410759999,62666.989877584325
1508970960000.0,319700,11180.899309149216,-20487.064354619044,2737.1381757599993,62932.83499758432
1508970961000.0,320600,11223.90393129368,-20565.87221849339,2751.128659759999,63201.96652758432
1508970962000.0,321600,11266.908555729433,-20644.680248167195,2764.0279427599994,63473.97409758432
1508970963000.0,322700,11309.913180706188,-20723.488435878633,2776.4302467599996,63744.985877584324
1508970964000.0,323600,11352.917808805578,-20802.296774522347,2788.2330007599994,64015.31940758433
1508970965000.0,324600,11395.92243882563,-20881.10525587334,2799.4354497599993,64286.44140758433
1508970966000.0,325700,11438.927069879437,-20959.913876418137,2810.592718759999,64556.89092758433
1508970967000.0,326600,11481.931701878628,-21038.722639245465,2822.321196259999,64828.93700758433
1508970968000.0,327700,11524.936336030809,-21117.531550774816,2834.620231259999,65099.967987584336
1508970969000.0,328600,11567.940966728938,-21196.34062152177,2848.026987259999,65369.84292758434
1508970970000.0,329600,11610.945594251172,-21275.14986105984,2862.3088922599986,65638.66689758433
1508970971000.0,330600,11653.950217605383,-21353.95928202212,2877.2143087599984,65908.11389758434
1508970972000.0,331600,11696.954836149425,-21432.76889309934,2892.8163297599986,66176.48077758434
1508970973000.0,332700,11739.959447678091,-21511.57870096563,2908.9256817599985,66445.32517758434
1508970974000.0,333600,11782.964052615393,-21590.3887114687,2925.4505627599983,66714.40851758434
1508970975000.0,334600,11825.968651930327,-21669.19893206048,2942.6717227599984,66983.49761758433
1508970976000.0,335700,11868.973248993156,-21748.009363672736,2959.7710957599984,67252.52938758433
1508970977000.0,336600,11911.977842843902,-21826.820006265287,2976.8916937599984,67521.74883758434
1508970978000.0,337700,11954.982433106241,-21905.63085835434,2993.8156997599986,67790.29983758435
1508970979000.0,338700,11997.987020929673,-21984.441916791948,3010.4776197599986,68059.55126758435
1508970980000.0,339600,12040.991604454099,-22063.253175566733,3026.5110707599983,68327.02791758435
1508970981000.0,340600,12083.996184181688,-22142.06462859613,3042.1716447599983,68595.62691758435
1508970982000.0,341700,12127.000765110328,-22220.876269914286,3057.5519627599983,68866.24089758434
1508970983000.0,342600,12170.005357883214,-22299.68809376207,3072.535184759998,69142.10049758434
1508970984000.0,343700,12213.009977228283,-22378.500093426028,3087.5033157599983,69423.56872758434
1508970985000.0,344700,12256.014634051831,-22457.312268486505,3102.477357759998,69709.24926758434
1508970986000.0,345700,12299.019337382419,-22536.12461754298,3117.390229759998,69999.27682758434
1508970987000.0,346700,12342.024097268157,-22614.93713479098,3132.4512797599978,70293.32242758434
1508970988000.0,347700,12385.028924194248,-22693.749816059248,3148.0031297599976,70591.94568758433
1508970989000.0,348700,12428.033830294753,-22772.562662950513,3163.9903357599974,70894.08646758433
1508970990000.0,349600,12471.038823283287,-22851.375670860834,3179.9892057599973,71199.66712758434
1508970991000.0,350600,12514.043910076627,-22930.188829775914,3195.665346759997,71511.45712758433
1508970992000.0,351600,12557.049096927203,-23009.002131718174,3211.605485759997,71824.89389758433
1508970993000.0,352600,12600.054389535766,-23087.815571966246,3227.858783759997,72140.18851758433
1508970994000.0,353600,12643.059794063463,-23166.629148311655,3244.319158759997,72457.78406758433
1508970995000.0,354600,12686.065308727662,-23245.44286141066,3260.658897759997,72774.02078758433
1508970996000.0,355700,12729.07093200312,-23324.256711773687,3276.980264759997,73089.97318758433
1508970997000.0,356600,12772.076665560653,-23403.07070203076,3293.5802347599974,73406.12711758433
1508970998000.0,357600,12815.082511823106,-23481.884832501073,3310.3678857599975,73722.41367758432
1508970999000.0,358600,12858.088470726603,-23560.699105730622,3327.3794137599975,74038.42795758432
1508971000000.0,359700,12901.094545364138,-23639.513519305965,3344.4719967599976,74356.91455758433
1508971001000.0,360600,12901.097202785359,-23639.540468959935,3356.1675350599976,74674.89475758433
1508971002000.0,361700,12901.099901900261,-23639.567505076888,3367.608341659997,74991.61011758434
1508971003000.0,362700,12901.102778233444,-23639.59461077133,3378.3505251599972,75307.93643758433
1508971004000.0,363600,12901.105747292435,-23639.62180098398,3388.1174127599975,75625.16269758432
1508971005000.0,364600,12901.108829389384,-23639.649076411788,3396.9114517599974,75945.59146758432
1508971006000.0,365600,12901.11206550531,-23639.67640351269,3404.3086257599975,76001.51706758433
1508971007000.0,366700,12901.115409223392,-23639.70372968694,3410.2046937599976,76060.64463758434
1508971008000.0,367600,12901.118831841244,-23639.731006013422,3415.5011097599977,76125.58507758434
1508971009000.0,368700,12901.122356143884,-23639.758242485725,3420.677745759998,76193.74889758434
1508971010000.0,369700,12901.126004846501,-23639.785433447814,3426.5770427599978,76264.39318758434
1508971011000.0,370600,12901.129783236494,-23639.812579399753,3433.307711759998,76336.08035758433
1508971012000.0,371600,12901.133689122555,-23639.83968397513,3440.7586227599977,76409.63075758432
1508971013000.0,372600,12901.137728124306,-23639.866754961186,3449.140225059998,76481.43137758433
1508971014000.0,373700,12901.141902026382,-23639.89379872082,3458.170095759998,76553.29105758433
1508971015000.0,374600,12901.146212574009,-23639.920826561407,3468.144519359998,76624.13172758433
1508971016000.0,375700,12901.150668410964,-23639.94785018964,3478.893388759998,76698.74394758433
1508971017000.0,376600,12901.155267942208,-23639.97487857995,3490.514264359998,76774.90716758433
1508971018000.0,377700,12901.160008970779,-23640.00192167092,3502.375658959998,76853.46380758432
1508971019000.0,378600,12901.16488735027,-23640.028984496905,3514.842699959998,76927.22027758432
1508971020000.0,379600,12901.169896197965,-23640.056076828383,3527.8108037599977,76990.35341758431
1508971021000.0,380600,12901.175027476771,-23640.08321029086,3541.4472261599976,77020.92397758432
1508971022000.0,381700,12901.180277235504,-23640.11038596435,3554.7914121599974,77017.43287758432
1508971023000.0,382700,12901.185632576005,-23640.13761458011,3567.2773497599974,76999.10850758433
1508971024000.0,383600,12901.191087975203,-23640.164907948565,3579.3417255599975,77333.33095688433
1508971025000.0,384600,12901.196638523781,-23640.192270848605,3591.166976059997,77664.84355628432
1508971026000.0,385600,12901.202277729177,-23640.219707381137,3601.8697310599973,77998.48158328433
1508971027000.0,386600,12901.207994438952,-23640.24721785068,3611.006719059997,78334.23687478433
1508971028000.0,387600,12901.21377924295,-23640.274792504028,3619.062331459997,78673.53545878433
1508971029000.0,388700,12901.21963139496,-23640.30243260106,3627.296349459997,78656.55947878433
1508971030000.0,389700,12901.225554831492,-23640.330134299315,3635.973759759997,78998.88550078432
1508971031000.0,390600,12901.231555065677,-23640.357888133658,3645.428510059997,79344.66572308433
1508971032000.0,391600,12901.237642412178,-23640.385682545006,3655.3496900599966,79334.88749308433
1508971033000.0,392700,12901.243826693453,-23640.413498490598,3666.357158059997,79332.45302308434
1508971034000.0,393700,12901.25011433106,-23640.441326507607,3677.815914659997,79332.74898308434
1508971035000.0,394600,12901.256511213189,-23640.469160003293,3690.223064259997,79347.31587308433
1508971036000.0,395600,12901.263024572214,-23640.496983985948,3702.139396059997,79397.50907308434
1508971037000.0,396600,12901.269657473804,-23640.524776405648,3712.7361457599973,79469.51350308434
1508971038000.0,397600,12901.27641241325,-23640.552513455914,3722.1326837599972,79545.68270308433
1508971039000.0,398600,12901.283291874552,-23640.58018147929,3730.4891729599976,79630.95120308433
1508971040000.0,399600,12901.290302938443,-23640.60777789189,3738.987418459998,79721.96808308433
1508971041000.0,400600,12901.297447069679,-23640.635317267155,3748.210192959998,79816.04087308433
1508971042000.0,401600,12901.304718910003,-23640.662811032824,3757.955378359998,79906.02059308434
1508971043000.0,402600,12901.312104588582,-23640.690273461463,3767.819676659998,79967.66329308433
1508971044000.0,403600,12901.319586439557,-23640.717704719762,3776.019761059998,80007.12207308433
1508971045000.0,404600,12901.32713618732,-23640.745112712513,3781.963065659998,80023.01371308434
1508971046000.0,405600,12901.3347277611,-23640.772509813578,3785.698762059998,80028.32855308434
1508971047000.0,406600,12901.34233818191,-23640.799900277274,3786.663424059998,80033.81233308434
1508971048000.0,407600,12901.349944560105,-23640.82727926687,3785.640556059998,80036.48894308435
1508971049000.0,408700,12901.357524741788,-23640.854654821207,3782.6513200599975,80032.55462308435
1508971050000.0,409600,12901.365064422165,-23640.882031777863,3778.6039970599973,80028.28399308435
1508971051000.0,410600,12901.372558136063,-23640.909410367858,3774.045298059997,80026.40665308436
1508971052000.0,411700,12901.380006921117,-23640.936788786705,3769.320844659997,80023.24499308436
1508971053000.0,412600,12901.387410720206,-23640.96416985056,3764.097850159997,80020.50286308436
1508971054000.0,413700,12901.39476789316,-23640.991555430457,3758.6751256599973,80008.85951308436
1508971060000.0,419600,12901.402092702192,-23641.018949541427,3755.6943756599976,79969.82756308436
1508971061000.0,420600,12901.409393600612,-23641.04634809384,3753.4573414599977,80290.23023333435
1508971066000.0,425600,12901.416684568618,-23641.073759300823,3754.2339459599975,80266.08890333436
1508971067000.0,426600,12901.423981203661,-23641.101205202962,3756.7394657599975,80524.73004333436
1508971068000.0,427600,12901.431275695857,-23641.128713199232,3759.218251959998,80812.52688508436
1508971069000.0,428700,12901.438546781967,-23641.156304262837,3761.6381995599977,80734.02531508436
1508971070000.0,429700,12901.44577613839,-23641.183994724735,3764.2468710599974,80655.97398508436
1508971071000.0,430700,12901.452947077016,-23641.211786542437,3767.0472410599973,80582.76248508437
1508971072000.0,431600,12901.460054388575,-23641.239671307427,3770.2554880599973,80523.06045508437
1508971073000.0,432600,12901.467101487555,-23641.267631865503,3772.8835330599973,80476.95102508437
1508971074000.0,433700,12901.47410048729,-23641.295648258532,3775.8016260599975,80447.02527508438
1508971075000.0,434600,12901.481062699466,-23641.32370283812,3777.9154840599977,80427.61030508438
1508971076000.0,435700,12901.4880035822,-23641.35176823089,3777.723369059998,80420.7378750844
1508971077000.0,436600,12901.494934782197,-23641.37981446432,3775.164218559998,80418.1775250844
1508971078000.0,437600,12901.501865625894,-23641.407811259265,3770.601482559998,80419.1070950844
1508971079000.0,438700,12901.508800092266,-23641.43573267393,3763.661471159998,80424.0618050844
1508971080000.0,439600,12901.515750845416,-23641.46354827475,3754.005733259998,80452.10565508441
1508971081000.0,440600,12901.522731566054,-23641.491221743992,3743.839837259998,80519.5307950844
1508971082000.0,441600,12901.529756608154,-23641.51871314814,3733.9314872599984,80254.2255010844
1508971083000.0,442600,12901.536838319005,-23641.545997919256,3724.8936836599987,79992.16022208439
1508971084000.0,443600,12901.543994199028,-23641.573069087794,3716.8089146599987,79727.0219600844
1508971085000.0,444600,12901.551237881982,-23641.599925039525,3709.7239686599987,79461.13585578439
1508971086000.0,445600,12901.558574713597,-23641.62656104362,3702.9316606599987,79195.33621728439
1508971087000.0,446600,12901.566012945159,-23641.65297644019,3696.7794306599985,78928.32365008439
1508971088000.0,447600,12901.573563271631,-23641.679170690106,3691.1341836599986,78661.83886768439
1508971089000.0,448700,12901.581234390602,-23641.705138311005,3685.7733936599984,78395.6916267544
1508971090000.0,449600,12901.589036424188,-23641.73087983891,3681.0362556599985,78130.4469619544
1508971091000.0,450600,12901.596980292952,-23641.756393841762,3676.181656659998,77867.82274501439
1508971092000.0,451700,12901.60507198493,-23641.781676396553,3671.059338659998,77606.8951428944
1508971093000.0,452600,12901.613320021635,-23641.806725602335,3666.013948659998,77348.3103048644
1508971094000.0,453600,12901.621731134563,-23641.831536358557,3661.052474659998,77091.5759045644
1508971095000.0,454600,12901.630308330725,-23641.85610872958,3655.793375659998,76836.5396878644
1508971096000.0,455600,12901.639052338403,-23641.88044619667,3650.0305626599984,76582.6284085644
1508971097000.0,456600,12901.647964035952,-23641.9045528178,3643.7931351599987,76330.2882099644
1508971098000.0,457600,12901.657039758917,-23641.928431075678,3636.880212159999,76080.7271835644
1508971099000.0,458600,12901.666282174776,-23641.95208307708,3629.166709159999,75832.71407922442
1508971100000.0,459700,12901.675692691828,-23641.975513354402,3620.4404751599986,75588.42481167441
1508971101000.0,460700,12901.685274184465,-23641.99872829664,3610.4477451599982,75705.22926167441
1508971102000.0,461700,12901.695029153556,-23642.021733303896,3599.8676821599984,75466.18574476441
1508971103000.0,462600,12901.7049583989,-23642.044536719466,3588.224719159998,75231.12439144442
1508971104000.0,463600,12901.71506376123,-23642.06715138396,3575.9335856599982,75001.07799484443
1508971105000.0,464600,12901.725349805447,-23642.089582752345,3562.949010959998,74775.98924234443
1508971106000.0,465600,12901.735825226819,-23642.1118453063,3549.9106519599977,74911.28468234443
1508971107000.0,466700,12901.74650014153,-23642.133959319894,3537.145858959998,75047.03960234443
1508971108000.0,467600,12901.757381168449,-23642.155943469403,3524.847802959998,75187.03348234443
1508971109000.0,468700,12901.768477973606,-23642.1778086578,3512.4891907599977,75333.23937234443
1508971110000.0,469700,12901.779792215339,-23642.199563285132,3499.8636140599974,75485.04938234443
1508971111000.0,470700,12901.791326005161,-23642.221215269223,3487.4007717599975,75286.78934874442
1508971112000.0,471700,12901.803076883978,-23642.24277111891,3474.7820577599973,75095.19616674443
1508971113000.0,472700,12901.815037737044,-23642.264241227396,3461.8450231599973,74907.63644074442
1508971114000.0,473600,12901.827205388301,-23642.285638603247,3448.748740159997,74720.87040474442
1508971115000.0,474700,12901.83958085965,-23642.30697572125,3435.539771759997,74535.00543474442
1508971116000.0,475700,12901.852170073327,-23642.328270117305,3422.5184931599974,74348.74707224443
1508971117000.0,476700,12901.864976579594,-23642.34953282245,3409.1524906599975,74164.09626257443
1508971118000.0,477600,12901.878001926714,-23642.37078034206,3396.2049566599976,73989.71503227443
1508971119000.0,478700,12901.89124004951,-23642.392032031927,3382.305955659998,73817.46047177442
1508971120000.0,479700,12901.904675677697,-23642.41330353217,3367.9058564599977,73644.65508537441
1508971121000.0,480700,12901.918299158671,-23642.43459984076,3353.4483476599976,73829.11205537441
1508971122000.0,481700,12901.932102605144,-23642.455918248303,3339.0241762599976,73659.10668737441
1508971123000.0,482600,12901.946078295501,-23642.477254041238,3324.4153088599974,73486.9751178744
1508971124000.0,483700,12901.960217842492,-23642.498602238404,3309.9857250599975,73313.40367757442
1508971125000.0,484700,12901.97451588423,-23642.5199601042,3295.3712424599976,73138.17531587441
1508971126000.0,485600,12901.98896636796,-23642.541325053982,3280.7683083599977,73318.49944587442
