system_time,timestamp,lat,lon,speed,bearing
11100,1508970651453.0,43.003532124651855,-78.78760152983045,4.987149700000002,0.0
11200,,,,,
11300,,,,,
11400,,,,,
11500,,,,,
11600,,,,,
11700,,,,,
11800,,,,,
11900,,,,,
12000,,,,,
12100,1508970652453.0,43.003599724686616,-78.78765187125516,4.8398504,0.0
12200,,,,,
12300,,,,,
12400,,,,,
12500,,,,,
12600,,,,,
12700,,,,,
12800,,,,,
12900,,,,,
13000,,,,,
13100,1508970653445.0,43.00352697343981,-78.7877168744955,5.0465765,0.0
13200,,,,,
13300,,,,,
13400,,,,,
13500,,,,,
13600,,,,,
13700,,,,,
13800,,,,,
13900,,,,,
14000,,,,,
14100,1508970654000.0,43.003535727360614,-78.78776177579698,5.6088114,0.0
14200,,,,,
14300,,,,,
14400,,,,,
14500,,,,,
14600,1508970655000.0,43.00352451152436,-78.78779655096193,6.033054,0.0
14700,,,,,
14800,,,,,
14900,,,,,
15000,,,,,
15100,,,,,
15200,,,,,
15300,,,,,
15400,,,,,
15500,,,,,
15600,,,,,
15700,1508970656000.0,43.00347619519408,-78.7878533649245,7.1772649999999985,268.57312
15800,,,,,
15900,,,,,
16000,,,,,
16100,,,,,
16200,,,,,
16300,,,,,
16400,,,,,
16500,,,,,
16600,1508970657000.0,43.003476631523895,-78.78795144384749,8.104032,269.4205
16700,,,,,
16800,,,,,
16900,,,,,
17000,,,,,
17100,,,,,
17200,,,,,
17300,,,,,
17400,,,,,
17500,,,,,
17600,,,,,
17700,1508970658000.0,43.00351047550084,-78.78808434526495,8.8824,269.1552
17800,,,,,
17900,,,,,
18000,,,,,
18100,,,,,
18200,,,,,
18300,,,,,
18400,,,,,
18500,,,,,
18600,1508970659000.0,43.00352763142317,-78.78819555222678,9.000935,269.82925
18700,,,,,
18800,,,,,
18900,,,,,
19000,,,,,
19100,,,,,
19200,,,,,
19300,,,,,
19400,,,,,
19500,,,,,
19600,,,,,
19700,1508970660000.0,43.003527930007294,-78.78830445159497,8.701999,270.72723
19800,,,,,
19900,,,,,
20000,,,,,
20100,,,,,
20200,,,,,
20300,,,,,
20400,,,,,
20500,,,,,
20600,1508970661000.0,43.00352667802162,-78.78840718771757,8.204486,270.09097
20700,,,,,
20800,,,,,
20900,,,,,
21000,,,,,
21100,,,,,
21200,,,,,
21300,,,,,
21400,,,,,
21500,,,,,
21600,1508970662000.0,43.003528872952344,-78.78850733566517,7.861746000000001,268.8674
21700,,,,,
21800,,,,,
21900,,,,,
22000,,,,,
22100,,,,,
22200,,,,,
22300,,,,,
22400,,,,,
22500,,,,,
22600,,,,,
22700,1508970663000.0,43.003529444951546,-78.78860132491276,7.3433247,269.70718
22800,,,,,
22900,,,,,
23000,,,,,
23100,,,,,
23200,,,,,
23300,,,,,
23400,,,,,
23500,,,,,
23600,1508970664000.0,43.00353067671843,-78.78869250704393,6.9492073,269.7489
23700,,,,,
23800,,,,,
23900,,,,,
24000,,,,,
24100,,,,,
24200,,,,,
24300,,,,,
24400,,,,,
24500,,,,,
24600,1508970665000.0,43.00353090523977,-78.7887743624665,6.1946964000000015,270.2417
24700,,,,,
24800,,,,,
24900,,,,,
25000,,,,,
25100,,,,,
25200,,,,,
25300,,,,,
25400,,,,,
25500,,,,,
25600,1508970666000.0,43.00352508000584,-78.78884850352328,5.5179186,266.2608
25700,,,,,
25800,,,,,
25900,,,,,
26000,,,,,
26100,,,,,
26200,,,,,
26300,,,,,
26400,,,,,
26500,,,,,
26600,1508970667000.0,43.003520873131045,-78.78891409214631,4.6962614,264.3413
26700,,,,,
26800,,,,,
26900,,,,,
27000,,,,,
27100,,,,,
27200,,,,,
27300,,,,,
27400,,,,,
27500,,,,,
27600,,,,,
27700,1508970668000.0,43.00351501036982,-78.7889680182778,4.0661974,261.90332
27800,,,,,
27900,,,,,
28000,,,,,
28100,,,,,
28200,,,,,
28300,,,,,
28400,,,,,
28500,,,,,
28600,1508970669000.0,43.003510915587185,-78.78901221432923,3.2303040000000003,267.75293
28700,,,,,
28800,,,,,
28900,,,,,
29000,,,,,
29100,,,,,
29200,,,,,
29300,,,,,
29400,,,,,
29500,,,,,
29600,1508970670000.0,43.00351250065917,-78.78904624520423,2.4027672000000004,276.97208
29700,,,,,
29800,,,,,
29900,,,,,
30000,,,,,
30100,,,,,
30200,,,,,
30300,,,,,
30400,,,,,
30500,,,,,
30600,1508970671000.0,43.003522368837515,-78.7890665608688,1.9001746,311.14484
30700,,,,,
30800,,,,,
30900,,,,,
31000,,,,,
31100,,,,,
31200,,,,,
31300,,,,,
31400,,,,,
31500,,,,,
31600,,,,,
31700,1508970672000.0,43.00353903756972,-78.7890809451477,2.388784,346.7527
31800,,,,,
31900,,,,,
32000,,,,,
32100,,,,,
32200,,,,,
32300,,,,,
32400,,,,,
32500,,,,,
32600,1508970673000.0,43.00356650239096,-78.78908603940927,3.0834994,359.6463
32700,,,,,
32800,,,,,
32900,,,,,
33000,,,,,
33100,,,,,
33200,,,,,
33300,,,,,
33400,,,,,
33500,,,,,
33600,,,,,
33700,1508970674000.0,43.003599209898006,-78.78908302115907,3.6431012,6.6634506999999985
33800,,,,,
33900,,,,,
34000,,,,,
34100,,,,,
34200,,,,,
34300,,,,,
34400,,,,,
34500,,,,,
34600,1508970675000.0,43.00363635671476,-78.78907816034317,3.9972415,7.468170599999999
34700,,,,,
34800,,,,,
34900,,,,,
35000,,,,,
35100,,,,,
35200,,,,,
35300,,,,,
35400,,,,,
35500,,,,,
35600,1508970676000.0,43.003679604895886,-78.7890716177795,4.942869,5.785893
35700,,,,,
35800,,,,,
35900,,,,,
36000,,,,,
36100,,,,,
36200,,,,,
36300,,,,,
36400,,,,,
36500,,,,,
36600,,,,,
36700,1508970677000.0,43.00373297710879,-78.78906271249963,6.269424,4.2211785000000015
36800,,,,,
36900,,,,,
37000,,,,,
37100,,,,,
37200,,,,,
37300,,,,,
37400,,,,,
37500,,,,,
37600,1508970678000.0,43.00379554946064,-78.78906050999464,7.1844616,1.320376
37700,,,,,
37800,,,,,
37900,,,,,
38000,,,,,
38100,,,,,
38200,,,,,
38300,,,,,
38400,,,,,
38500,,,,,
38600,,,,,
38700,1508970679000.0,43.00386078897368,-78.78905223161351,7.18845,359.0321
38800,,,,,
38900,,,,,
39000,,,,,
39100,,,,,
39200,,,,,
39300,,,,,
39400,,,,,
39500,,,,,
39600,1508970680000.0,43.003923272010816,-78.78904506099417,6.7539277,1.2553379999999998
39700,,,,,
39800,,,,,
39900,,,,,
40000,,,,,
40100,,,,,
40200,,,,,
40300,,,,,
40400,,,,,
40500,,,,,
40600,1508970681000.0,43.00398263825842,-78.78903855096911,6.1714597,1.6048777
40700,,,,,
40800,,,,,
40900,,,,,
41000,,,,,
41100,,,,,
41200,,,,,
41300,,,,,
41400,,,,,
41500,,,,,
41600,,,,,
41700,1508970682000.0,43.004035866049996,-78.7890325556699,5.522062,359.94748
41800,,,,,
41900,,,,,
42000,,,,,
42100,,,,,
42200,,,,,
42300,,,,,
42400,,,,,
42500,,,,,
42600,,,,,
42700,1508970683000.0,43.00408065446425,-78.78903180568115,4.455435,357.65857
42800,,,,,
42900,,,,,
43000,,,,,
43100,,,,,
43200,,,,,
43300,,,,,
43400,,,,,
43500,,,,,
43600,1508970684000.0,43.00411766408654,-78.78903317090406,3.6382334,355.70224
43700,,,,,
43800,,,,,
43900,,,,,
44000,,,,,
44100,,,,,
44200,,,,,
44300,,,,,
44400,,,,,
44500,,,,,
44600,,,,,
44700,1508970685000.0,43.00414649255225,-78.78903976894725,2.7194624,341.25638
44800,,,,,
44900,,,,,
45000,,,,,
45100,,,,,
45200,,,,,
45300,,,,,
45400,,,,,
45500,,,,,
45600,,,,,
45700,1508970686000.0,43.0041688054605,-78.78905871330474,3.2039902,306.0937
45800,,,,,
45900,,,,,
46000,,,,,
46100,,,,,
46200,,,,,
46300,,,,,
46400,,,,,
46500,,,,,
46600,1508970687000.0,43.00418558720519,-78.78910111199468,4.3480873,284.2022
46700,,,,,
46800,,,,,
46900,,,,,
47000,,,,,
47100,,,,,
47200,,,,,
47300,,,,,
47400,,,,,
47500,,,,,
47600,1508970688000.0,43.0041982140978,-78.78916647655446,5.294832,280.5801
47700,,,,,
47800,,,,,
47900,,,,,
48000,,,,,
48100,,,,,
48200,,,,,
48300,,,,,
48400,,,,,
48500,,,,,
48600,1508970689000.0,43.00420549075591,-78.7892472156303,6.0533533,270.86102
48700,,,,,
48800,,,,,
48900,,,,,
49000,,,,,
49100,,,,,
49200,,,,,
49300,,,,,
49400,,,,,
49500,,,,,
49600,,,,,
49700,1508970690000.0,43.00420281052082,-78.78933076905993,5.83096,264.45364
49800,,,,,
49900,,,,,
50000,,,,,
50100,,,,,
50200,,,,,
50300,,,,,
50400,,,,,
50500,,,,,
50600,,,,,
50700,1508970691000.0,43.00419638481266,-78.78939934459336,4.5498495000000005,260.72424
50800,,,,,
50900,,,,,
51000,,,,,
51100,,,,,
51200,,,,,
51300,,,,,
51400,,,,,
51500,,,,,
51600,1508970692000.0,43.00419186848411,-78.78945653529864,3.6948981,265.838
51700,,,,,
51800,,,,,
51900,,,,,
52000,,,,,
52100,,,,,
52200,,,,,
52300,,,,,
52400,,,,,
52500,,,,,
52600,1508970693000.0,43.004199538069926,-78.78949797991713,3.541718700000001,294.0916
52700,,,,,
52800,,,,,
52900,,,,,
53000,,,,,
53100,,,,,
53200,,,,,
53300,,,,,
53400,,,,,
53500,,,,,
53600,1508970694000.0,43.00422259111237,-78.78953703762572,4.8525475999999985,317.5357
53700,,,,,
53800,,,,,
53900,,,,,
54000,,,,,
54100,,,,,
54200,,,,,
54300,,,,,
54400,,,,,
54500,,,,,
54600,,,,,
54700,1508970695000.0,43.00426862282715,-78.7895674771387,6.4471264,340.51913
54800,,,,,
54900,,,,,
55000,,,,,
55100,,,,,
55200,,,,,
55300,,,,,
55400,,,,,
55500,,,,,
55600,1508970696000.0,43.00433389934408,-78.7895868983558,7.7564106,350.4831
55700,,,,,
55800,,,,,
55900,,,,,
56000,,,,,
56100,,,,,
56200,,,,,
56300,,,,,
56400,,,,,
56500,,,,,
56600,1508970697000.0,43.00441296899285,-78.78960008388233,9.395086,351.2216
56700,,,,,
56800,,,,,
56900,,,,,
57000,,,,,
57100,,,,,
57200,,,,,
57300,,,,,
57400,,,,,
57500,,,,,
57600,1508970698000.0,43.00450135079785,-78.78961421696347,9.663757,354.9464700000001
57700,,,,,
57800,,,,,
57900,,,,,
58000,,,,,
58100,,,,,
58200,,,,,
58300,,,,,
58400,,,,,
58500,,,,,
58600,1508970699000.0,43.004597062642986,-78.78962035400393,10.360978,356.6020200000001
58700,,,,,
58800,,,,,
58900,,,,,
59000,,,,,
59100,,,,,
59200,,,,,
59300,,,,,
59400,,,,,
59500,,,,,
59600,1508970700000.0,43.00469620262062,-78.78962270240802,10.506452,358.76788
59700,,,,,
59800,,,,,
59900,,,,,
60000,,,,,
60100,,,,,
60200,,,,,
60300,,,,,
60400,,,,,
60500,,,,,
60600,1508970701000.0,43.00479401772254,-78.78962244414393,10.01695,359.40134
60700,,,,,
60800,,,,,
60900,,,,,
61000,,,,,
61100,,,,,
61200,,,,,
61300,,,,,
61400,,,,,
61500,,,,,
61600,1508970702000.0,43.00488163849394,-78.78962151443987,8.890747,359.3375
61700,,,,,
61800,,,,,
61900,,,,,
62000,,,,,
62100,,,,,
62200,,,,,
62300,,,,,
62400,,,,,
62500,,,,,
62600,,,,,
62700,1508970703000.0,43.00495833723989,-78.78961985850601,7.740766000000002,359.26465
62800,,,,,
62900,,,,,
63000,,,,,
63100,,,,,
63200,,,,,
63300,,,,,
63400,,,,,
63500,,,,,
63600,1508970704000.0,43.00502345050438,-78.7896169795179,6.231943599999999,359.3119
63700,,,,,
63800,,,,,
63900,,,,,
64000,,,,,
64100,,,,,
64200,,,,,
64300,,,,,
64400,,,,,
64500,,,,,
64600,1508970705000.0,43.005073427221966,-78.7896163771173,4.428305,359.64767
64700,,,,,
64800,,,,,
64900,,,,,
65000,,,,,
65100,,,,,
65200,,,,,
65300,,,,,
65400,,,,,
65500,,,,,
65600,,,,,
65700,1508970706000.0,43.00510649291648,-78.78961651427771,2.698566,0.21304975
65800,,,,,
65900,,,,,
66000,,,,,
66100,,,,,
66200,,,,,
66300,,,,,
66400,,,,,
66500,,,,,
66600,,,,,
66700,1508970707000.0,43.00512311022789,-78.78961616905673,1.0546871000000002,355.79938
66800,,,,,
66900,,,,,
67000,,,,,
67100,,,,,
67200,,,,,
67300,,,,,
67400,,,,,
67500,,,,,
67600,,,,,
67700,,,,,
67800,,,,,
67900,,,,,
68000,,,,,
68100,,,,,
68200,,,,,
68300,,,,,
68400,,,,,
68500,,,,,
68600,,,,,
68700,,,,,
68800,,,,,
68900,,,,,
69000,,,,,
69100,,,,,
69200,,,,,
69300,,,,,
69400,,,,,
69500,,,,,
69600,,,,,
69700,,,,,
69800,,,,,
69900,,,,,
70000,,,,,
70100,,,,,
70200,,,,,
70300,,,,,
70400,,,,,
70500,,,,,
70600,,,,,
70700,,,,,
70800,,,,,
70900,,,,,
71000,,,,,
71100,,,,,
71200,,,,,
71300,,,,,
71400,,,,,
71500,,,,,
71600,,,,,
71700,,,,,
71800,,,,,
71900,,,,,
72000,,,,,
72100,,,,,
72200,,,,,
72300,,,,,
72400,,,,,
72500,,,,,
72600,,,,,
72700,,,,,
72800,,,,,
72900,,,,,
73000,,,,,
73100,,,,,
73200,,,,,
73300,,,,,
73400,,,,,
73500,,,,,
73600,,,,,
73700,,,,,
73800,,,,,
73900,,,,,
74000,,,,,
74100,,,,,
74200,,,,,
74300,,,,,
74400,,,,,
74500,,,,,
74600,,,,,
74700,,,,,
74800,,,,,
74900,,,,,
75000,,,,,
75100,,,,,
75200,,,,,
75300,,,,,
75400,,,,,
75500,,,,,
75600,,,,,
75700,,,,,
75800,,,,,
75900,,,,,
76000,,,,,
76100,,,,,
76200,,,,,
76300,,,,,
76400,,,,,
76500,,,,,
76600,,,,,
76700,,,,,
76800,,,,,
76900,,,,,
77000,,,,,
77100,,,,,
77200,,,,,
77300,,,,,
77400,,,,,
77500,,,,,
77600,,,,,
77700,,,,,
77800,,,,,
77900,,,,,
78000,,,,,
78100,,,,,
78200,,,,,
78300,,,,,
78400,,,,,
78500,,,,,
78600,,,,,
78700,,,,,
78800,,,,,
78900,,,,,
79000,,,,,
79100,,,,,
79200,,,,,
79300,,,,,
79400,,,,,
79500,,,,,
79600,,,,,
79700,,,,,
79800,,,,,
79900,,,,,
80000,,,,,
80100,,,,,
80200,,,,,
80300,,,,,
80400,,,,,
80500,,,,,
80600,,,,,
80700,,,,,
80800,,,,,
80900,,,,,
81000,,,,,
81100,,,,,
81200,,,,,
81300,,,,,
81400,,,,,
81500,,,,,
81600,,,,,
81700,,,,,
81800,,,,,
81900,,,,,
82000,,,,,
82100,,,,,
82200,,,,,
82300,,,,,
82400,,,,,
82500,,,,,
82600,,,,,
82700,,,,,
82800,,,,,
82900,,,,,
83000,,,,,
83100,,,,,
83200,,,,,
83300,,,,,
83400,,,,,
83500,,,,,
83600,,,,,
83700,,,,,
83800,,,,,
83900,,,,,
84000,,,,,
84100,,,,,
84200,,,,,
84300,,,,,
84400,,,,,
84500,,,,,
84600,,,,,
84700,,,,,
84800,,,,,
84900,,,,,
85000,,,,,
85100,,,,,
85200,,,,,
85300,,,,,
85400,,,,,
85500,,,,,
85600,,,,,
85700,,,,,
85800,,,,,
85900,,,,,
86000,,,,,
86100,,,,,
86200,,,,,
86300,,,,,
86400,,,,,
86500,,,,,
86600,,,,,
86700,,,,,
86800,,,,,
86900,,,,,
87000,,,,,
87100,,,,,
87200,,,,,
87300,,,,,
87400,,,,,
87500,,,,,
87600,,,,,
87700,,,,,
87800,,,,,
87900,,,,,
88000,,,,,
88100,,,,,
88200,,,,,
88300,,,,,
88400,,,,,
88500,,,,,
88600,,,,,
88700,1508970729000.0,43.00513414361005,-78.7896129659796,1.5228167,46.27436
88800,,,,,
88900,,,,,
89000,,,,,
89100,,,,,
89200,,,,,
89300,,,,,
89400,,,,,
89500,,,,,
89600,1508970730000.0,43.00515615482816,-78.78961175968941,3.6930144,0.13320825
89700,,,,,
89800,,,,,
89900,,,,,
90000,,,,,
90100,,,,,
90200,,,,,
90300,,,,,
90400,,,,,
90500,,,,,
90600,1508970731000.0,43.00519572334224,-78.78961450789295,5.3176847,357.67807
90700,,,,,
90800,,,,,
90900,,,,,
91000,,,,,
91100,,,,,
91200,,,,,
91300,,,,,
91400,,,,,
91500,,,,,
91600,1508970732000.0,43.005247008230896,-78.78962255513919,6.3019504999999985,351.19846
91700,,,,,
91800,,,,,
91900,,,,,
92000,,,,,
92100,,,,,
92200,,,,,
92300,,,,,
92400,,,,,
92500,,,,,
92600,,,,,
92700,1508970733000.0,43.005307779808646,-78.78964228884631,7.319016,341.6877
92800,,,,,
92900,,,,,
93000,,,,,
93100,,,,,
93200,,,,,
93300,,,,,
93400,,,,,
93500,,,,,
93600,1508970734000.0,43.00536973791999,-78.78968403118245,7.839353,327.8162
93700,,,,,
93800,,,,,
93900,,,,,
94000,,,,,
94100,,,,,
94200,,,,,
94300,,,,,
94400,,,,,
94500,,,,,
94600,1508970735000.0,43.00543202248022,-78.7897493482697,8.913466,316.3207
94700,,,,,
94800,,,,,
94900,,,,,
95000,,,,,
95100,,,,,
95200,,,,,
95300,,,,,
95400,,,,,
95500,,,,,
95600,,,,,
95700,1508970736000.0,43.005483487336576,-78.78984055077525,9.26208,300.23068
95800,,,,,
95900,,,,,
96000,,,,,
96100,,,,,
96200,,,,,
96300,,,,,
96400,,,,,
96500,,,,,
96600,1508970737000.0,43.00552243107642,-78.78995311628242,10.116567,289.1368700000001
96700,,,,,
96800,,,,,
96900,,,,,
97000,,,,,
97100,,,,,
97200,,,,,
97300,,,,,
97400,,,,,
97500,,,,,
97600,,,,,
97700,1508970738000.0,43.005546864264886,-78.79008785989288,11.476628,278.19247
97800,,,,,
97900,,,,,
98000,,,,,
98100,,,,,
98200,,,,,
98300,,,,,
98400,,,,,
98500,,,,,
98600,,,,,
98700,1508970739000.0,43.00555823182122,-78.79023900033567,12.5716915,271.92465
98800,,,,,
98900,,,,,
99000,,,,,
99100,,,,,
99200,,,,,
99300,,,,,
99400,,,,,
99500,,,,,
99600,1508970740000.0,43.005559409868624,-78.79040371053658,13.11262,269.98117
99700,,,,,
99800,,,,,
99900,,,,,
100000,,,,,
100100,,,,,
100200,,,,,
100300,,,,,
100400,,,,,
100500,,,,,
100600,,,,,
100700,1508970741000.0,43.00555922879815,-78.79057262408888,13.588045,270.22003
100800,,,,,
100900,,,,,
101000,,,,,
101100,,,,,
101200,,,,,
101300,,,,,
101400,,,,,
101500,,,,,
101600,1508970742000.0,43.0055578111869,-78.79074668731086,14.1814575,269.69885
101700,,,,,
101800,,,,,
101900,,,,,
102000,,,,,
102100,,,,,
102200,,,,,
102300,,,,,
102400,,,,,
102500,,,,,
102600,1508970743000.0,43.005556531057614,-78.79092492924327,14.717413,270.17462
102700,,,,,
102800,,,,,
102900,,,,,
103000,,,,,
103100,,,,,
103200,,,,,
103300,,,,,
103400,,,,,
103500,,,,,
103600,1508970744000.0,43.00555428587551,-78.79110853201837,15.245102,269.92258
103700,,,,,
103800,,,,,
103900,,,,,
104000,,,,,
104100,,,,,
104200,,,,,
104300,,,,,
104400,,,,,
104500,,,,,
104600,1508970745000.0,43.00555337436729,-78.79129953632945,15.943613,270.17004
104700,,,,,
104800,,,,,
104900,,,,,
105000,,,,,
105100,,,,,
105200,,,,,
105300,,,,,
105400,,,,,
105500,,,,,
105600,,,,,
105700,1508970746000.0,43.005553097590536,-78.79149735175392,16.339935,270.22815
105800,,,,,
105900,,,,,
106000,,,,,
106100,,,,,
106200,,,,,
106300,,,,,
106400,,,,,
106500,,,,,
106600,1508970747000.0,43.005552536617316,-78.79169882182464,16.709982,270.09814
106700,,,,,
106800,,,,,
106900,,,,,
107000,,,,,
107100,,,,,
107200,,,,,
107300,,,,,
107400,,,,,
107500,,,,,
107600,,,,,
107700,1508970748000.0,43.00555208090496,-78.79190451211963,17.182692000000007,269.69507000000004
107800,,,,,
107900,,,,,
108000,,,,,
108100,,,,,
108200,,,,,
108300,,,,,
108400,,,,,
108500,,,,,
108600,1508970749000.0,43.005548994197795,-78.79211377003436,17.241503,269.068
108700,,,,,
108800,,,,,
108900,,,,,
109000,,,,,
109100,,,,,
109200,,,,,
109300,,,,,
109400,,,,,
109500,,,,,
109600,,,,,
109700,1508970750000.0,43.00554308639041,-78.79232613834087,17.598587,268.32986
109800,,,,,
109900,,,,,
110000,,,,,
110100,,,,,
110200,,,,,
110300,,,,,
110400,,,,,
110500,,,,,
110600,1508970751000.0,43.005535321735536,-78.79254493952014,18.025328,266.50815
110700,,,,,
110800,,,,,
110900,,,,,
111000,,,,,
111100,,,,,
111200,,,,,
111300,,,,,
111400,,,,,
111500,,,,,
111600,1508970752000.0,43.00552365516307,-78.79276591069329,18.00808,265.4667
111700,,,,,
111800,,,,,
111900,,,,,
112000,,,,,
112100,,,,,
112200,,,,,
112300,,,,,
112400,,,,,
112500,,,,,
112600,1508970753000.0,43.005505505855865,-78.79298930353319,18.415152,263.30312999999995
112700,,,,,
112800,,,,,
112900,,,,,
113000,,,,,
113100,,,,,
113200,,,,,
113300,,,,,
113400,,,,,
113500,,,,,
113600,1508970754000.0,43.005482079533756,-78.79321598045641,18.736189000000003,261.14648
113700,,,,,
113800,,,,,
113900,,,,,
114000,,,,,
114100,,,,,
114200,,,,,
114300,,,,,
114400,,,,,
114500,,,,,
114600,1508970755000.0,43.00545114519736,-78.7934444146078,18.939177,259.435
114700,,,,,
114800,,,,,
114900,,,,,
115000,,,,,
115100,,,,,
115200,,,,,
115300,,,,,
115400,,,,,
115500,,,,,
115600,1508970756000.0,43.00541631445153,-78.79367542424414,19.075085,258.1217
115700,,,,,
115800,,,,,
115900,,,,,
116000,,,,,
116100,,,,,
116200,,,,,
116300,,,,,
116400,,,,,
116500,,,,,
116600,1508970757000.0,43.00537672911943,-78.79390731856698,19.068594,256.5592
116700,,,,,
116800,,,,,
116900,,,,,
117000,,,,,
117100,,,,,
117200,,,,,
117300,,,,,
117400,,,,,
117500,,,,,
117600,1508970758000.0,43.005333789708345,-78.79413778006708,19.116142,254.77562000000003
117700,,,,,
117800,,,,,
117900,,,,,
118000,,,,,
118100,,,,,
118200,,,,,
118300,,,,,
118400,,,,,
118500,,,,,
118600,1508970759000.0,43.00528641046964,-78.7943654758222,19.0184,252.97063
118700,,,,,
118800,,,,,
118900,,,,,
119000,,,,,
119100,,,,,
119200,,,,,
119300,,,,,
119400,,,,,
119500,,,,,
119600,1508970760000.0,43.005234453926924,-78.79458990294323,19.074314,251.11732
119700,,,,,
119800,,,,,
119900,,,,,
120000,,,,,
120100,,,,,
120200,,,,,
120300,,,,,
120400,,,,,
120500,,,,,
120600,,,,,
120700,1508970761000.0,43.0051746163155,-78.79481199717274,19.309103,248.58961
120800,,,,,
120900,,,,,
121000,,,,,
121100,,,,,
121200,,,,,
121300,,,,,
121400,,,,,
121500,,,,,
121600,1508970762000.0,43.00510638900667,-78.79503142024468,19.55888,245.23476
121700,,,,,
121800,,,,,
121900,,,,,
122000,,,,,
122100,,,,,
122200,,,,,
122300,,,,,
122400,,,,,
122500,,,,,
122600,1508970763000.0,43.00502665869091,-78.79524632874427,19.799006,242.53955
122700,,,,,
122800,,,,,
122900,,,,,
123000,,,,,
123100,,,,,
123200,,,,,
123300,,,,,
123400,,,,,
123500,,,,,
123600,1508970764000.0,43.00493768545115,-78.7954563788757,19.709625,239.21822000000003
123700,,,,,
123800,,,,,
123900,,,,,
124000,,,,,
124100,,,,,
124200,,,,,
124300,,,,,
124400,,,,,
124500,,,,,
124600,1508970765000.0,43.00483797820622,-78.79565799122643,19.657473,235.22906
124700,,,,,
124800,,,,,
124900,,,,,
125000,,,,,
125100,,,,,
125200,,,,,
125300,,,,,
125400,,,,,
125500,,,,,
125600,,,,,
125700,1508970766000.0,43.00472908320465,-78.7958474094112,19.568483,230.67137
125800,,,,,
125900,,,,,
126000,,,,,
126100,,,,,
126200,,,,,
126300,,,,,
126400,,,,,
126500,,,,,
126600,,,,,
126700,1508970767000.0,43.00460982170105,-78.79602713297847,19.376368,227.10939
126800,,,,,
126900,,,,,
127000,,,,,
127100,,,,,
127200,,,,,
127300,,,,,
127400,,,,,
127500,,,,,
127600,1508970768000.0,43.004480898709076,-78.79619446154749,19.52218,222.44566
127700,,,,,
127800,,,,,
127900,,,,,
128000,,,,,
128100,,,,,
128200,,,,,
128300,,,,,
128400,,,,,
128500,,,,,
128600,,,,,
128700,1508970769000.0,43.00434207282319,-78.79634993300316,19.3922,218.80328
128800,,,,,
128900,,,,,
129000,,,,,
129100,,,,,
129200,,,,,
129300,,,,,
129400,,,,,
129500,,,,,
129600,1508970770000.0,43.004198010337895,-78.79648947694079,19.357464,215.36018
129700,,,,,
129800,,,,,
129900,,,,,
130000,,,,,
130100,,,,,
130200,,,,,
130300,,,,,
130400,,,,,
130500,,,,,
130600,1508970771000.0,43.004046167165654,-78.7966163025892,19.24109,211.33195
130700,,,,,
130800,,,,,
130900,,,,,
131000,,,,,
131100,,,,,
131200,,,,,
131300,,,,,
131400,,,,,
131500,,,,,
131600,1508970772000.0,43.00389001569257,-78.79673044790736,19.163078,207.57552
131700,,,,,
131800,,,,,
131900,,,,,
132000,,,,,
132100,,,,,
132200,,,,,
132300,,,,,
132400,,,,,
132500,,,,,
132600,,,,,
132700,1508970773000.0,43.00373008570218,-78.79683009357277,19.00788,204.25388
132800,,,,,
132900,,,,,
133000,,,,,
133100,,,,,
133200,,,,,
133300,,,,,
133400,,,,,
133500,,,,,
133600,,,,,
133700,1508970774000.0,43.00356913103958,-78.79691766220333,18.562578,201.31711
133800,,,,,
133900,,,,,
134000,,,,,
134100,,,,,
134200,,,,,
134300,,,,,
134400,,,,,
134500,,,,,
134600,1508970775000.0,43.003409423230174,-78.79699181891803,18.306643,197.99214
134700,,,,,
134800,,,,,
134900,,,,,
135000,,,,,
135100,,,,,
135200,,,,,
135300,,,,,
135400,,,,,
135500,,,,,
135600,1508970776000.0,43.00325044262434,-78.79705331876596,18.154331,195.58765
135700,,,,,
135800,,,,,
135900,,,,,
136000,,,,,
136100,,,,,
136200,,,,,
136300,,,,,
136400,,,,,
136500,,,,,
136600,,,,,
136700,1508970777000.0,43.00308959289907,-78.79710339516991,18.32289,191.02347
136800,,,,,
136900,,,,,
137000,,,,,
137100,,,,,
137200,,,,,
137300,,,,,
137400,,,,,
137500,,,,,
137600,1508970778000.0,43.00292613030367,-78.79713884955011,18.316551,187.39212
137700,,,,,
137800,,,,,
137900,,,,,
138000,,,,,
138100,,,,,
138200,,,,,
138300,,,,,
138400,,,,,
138500,,,,,
138600,,,,,
138700,1508970779000.0,43.00275796522536,-78.7971658246329,18.673613,185.35405
138800,,,,,
138900,,,,,
139000,,,,,
139100,,,,,
139200,,,,,
139300,,,,,
139400,,,,,
139500,,,,,
139600,,,,,
139700,1508970780000.0,43.0025900006772,-78.79717343484997,18.72025,180.27112
139800,,,,,
139900,,,,,
140000,,,,,
140100,,,,,
140200,,,,,
140300,,,,,
140400,,,,,
140500,,,,,
140600,1508970781000.0,43.00242230908572,-78.79716329423782,18.548035,176.70084
140700,,,,,
140800,,,,,
140900,,,,,
141000,,,,,
141100,,,,,
141200,,,,,
141300,,,,,
141400,,,,,
141500,,,,,
141600,1508970782000.0,43.00225888484772,-78.7971415020852,18.097597,174.72723
141700,,,,,
141800,,,,,
141900,,,,,
142000,,,,,
142100,,,,,
142200,,,,,
142300,,,,,
142400,,,,,
142500,,,,,
142600,1508970783000.0,43.002101456352186,-78.79711757393471,17.517661999999998,174.30615
142700,,,,,
142800,,,,,
142900,,,,,
143000,,,,,
143100,,,,,
143200,,,,,
143300,,,,,
143400,,,,,
143500,,,,,
143600,1508970784000.0,43.00194792475133,-78.79709491943538,17.109941,174.60359
143700,,,,,
143800,,,,,
143900,,,,,
144000,,,,,
144100,,,,,
144200,,,,,
144300,,,,,
144400,,,,,
144500,,,,,
144600,,,,,
144700,1508970785000.0,43.00179812286803,-78.79707502411817,16.634289000000006,175.24886
144800,,,,,
144900,,,,,
145000,,,,,
145100,,,,,
145200,,,,,
145300,,,,,
145400,,,,,
145500,,,,,
145600,,,,,
145700,1508970786000.0,43.00165283487195,-78.79706059221726,16.155174,176.82155
145800,,,,,
145900,,,,,
146000,,,,,
146100,,,,,
146200,,,,,
146300,,,,,
146400,,,,,
146500,,,,,
146600,,,,,
146700,1508970787000.0,43.00150985677953,-78.79705024140107,15.944779,176.90462
146800,,,,,
146900,,,,,
147000,,,,,
147100,,,,,
147200,,,,,
147300,,,,,
147400,,,,,
147500,,,,,
147600,1508970788000.0,43.00136939927904,-78.79704195257862,15.601378,177.95279
147700,,,,,
147800,,,,,
147900,,,,,
148000,,,,,
148100,,,,,
148200,,,,,
148300,,,,,
148400,,,,,
148500,,,,,
148600,,,,,
148700,1508970789000.0,43.001229976145744,-78.79703735210542,15.517093,178.56552
148800,,,,,
148900,,,,,
149000,,,,,
149100,,,,,
149200,,,,,
149300,,,,,
149400,,,,,
149500,,,,,
149600,,,,,
149700,1508970790000.0,43.001093553025434,-78.79703551666705,15.211257000000002,179.35304
149800,,,,,
149900,,,,,
150000,,,,,
150100,,,,,
150200,,,,,
150300,,,,,
150400,,,,,
150500,,,,,
150600,1508970791000.0,43.000961648049746,-78.79703642937353,14.424779999999998,180.69252
150700,,,,,
150800,,,,,
150900,,,,,
151000,,,,,
151100,,,,,
151200,,,,,
151300,,,,,
151400,,,,,
151500,,,,,
151600,1508970792000.0,43.00083591482027,-78.79704026961937,13.675515,180.87175
151700,,,,,
151800,,,,,
151900,,,,,
152000,,,,,
152100,,,,,
152200,,,,,
152300,,,,,
152400,,,,,
152500,,,,,
152600,,,,,
152700,1508970793000.0,43.00071878542945,-78.79704709637801,12.633949,181.6993
152800,,,,,
152900,,,,,
153000,,,,,
153100,,,,,
153200,,,,,
153300,,,,,
153400,,,,,
153500,,,,,
153600,,,,,
153700,1508970794000.0,43.00061063931739,-78.79705650168894,11.567709,182.37967
153800,,,,,
153900,,,,,
154000,,,,,
154100,,,,,
154200,,,,,
154300,,,,,
154400,,,,,
154500,,,,,
154600,1508970795000.0,43.000513615335656,-78.797068938301,10.292239,182.4399
154700,,,,,
154800,,,,,
154900,,,,,
155000,,,,,
155100,,,,,
155200,,,,,
155300,,,,,
155400,,,,,
155500,,,,,
155600,1508970796000.0,43.0004309368221,-78.79708195646778,8.812641000000003,183.40393
155700,,,,,
155800,,,,,
155900,,,,,
156000,,,,,
156100,,,,,
156200,,,,,
156300,,,,,
156400,,,,,
156500,,,,,
156600,1508970797000.0,43.00036073576122,-78.79709290396342,7.499213,182.04134
156700,,,,,
156800,,,,,
156900,,,,,
157000,,,,,
157100,,,,,
157200,,,,,
157300,,,,,
157400,,,,,
157500,,,,,
157600,1508970798000.0,43.000299456549826,-78.79710302827101,6.670639,184.43349
157700,,,,,
157800,,,,,
157900,,,,,
158000,,,,,
158100,,,,,
158200,,,,,
158300,,,,,
158400,,,,,
158500,,,,,
158600,1508970799000.0,43.000248697130544,-78.797111435574,5.3017917,186.61954
158700,,,,,
158800,,,,,
158900,,,,,
159000,,,,,
159100,,,,,
159200,,,,,
159300,,,,,
159400,,,,,
159500,,,,,
159600,1508970800000.0,43.00020948565653,-78.7971232204503,3.5593867,192.86546
159700,,,,,
159800,,,,,
159900,,,,,
160000,,,,,
160100,,,,,
160200,,,,,
160300,,,,,
160400,,,,,
160500,,,,,
160600,1508970801000.0,43.000186137585715,-78.797135991277,1.9271805,204.30515
160700,,,,,
160800,,,,,
160900,,,,,
161000,,,,,
161100,,,,,
161200,,,,,
161300,,,,,
161400,,,,,
161500,,,,,
161600,,,,,
161700,1508970802000.0,43.00017417240461,-78.7971472621507,1.3730868,219.5913
161800,,,,,
161900,,,,,
162000,,,,,
162100,,,,,
162200,,,,,
162300,,,,,
162400,,,,,
162500,,,,,
162600,1508970803000.0,43.000165414411775,-78.79716018001103,1.5730399,227.42036
162700,,,,,
162800,,,,,
162900,,,,,
163000,,,,,
163100,,,,,
163200,,,,,
163300,,,,,
163400,,,,,
163500,,,,,
163600,1508970804000.0,43.00015225213064,-78.79717971078728,2.8322706,229.1394
163700,,,,,
163800,,,,,
163900,,,,,
164000,,,,,
164100,,,,,
164200,,,,,
164300,,,,,
164400,,,,,
164500,,,,,
164600,,,,,
164700,1508970805000.0,43.00013187102781,-78.79721532070592,5.1439657,241.21292000000003
164800,,,,,
164900,,,,,
165000,,,,,
165100,,,,,
165200,,,,,
165300,,,,,
165400,,,,,
165500,,,,,
165600,1508970806000.0,43.000115841771795,-78.79727954587709,6.8102818,255.43951
165700,,,,,
165800,,,,,
165900,,,,,
166000,,,,,
166100,,,,,
166200,,,,,
166300,,,,,
166400,,,,,
166500,,,,,
166600,1508970807000.0,43.000109355897024,-78.79737059387787,7.9868917,266.19363
166700,,,,,
166800,,,,,
166900,,,,,
167000,,,,,
167100,,,,,
167200,,,,,
167300,,,,,
167400,,,,,
167500,,,,,
167600,1508970808000.0,43.000111112013634,-78.79747625481573,9.168433,271.85492
167700,,,,,
167800,,,,,
167900,,,,,
168000,,,,,
168100,,,,,
168200,,,,,
168300,,,,,
168400,,,,,
168500,,,,,
168600,,,,,
168700,1508970809000.0,43.00011622608981,-78.79759499898766,9.952477,274.34622
168800,,,,,
168900,,,,,
169000,,,,,
169100,,,,,
169200,,,,,
169300,,,,,
169400,,,,,
169500,,,,,
169600,,,,,
169700,1508970810000.0,43.00011931477917,-78.79771322081314,9.201234,273.03766
169800,,,,,
169900,,,,,
170000,,,,,
170100,,,,,
170200,,,,,
170300,,,,,
170400,,,,,
170500,,,,,
170600,1508970811000.0,43.000121337078,-78.79781323719163,7.238464,273.85153
170700,,,,,
170800,,,,,
170900,,,,,
171000,,,,,
171100,,,,,
171200,,,,,
171300,,,,,
171400,,,,,
171500,,,,,
171600,1508970812000.0,43.00012030702086,-78.79788736836909,5.056261,273.31946
171700,,,,,
171800,,,,,
171900,,,,,
172000,,,,,
172100,,,,,
172200,,,,,
172300,,,,,
172400,,,,,
172500,,,,,
172600,1508970813000.0,43.00011746701593,-78.7979381661678,3.3559556000000006,271.31818
172700,,,,,
172800,,,,,
172900,,,,,
173000,,,,,
173100,,,,,
173200,,,,,
173300,,,,,
173400,,,,,
173500,,,,,
173600,1508970814000.0,43.000117344990464,-78.79796919053726,2.006459,274.66200000000003
173700,,,,,
173800,,,,,
173900,,,,,
174000,,,,,
174100,,,,,
174200,,,,,
174300,,,,,
174400,,,,,
174500,,,,,
174600,1508970815000.0,43.000117189929675,-78.79798314677551,0.73643196,268.75595
174700,,,,,
174800,,,,,
174900,,,,,
175000,,,,,
175100,,,,,
175200,,,,,
175300,,,,,
175400,,,,,
175500,,,,,
175600,,,,,
175700,,,,,
175800,,,,,
175900,,,,,
176000,,,,,
176100,,,,,
176200,,,,,
176300,,,,,
176400,,,,,
176500,,,,,
176600,,,,,
176700,,,,,
176800,,,,,
176900,,,,,
177000,,,,,
177100,,,,,
177200,,,,,
177300,,,,,
177400,,,,,
177500,,,,,
177600,,,,,
177700,,,,,
177800,,,,,
177900,,,,,
178000,,,,,
178100,,,,,
178200,,,,,
178300,,,,,
178400,,,,,
178500,,,,,
178600,,,,,
178700,,,,,
178800,,,,,
178900,,,,,
179000,,,,,
179100,,,,,
179200,,,,,
179300,,,,,
179400,,,,,
179500,,,,,
179600,,,,,
179700,,,,,
179800,,,,,
179900,,,,,
180000,,,,,
180100,,,,,
180200,,,,,
180300,,,,,
180400,,,,,
180500,,,,,
180600,,,,,
180700,,,,,
180800,,,,,
180900,,,,,
181000,,,,,
181100,,,,,
181200,,,,,
181300,,,,,
181400,,,,,
181500,,,,,
181600,1508970822000.0,43.00011816562874,-78.79799560592564,1.286618,294.61502
181700,,,,,
181800,,,,,
181900,,,,,
182000,,,,,
182100,,,,,
182200,,,,,
182300,,,,,
182400,,,,,
182500,,,,,
182600,1508970823000.0,43.000117738330346,-78.79801795391279,2.2826226000000003,271.85532
182700,,,,,
182800,,,,,
182900,,,,,
183000,,,,,
183100,,,,,
183200,,,,,
183300,,,,,
183400,,,,,
183500,,,,,
183600,,,,,
183700,1508970824000.0,43.00011836647848,-78.79805655836805,3.8279464,269.67416000000003
183800,,,,,
183900,,,,,
184000,,,,,
184100,,,,,
184200,,,,,
184300,,,,,
184400,,,,,
184500,,,,,
184600,1508970825000.0,43.000114652854656,-78.7981100656888,4.6733904000000015,267.20908
184700,,,,,
184800,,,,,
184900,,,,,
185000,,,,,
185100,,,,,
185200,,,,,
185300,,,,,
185400,,,,,
185500,,,,,
185600,,,,,
185700,1508970826000.0,43.000109062753104,-78.798176193344,5.8123984,265.77856
185800,,,,,
185900,,,,,
186000,,,,,
186100,,,,,
186200,,,,,
186300,,,,,
186400,,,,,
186500,,,,,
186600,1508970827000.0,43.00010084338521,-78.79825345379166,6.519844,268.32983
186700,,,,,
186800,,,,,
186900,,,,,
187000,,,,,
187100,,,,,
187200,,,,,
187300,,,,,
187400,,,,,
187500,,,,,
187600,1508970828000.0,43.00009434469106,-78.79833857501498,7.012333,268.4901
187700,,,,,
187800,,,,,
187900,,,,,
188000,,,,,
188100,,,,,
188200,,,,,
188300,,,,,
188400,,,,,
188500,,,,,
188600,,,,,
188700,1508970829000.0,43.000089411438864,-78.79842655791008,6.92201,269.77164
188800,,,,,
188900,,,,,
189000,,,,,
189100,,,,,
189200,,,,,
189300,,,,,
189400,,,,,
189500,,,,,
189600,1508970830000.0,43.00009002233132,-78.79850777215866,6.198549,274.73923
189700,,,,,
189800,,,,,
189900,,,,,
190000,,,,,
190100,,,,,
190200,,,,,
190300,,,,,
190400,,,,,
190500,,,,,
190600,1508970831000.0,43.0001002140385,-78.79857456438349,5.604115,289.6176
190700,,,,,
190800,,,,,
190900,,,,,
191000,,,,,
191100,,,,,
191200,,,,,
191300,,,,,
191400,,,,,
191500,,,,,
191600,1508970832000.0,43.000129488953284,-78.79862960137287,5.865895,314.60635
191700,,,,,
191800,,,,,
191900,,,,,
192000,,,,,
192100,,,,,
192200,,,,,
192300,,,,,
192400,,,,,
192500,,,,,
192600,1508970833000.0,43.000180533570614,-78.7986668850747,7.2946315,338.87552
192700,,,,,
192800,,,,,
192900,,,,,
193000,,,,,
193100,,,,,
193200,,,,,
193300,,,,,
193400,,,,,
193500,,,,,
193600,1508970834000.0,43.00025182759654,-78.7986830181531,8.834997999999997,355.5814200000001
193700,,,,,
193800,,,,,
193900,,,,,
194000,,,,,
194100,,,,,
194200,,,,,
194300,,,,,
194400,,,,,
194500,,,,,
194600,,,,,
194700,1508970835000.0,43.00034263084303,-78.79868387006466,10.106156,0.88342035
194800,,,,,
194900,,,,,
195000,,,,,
195100,,,,,
195200,,,,,
195300,,,,,
195400,,,,,
195500,,,,,
195600,,,,,
195700,1508970836000.0,43.00044479445593,-78.79867528634503,11.355408,2.445735
195800,,,,,
195900,,,,,
196000,,,,,
196100,,,,,
196200,,,,,
196300,,,,,
196400,,,,,
196500,,,,,
196600,,,,,
196700,1508970837000.0,43.000558202383566,-78.79866566419915,12.583172,2.1225936
196800,,,,,
196900,,,,,
197000,,,,,
197100,,,,,
197200,,,,,
197300,,,,,
197400,,,,,
197500,,,,,
197600,,,,,
197700,1508970838000.0,43.00068088922978,-78.79865599279397,13.648894,2.0741806
197800,,,,,
197900,,,,,
198000,,,,,
198100,,,,,
198200,,,,,
198300,,,,,
198400,,,,,
198500,,,,,
198600,1508970839000.0,43.00081236721475,-78.79864741990531,14.743372,2.2580736
198700,,,,,
198800,,,,,
198900,,,,,
199000,,,,,
199100,,,,,
199200,,,,,
199300,,,,,
199400,,,,,
199500,,,,,
199600,1508970840000.0,43.000949663578545,-78.79863866727977,14.998952,2.5675116
199700,,,,,
199800,,,,,
199900,,,,,
200000,,,,,
200100,,,,,
200200,,,,,
200300,,,,,
200400,,,,,
200500,,,,,
200600,,,,,
200700,1508970841000.0,43.001092937692796,-78.79863227790945,16.074351999999998,0.63481164
200800,,,,,
200900,,,,,
201000,,,,,
201100,,,,,
201200,,,,,
201300,,,,,
201400,,,,,
201500,,,,,
201600,1508970842000.0,43.001246003969925,-78.79862968573279,16.911863,0.044417888
201700,,,,,
201800,,,,,
201900,,,,,
202000,,,,,
202100,,,,,
202200,,,,,
202300,,,,,
202400,,,,,
202500,,,,,
202600,,,,,
202700,1508970843000.0,43.00140663123064,-78.798628158521,17.39237,359.79965
202800,,,,,
202900,,,,,
203000,,,,,
203100,,,,,
203200,,,,,
203300,,,,,
203400,,,,,
203500,,,,,
203600,,,,,
203700,1508970844000.0,43.00157103927676,-78.79862588531842,17.94155,359.82547
203800,,,,,
203900,,,,,
204000,,,,,
204100,,,,,
204200,,,,,
204300,,,,,
204400,,,,,
204500,,,,,
204600,,,,,
204700,1508970845000.0,43.00173737183842,-78.79862443092709,17.938215,0.0074268063
204800,,,,,
204900,,,,,
205000,,,,,
205100,,,,,
205200,,,,,
205300,,,,,
205400,,,,,
205500,,,,,
205600,1508970846000.0,43.00190179372072,-78.79862453539694,18.042166,359.6924
205700,,,,,
205800,,,,,
205900,,,,,
206000,,,,,
206100,,,,,
206200,,,,,
206300,,,,,
206400,,,,,
206500,,,,,
206600,1508970847000.0,43.002064076986045,-78.79862470104986,17.563707,0.09605193
206700,,,,,
206800,,,,,
206900,,,,,
207000,,,,,
207100,,,,,
207200,,,,,
207300,,,,,
207400,,,,,
207500,,,,,
207600,1508970848000.0,43.002223622859326,-78.79862497642705,17.372341,359.9675
207700,,,,,
207800,,,,,
207900,,,,,
208000,,,,,
208100,,,,,
208200,,,,,
208300,,,,,
208400,,,,,
208500,,,,,
208600,1508970849000.0,43.00237891468582,-78.79862614268262,16.94049,359.72424
208700,,,,,
208800,,,,,
208900,,,,,
209000,,,,,
209100,,,,,
209200,,,,,
209300,,,,,
209400,,,,,
209500,,,,,
209600,,,,,
209700,1508970850000.0,43.00252970516487,-78.79862692640282,16.520546,359.95337
209800,,,,,
209900,,,,,
210000,,,,,
210100,,,,,
210200,,,,,
210300,,,,,
210400,,,,,
210500,,,,,
210600,1508970851000.0,43.002676023329,-78.79862734669858,15.731193,359.3821700000001
210700,,,,,
210800,,,,,
210900,,,,,
211000,,,,,
211100,,,,,
211200,,,,,
211300,,,,,
211400,,,,,
211500,,,,,
211600,,,,,
211700,1508970852000.0,43.002813075573684,-78.79863099049945,14.653991,357.55032
211800,,,,,
211900,,,,,
212000,,,,,
212100,,,,,
212200,,,,,
212300,,,,,
212400,,,,,
212500,,,,,
212600,,,,,
212700,1508970853000.0,43.00294184016647,-78.7986382560453,13.77982,356.1459
212800,,,,,
212900,,,,,
213000,,,,,
213100,,,,,
213200,,,,,
213300,,,,,
213400,,,,,
213500,,,,,
213600,,,,,
213700,1508970854000.0,43.00306417755992,-78.79864877031059,13.1961975,355.5829
213800,,,,,
213900,,,,,
214000,,,,,
214100,,,,,
214200,,,,,
214300,,,,,
214400,,,,,
214500,,,,,
214600,1508970855000.0,43.003177486888845,-78.79866018209151,12.216705,355.73804
214700,,,,,
214800,,,,,
214900,,,,,
215000,,,,,
215100,,,,,
215200,,,,,
215300,,,,,
215400,,,,,
215500,,,,,
215600,1508970856000.0,43.003279853562276,-78.79866841157741,11.029427,356.5657
215700,,,,,
215800,,,,,
215900,,,,,
216000,,,,,
216100,,,,,
216200,,,,,
216300,,,,,
216400,,,,,
216500,,,,,
216600,,,,,
216700,1508970857000.0,43.0033707069441,-78.7986747072664,9.48303,357.51416
216800,,,,,
216900,,,,,
217000,,,,,
217100,,,,,
217200,,,,,
217300,,,,,
217400,,,,,
217500,,,,,
217600,1508970858000.0,43.00344702706146,-78.79867745731278,7.9187574,359.80142
217700,,,,,
217800,,,,,
217900,,,,,
218000,,,,,
218100,,,,,
218200,,,,,
218300,,,,,
218400,,,,,
218500,,,,,
218600,1508970859000.0,43.00350906221132,-78.79867816595801,6.431264,359.00137
218700,,,,,
218800,,,,,
218900,,,,,
219000,,,,,
219100,,,,,
219200,,,,,
219300,,,,,
219400,,,,,
219500,,,,,
219600,,,,,
219700,1508970860000.0,43.00355658401572,-78.79867613496165,4.870243,0.73466194
219800,,,,,
219900,,,,,
220000,,,,,
220100,,,,,
220200,,,,,
220300,,,,,
220400,,,,,
220500,,,,,
220600,1508970861000.0,43.0035930120416,-78.79867427019884,3.7123094,358.38403
220700,,,,,
220800,,,,,
220900,,,,,
221000,,,,,
221100,,,,,
221200,,,,,
221300,,,,,
221400,,,,,
221500,,,,,
221600,,,,,
221700,1508970862000.0,43.0036178518957,-78.79867277395712,2.4680424,359.88727
221800,,,,,
221900,,,,,
222000,,,,,
222100,,,,,
222200,,,,,
222300,,,,,
222400,,,,,
222500,,,,,
222600,,,,,
222700,1508970863000.0,43.0036333048993,-78.79867033969764,1.3890569,2.747833
222800,,,,,
222900,,,,,
223000,,,,,
223100,,,,,
223200,,,,,
223300,,,,,
223400,,,,,
223500,,,,,
223600,,,,,
223700,,,,,
223800,,,,,
223900,,,,,
224000,,,,,
224100,,,,,
224200,,,,,
224300,,,,,
224400,,,,,
224500,,,,,
224600,,,,,
224700,,,,,
224800,,,,,
224900,,,,,
225000,,,,,
225100,,,,,
225200,,,,,
225300,,,,,
225400,,,,,
225500,,,,,
225600,,,,,
225700,,,,,
225800,,,,,
225900,,,,,
226000,,,,,
226100,,,,,
226200,,,,,
226300,,,,,
226400,,,,,
226500,,,,,
226600,,,,,
226700,,,,,
226800,,,,,
226900,,,,,
227000,,,,,
227100,,,,,
227200,,,,,
227300,,,,,
227400,,,,,
227500,,,,,
227600,,,,,
227700,,,,,
227800,,,,,
227900,,,,,
228000,,,,,
228100,,,,,
228200,,,,,
228300,,,,,
228400,,,,,
228500,,,,,
228600,,,,,
228700,,,,,
228800,,,,,
228900,,,,,
229000,,,,,
229100,,,,,
229200,,,,,
229300,,,,,
229400,,,,,
229500,,,,,
229600,,,,,
229700,,,,,
229800,,,,,
229900,,,,,
230000,,,,,
230100,,,,,
230200,,,,,
230300,,,,,
230400,,,,,
230500,,,,,
230600,,,,,
230700,,,,,
230800,,,,,
230900,,,,,
231000,,,,,
231100,,,,,
231200,,,,,
231300,,,,,
231400,,,,,
231500,,,,,
231600,,,,,
231700,,,,,
231800,,,,,
231900,,,,,
232000,,,,,
232100,,,,,
232200,,,,,
232300,,,,,
232400,,,,,
232500,,,,,
232600,,,,,
232700,,,,,
232800,,,,,
232900,,,,,
233000,,,,,
233100,,,,,
233200,,,,,
233300,,,,,
233400,,,,,
233500,,,,,
233600,,,,,
233700,,,,,
233800,,,,,
233900,,,,,
234000,,,,,
234100,,,,,
234200,,,,,
234300,,,,,
234400,,,,,
234500,,,,,
234600,,,,,
234700,,,,,
234800,,,,,
234900,,,,,
235000,,,,,
235100,,,,,
235200,,,,,
235300,,,,,
235400,,,,,
235500,,,,,
235600,,,,,
235700,,,,,
235800,,,,,
235900,,,,,
236000,,,,,
236100,,,,,
236200,,,,,
236300,,,,,
236400,,,,,
236500,,,,,
236600,,,,,
236700,,,,,
236800,,,,,
236900,,,,,
237000,,,,,
237100,,,,,
237200,,,,,
237300,,,,,
237400,,,,,
237500,,,,,
237600,,,,,
237700,,,,,
237800,,,,,
237900,,,,,
238000,,,,,
238100,,,,,
238200,,,,,
238300,,,,,
238400,,,,,
238500,,,,,
238600,,,,,
238700,,,,,
238800,,,,,
238900,,,,,
239000,,,,,
239100,,,,,
239200,,,,,
239300,,,,,
239400,,,,,
239500,,,,,
239600,,,,,
239700,,,,,
239800,,,,,
239900,,,,,
240000,,,,,
240100,,,,,
240200,,,,,
240300,,,,,
240400,,,,,
240500,,,,,
240600,,,,,
240700,,,,,
240800,,,,,
240900,,,,,
241000,,,,,
241100,,,,,
241200,,,,,
241300,,,,,
241400,,,,,
241500,,,,,
241600,,,,,
241700,,,,,
241800,,,,,
241900,,,,,
242000,,,,,
242100,,,,,
242200,,,,,
242300,,,,,
242400,,,,,
242500,,,,,
242600,,,,,
242700,,,,,
242800,,,,,
242900,,,,,
243000,,,,,
243100,,,,,
243200,,,,,
243300,,,,,
243400,,,,,
243500,,,,,
243600,,,,,
243700,,,,,
243800,,,,,
243900,,,,,
244000,,,,,
244100,,,,,
244200,,,,,
244300,,,,,
244400,,,,,
244500,,,,,
244600,,,,,
244700,,,,,
244800,,,,,
244900,,,,,
245000,,,,,
245100,,,,,
245200,,,,,
245300,,,,,
245400,,,,,
245500,,,,,
245600,,,,,
245700,,,,,
245800,,,,,
245900,,,,,
246000,,,,,
246100,,,,,
246200,,,,,
246300,,,,,
246400,,,,,
246500,,,,,
246600,1508970887000.0,43.00364775593648,-78.79866690839927,1.4590499,6.1210065
246700,,,,,
246800,,,,,
246900,,,,,
247000,,,,,
247100,,,,,
247200,,,,,
247300,,,,,
247400,,,,,
247500,,,,,
247600,,,,,
247700,1508970888000.0,43.00367157701585,-78.79866249895973,3.3826423,2.3321908
247800,,,,,
247900,,,,,
248000,,,,,
248100,,,,,
248200,,,,,
248300,,,,,
248400,,,,,
248500,,,,,
248600,1508970889000.0,43.00371385982632,-78.79866039993583,5.387256,0.7879529000000001
248700,,,,,
248800,,,,,
248900,,,,,
249000,,,,,
249100,,,,,
249200,,,,,
249300,,,,,
249400,,,,,
249500,,,,,
249600,1508970890000.0,43.003773830510674,-78.79866087468133,7.25275,0.43481782
249700,,,,,
249800,,,,,
249900,,,,,
250000,,,,,
250100,,,,,
250200,,,,,
250300,,,,,
250400,,,,,
250500,,,,,
250600,,,,,
250700,1508970891000.0,43.003850364227695,-78.79866158268166,8.993958000000003,0.05564911
250800,,,,,
250900,,,,,
251000,,,,,
251100,,,,,
251200,,,,,
251300,,,,,
251400,,,,,
251500,,,,,
251600,1508970892000.0,43.00394168631508,-78.79866416393354,10.356737,359.58936
251700,,,,,
251800,,,,,
251900,,,,,
252000,,,,,
252100,,,,,
252200,,,,,
252300,,,,,
252400,,,,,
252500,,,,,
252600,,,,,
252700,1508970893000.0,43.00404053760892,-78.79866881936431,10.332233,359.4127200000001
252800,,,,,
252900,,,,,
253000,,,,,
253100,,,,,
253200,,,,,
253300,,,,,
253400,,,,,
253500,,,,,
253600,1508970894000.0,43.00413479658851,-78.79867515808981,9.59959,357.3245
253700,,,,,
253800,,,,,
253900,,,,,
254000,,,,,
254100,,,,,
254200,,,,,
254300,,,,,
254400,,,,,
254500,,,,,
254600,1508970895000.0,43.004215613195306,-78.798686216671,7.721989,350.80667
254700,,,,,
254800,,,,,
254900,,,,,
255000,,,,,
255100,,,,,
255200,,,,,
255300,,,,,
255400,,,,,
255500,,,,,
255600,,,,,
255700,1508970896000.0,43.00427724135701,-78.79871578582478,6.145384,327.80246
255800,,,,,
255900,,,,,
256000,,,,,
256100,,,,,
256200,,,,,
256300,,,,,
256400,,,,,
256500,,,,,
256600,1508970897000.0,43.00432394276943,-78.79876476362801,6.443754,310.5471
256700,,,,,
256800,,,,,
256900,,,,,
257000,,,,,
257100,,,,,
257200,,,,,
257300,,,,,
257400,,,,,
257500,,,,,
257600,,,,,
257700,1508970898000.0,43.00435805971561,-78.79882974322133,6.647112,296.62933
257800,,,,,
257900,,,,,
258000,,,,,
258100,,,,,
258200,,,,,
258300,,,,,
258400,,,,,
258500,,,,,
258600,1508970899000.0,43.00437418007412,-78.79890945239833,7.207002,276.0838
258700,,,,,
258800,,,,,
258900,,,,,
259000,,,,,
259100,,,,,
259200,,,,,
259300,,,,,
259400,,,,,
259500,,,,,
259600,1508970900000.0,43.00437236888408,-78.79899937446359,7.8425865,264.94305
259700,,,,,
259800,,,,,
259900,,,,,
260000,,,,,
260100,,,,,
260200,,,,,
260300,,,,,
260400,,,,,
260500,,,,,
260600,,,,,
260700,1508970901000.0,43.004361649820396,-78.79909360038134,7.8774419999999985,263.7121
260800,,,,,
260900,,,,,
261000,,,,,
261100,,,,,
261200,,,,,
261300,,,,,
261400,,,,,
261500,,,,,
261600,,,,,
261700,1508970902000.0,43.004352047789936,-78.79919800016256,8.876741,265.33267
261800,,,,,
261900,,,,,
262000,,,,,
262100,,,,,
262200,,,,,
262300,,,,,
262400,,,,,
262500,,,,,
262600,,,,,
262700,1508970903000.0,43.00434405004754,-78.79931415435182,9.889067,267.54022000000003
262800,,,,,
262900,,,,,
263000,,,,,
263100,,,,,
263200,,,,,
263300,,,,,
263400,,,,,
263500,,,,,
263600,,,,,
263700,1508970904000.0,43.004339448895294,-78.79944730531757,11.088477,270.1642
263800,,,,,
263900,,,,,
264000,,,,,
264100,,,,,
264200,,,,,
264300,,,,,
264400,,,,,
264500,,,,,
264600,1508970905000.0,43.00433810601416,-78.79959268072966,12.105424,271.87775
264700,,,,,
264800,,,,,
264900,,,,,
265000,,,,,
265100,,,,,
265200,,,,,
265300,,,,,
265400,,,,,
265500,,,,,
265600,1508970906000.0,43.00433813539177,-78.79974648691595,12.3174095,271.5615
265700,,,,,
265800,,,,,
265900,,,,,
266000,,,,,
266100,,,,,
266200,,,,,
266300,,,,,
266400,,,,,
266500,,,,,
266600,,,,,
266700,1508970907000.0,43.004335605808905,-78.79990105851107,12.217819,270.48138
266800,,,,,
266900,,,,,
267000,,,,,
267100,,,,,
267200,,,,,
267300,,,,,
267400,,,,,
267500,,,,,
267600,,,,,
267700,1508970908000.0,43.0043336085344,-78.8000561218289,12.473937,270.61063
267800,,,,,
267900,,,,,
268000,,,,,
268100,,,,,
268200,,,,,
268300,,,,,
268400,,,,,
268500,,,,,
268600,1508970909000.0,43.00432984137772,-78.80021047653075,12.262738,269.14606000000003
268700,,,,,
268800,,,,,
268900,,,,,
269000,,,,,
269100,,,,,
269200,,,,,
269300,,,,,
269400,,,,,
269500,,,,,
269600,1508970910000.0,43.004322945441615,-78.80036463137678,12.011073,268.8191
269700,,,,,
269800,,,,,
269900,,,,,
270000,,,,,
270100,,,,,
270200,,,,,
270300,,,,,
270400,,,,,
270500,,,,,
270600,1508970911000.0,43.00432116725113,-78.80051418250987,11.681731,271.8578
270700,,,,,
270800,,,,,
270900,,,,,
271000,,,,,
271100,,,,,
271200,,,,,
271300,,,,,
271400,,,,,
271500,,,,,
271600,1508970912000.0,43.0043254841626,-78.8006603905238,11.7332535,271.64325
271700,,,,,
271800,,,,,
271900,,,,,
272000,,,,,
272100,,,,,
272200,,,,,
272300,,,,,
272400,,,,,
272500,,,,,
272600,1508970913000.0,43.00432786463399,-78.8008094703817,11.909096,271.4036
272700,,,,,
272800,,,,,
272900,,,,,
273000,,,,,
273100,,,,,
273200,,,,,
273300,,,,,
273400,,,,,
273500,,,,,
273600,1508970914000.0,43.004330389175074,-78.8009598350834,11.960451,270.56247
273700,,,,,
273800,,,,,
273900,,,,,
274000,,,,,
274100,,,,,
274200,,,,,
274300,,,,,
274400,,,,,
274500,,,,,
274600,1508970915000.0,43.00433086996832,-78.801112328181,12.223435,268.90088
274700,,,,,
274800,,,,,
274900,,,,,
275000,,,,,
275100,,,,,
275200,,,,,
275300,,,,,
275400,,,,,
275500,,,,,
275600,1508970916000.0,43.00433107465045,-78.8012682163273,12.426841,270.26093
275700,,,,,
275800,,,,,
275900,,,,,
276000,,,,,
276100,,,,,
276200,,,,,
276300,,,,,
276400,,,,,
276500,,,,,
276600,1508970917000.0,43.0043302614676,-78.80142819011107,12.79874,270.42642
276700,,,,,
276800,,,,,
276900,,,,,
277000,,,,,
277100,,,,,
277200,,,,,
277300,,,,,
277400,,,,,
277500,,,,,
277600,,,,,
277700,1508970918000.0,43.00433031828389,-78.80159123834137,13.19263,269.95218
277800,,,,,
277900,,,,,
278000,,,,,
278100,,,,,
278200,,,,,
278300,,,,,
278400,,,,,
278500,,,,,
278600,1508970919000.0,43.004330519256584,-78.80175735759039,13.4789715,269.5956
278700,,,,,
278800,,,,,
278900,,,,,
279000,,,,,
279100,,,,,
279200,,,,,
279300,,,,,
279400,,,,,
279500,,,,,
279600,1508970920000.0,43.0043295821651,-78.80192455520472,13.781144,269.54004
279700,,,,,
279800,,,,,
279900,,,,,
280000,,,,,
280100,,,,,
280200,,,,,
280300,,,,,
280400,,,,,
280500,,,,,
280600,,,,,
280700,1508970921000.0,43.00433073787925,-78.80209964898084,14.381631,271.15802
280800,,,,,
280900,,,,,
281000,,,,,
281100,,,,,
281200,,,,,
281300,,,,,
281400,,,,,
281500,,,,,
281600,1508970922000.0,43.004333472114745,-78.80228190270961,14.925798,270.75137
281700,,,,,
281800,,,,,
281900,,,,,
282000,,,,,
282100,,,,,
282200,,,,,
282300,,,,,
282400,,,,,
282500,,,,,
282600,,,,,
282700,1508970923000.0,43.00433323047887,-78.80247069278184,15.413723999999998,269.51645
282800,,,,,
282900,,,,,
283000,,,,,
283100,,,,,
283200,,,,,
283300,,,,,
283400,,,,,
283500,,,,,
283600,1508970924000.0,43.004339635550785,-78.8026615052328,15.677998,273.07666
283700,,,,,
283800,,,,,
283900,,,,,
284000,,,,,
284100,,,,,
284200,,,,,
284300,,,,,
284400,,,,,
284500,,,,,
284600,1508970925000.0,43.004348234580796,-78.8028587450199,16.383516,275.40283
284700,,,,,
284800,,,,,
284900,,,,,
285000,,,,,
285100,,,,,
285200,,,,,
285300,,,,,
285400,,,,,
285500,,,,,
285600,,,,,
285700,1508970926000.0,43.0043640707277,-78.80304612426156,14.7505665,276.55945
285800,,,,,
285900,,,,,
286000,,,,,
286100,,,,,
286200,,,,,
286300,,,,,
286400,,,,,
286500,,,,,
286600,1508970927000.0,43.004384554503524,-78.8032233402471,14.705973,280.2
286700,,,,,
286800,,,,,
286900,,,,,
287000,,,,,
287100,,,,,
287200,,,,,
287300,,,,,
287400,,,,,
287500,,,,,
287600,,,,,
287700,1508970928000.0,43.004412736267284,-78.80339475579659,14.478693,282.5090600000001
287800,,,,,
287900,,,,,
288000,,,,,
288100,,,,,
288200,,,,,
288300,,,,,
288400,,,,,
288500,,,,,
288600,1508970929000.0,43.00444304027429,-78.8035702640619,14.788623,284.52087
288700,,,,,
288800,,,,,
288900,,,,,
289000,,,,,
289100,,,,,
289200,,,,,
289300,,,,,
289400,,,,,
289500,,,,,
289600,1508970930000.0,43.004473274888696,-78.8037437686683,14.111678,286.1291
289700,,,,,
289800,,,,,
289900,,,,,
290000,,,,,
290100,,,,,
290200,,,,,
290300,,,,,
290400,,,,,
290500,,,,,
290600,1508970931000.0,43.0045075739134,-78.8039082998593,13.913837,285.86163
290700,,,,,
290800,,,,,
290900,,,,,
291000,,,,,
291100,,,,,
291200,,,,,
291300,,,,,
291400,,,,,
291500,,,,,
291600,1508970932000.0,43.004540584612094,-78.80406707943447,13.812752,286.5743
291700,,,,,
291800,,,,,
291900,,,,,
292000,,,,,
292100,,,,,
292200,,,,,
292300,,,,,
292400,,,,,
292500,,,,,
292600,1508970933000.0,43.004580912928546,-78.8042263591649,14.010418,285.1484
292700,,,,,
292800,,,,,
292900,,,,,
293000,,,,,
293100,,,,,
293200,,,,,
293300,,,,,
293400,,,,,
293500,,,,,
293600,,,,,
293700,1508970934000.0,43.004617025301215,-78.80438886543568,13.800679999999998,283.6636
293800,,,,,
293900,,,,,
294000,,,,,
294100,,,,,
294200,,,,,
294300,,,,,
294400,,,,,
294500,,,,,
294600,,,,,
294700,1508970935000.0,43.00464313604559,-78.80454478827875,13.3707905,278.84268
294800,,,,,
294900,,,,,
295000,,,,,
295100,,,,,
295200,,,,,
295300,,,,,
295400,,,,,
295500,,,,,
295600,,,,,
295700,1508970936000.0,43.004658943160464,-78.80470238007744,12.908887,274.91275
295800,,,,,
295900,,,,,
296000,,,,,
296100,,,,,
296200,,,,,
296300,,,,,
296400,,,,,
296500,,,,,
296600,,,,,
296700,1508970937000.0,43.004663801770704,-78.80485869649641,12.418719,270.5727
296800,,,,,
296900,,,,,
297000,,,,,
297100,,,,,
297200,,,,,
297300,,,,,
297400,,,,,
297500,,,,,
297600,,,,,
297700,1508970938000.0,43.00466465992049,-78.8050099042531,11.807598,269.51157
297800,,,,,
297900,,,,,
298000,,,,,
298100,,,,,
298200,,,,,
298300,,,,,
298400,,,,,
298500,,,,,
298600,,,,,
298700,1508970939000.0,43.00466329362976,-78.8051549576813,11.396676,268.63254
298800,,,,,
298900,,,,,
299000,,,,,
299100,,,,,
299200,,,,,
299300,,,,,
299400,,,,,
299500,,,,,
299600,1508970940000.0,43.00465865201845,-78.80529874345636,11.437968,267.1202
299700,,,,,
299800,,,,,
299900,,,,,
300000,,,,,
300100,,,,,
300200,,,,,
300300,,,,,
300400,,,,,
300500,,,,,
300600,1508970941000.0,43.00465421041562,-78.80544620909109,11.988322,266.50238
300700,,,,,
300800,,,,,
300900,,,,,
301000,,,,,
301100,,,,,
301200,,,,,
301300,,,,,
301400,,,,,
301500,,,,,
301600,1508970942000.0,43.004651431181905,-78.805595981339,11.87921,267.88474
301700,,,,,
301800,,,,,
301900,,,,,
302000,,,,,
302100,,,,,
302200,,,,,
302300,,,,,
302400,,,,,
302500,,,,,
302600,,,,,
302700,1508970943000.0,43.004655556585405,-78.80572619332584,10.359193,270.82428
302800,,,,,
302900,,,,,
303000,,,,,
303100,,,,,
303200,,,,,
303300,,,,,
303400,,,,,
303500,,,,,
303600,1508970944000.0,43.00465505987611,-78.8058396986885,7.929634599999999,265.4179
303700,,,,,
303800,,,,,
303900,,,,,
304000,,,,,
304100,,,,,
304200,,,,,
304300,,,,,
304400,,,,,
304500,,,,,
304600,1508970945000.0,43.004651177403964,-78.80591879560806,5.207782,270.2983
304700,,,,,
304800,,,,,
304900,,,,,
305000,,,,,
305100,,,,,
305200,,,,,
305300,,,,,
305400,,,,,
305500,,,,,
305600,1508970946000.0,43.00465193965943,-78.80597035485484,3.6167095,277.71454
305700,,,,,
305800,,,,,
305900,,,,,
306000,,,,,
306100,,,,,
306200,,,,,
306300,,,,,
306400,,,,,
306500,,,,,
306600,1508970947000.0,43.004654105848026,-78.80600877245152,3.1027308,277.6642
306700,,,,,
306800,,,,,
306900,,,,,
307000,,,,,
307100,,,,,
307200,,,,,
307300,,,,,
307400,,,,,
307500,,,,,
307600,,,,,
307700,1508970948000.0,43.00465918680352,-78.80604827618558,3.2902187999999994,276.2118
307800,,,,,
307900,,,,,
308000,,,,,
308100,,,,,
308200,,,,,
308300,,,,,
308400,,,,,
308500,,,,,
308600,,,,,
308700,1508970949000.0,43.0046637017169,-78.80609714885895,4.5599003,277.9691
308800,,,,,
308900,,,,,
309000,,,,,
309100,,,,,
309200,,,,,
309300,,,,,
309400,,,,,
309500,,,,,
309600,1508970950000.0,43.00466704837383,-78.80616269125862,6.0891449999999985,271.47308
309700,,,,,
309800,,,,,
309900,,,,,
310000,,,,,
310100,,,,,
310200,,,,,
310300,,,,,
310400,,,,,
310500,,,,,
310600,1508970951000.0,43.004664533870155,-78.80624999548705,7.7811365000000015,269.22723
310700,,,,,
310800,,,,,
310900,,,,,
311000,,,,,
311100,,,,,
311200,,,,,
311300,,,,,
311400,,,,,
311500,,,,,
311600,1508970952000.0,43.00466157926407,-78.80635813244953,9.410874,269.08994
311700,,,,,
311800,,,,,
311900,,,,,
312000,,,,,
312100,,,,,
312200,,,,,
312300,,,,,
312400,,,,,
312500,,,,,
312600,,,,,
312700,1508970953000.0,43.00465995012808,-78.80648536395427,10.660234,269.6747
312800,,,,,
312900,,,,,
313000,,,,,
313100,,,,,
313200,,,,,
313300,,,,,
313400,,,,,
313500,,,,,
313600,1508970954000.0,43.00465712560459,-78.80662846800368,11.86596,270.30066
313700,,,,,
313800,,,,,
313900,,,,,
314000,,,,,
314100,,,,,
314200,,,,,
314300,,,,,
314400,,,,,
314500,,,,,
314600,,,,,
314700,1508970955000.0,43.00465423528287,-78.80678687018188,12.842548,269.81662
314800,,,,,
314900,,,,,
315000,,,,,
315100,,,,,
315200,,,,,
315300,,,,,
315400,,,,,
315500,,,,,
315600,1508970956000.0,43.00465192718062,-78.80695883349394,13.981365,269.14825
315700,,,,,
315800,,,,,
315900,,,,,
316000,,,,,
316100,,,,,
316200,,,,,
316300,,,,,
316400,,,,,
316500,,,,,
316600,1508970957000.0,43.00464632738184,-78.80713838913096,14.400239,269.05536
316700,,,,,
316800,,,,,
316900,,,,,
317000,,,,,
317100,,,,,
317200,,,,,
317300,,,,,
317400,,,,,
317500,,,,,
317600,1508970958000.0,43.00464071244818,-78.80732405229077,14.879929999999998,268.22867
317700,,,,,
317800,,,,,
317900,,,,,
318000,,,,,
318100,,,,,
318200,,,,,
318300,,,,,
318400,,,,,
318500,,,,,
318600,1508970959000.0,43.00463492337777,-78.80750855541412,14.479902,268.37726000000004
318700,,,,,
318800,,,,,
318900,,,,,
319000,,,,,
319100,,,,,
319200,,,,,
319300,,,,,
319400,,,,,
319500,,,,,
319600,,,,,
319700,1508970960000.0,43.0046278277014,-78.80768805871561,14.290765,265.84512
319800,,,,,
319900,,,,,
320000,,,,,
320100,,,,,
320200,,,,,
320300,,,,,
320400,,,,,
320500,,,,,
320600,1508970961000.0,43.00462214446374,-78.80786387434566,13.990484,269.13153
320700,,,,,
320800,,,,,
320900,,,,,
321000,,,,,
321100,,,,,
321200,,,,,
321300,,,,,
321400,,,,,
321500,,,,,
321600,1508970962000.0,43.00462443575204,-78.80802967380463,12.899283,272.00757000000004
321700,,,,,
321800,,,,,
321900,,,,,
322000,,,,,
322100,,,,,
322200,,,,,
322300,,,,,
322400,,,,,
322500,,,,,
322600,,,,,
322700,1508970963000.0,43.004624976754656,-78.8081877114389,12.402304,271.01178
322800,,,,,
322900,,,,,
323000,,,,,
323100,,,,,
323200,,,,,
323300,,,,,
323400,,,,,
323500,,,,,
323600,1508970964000.0,43.00462809938956,-78.80833864371402,11.802754,270.33353
323700,,,,,
323800,,,,,
323900,,,,,
324000,,,,,
324100,,,,,
324200,,,,,
324300,,,,,
324400,,,,,
324500,,,,,
324600,1508970965000.0,43.004630020051955,-78.80848135099137,11.202449,271.122
324700,,,,,
324800,,,,,
324900,,,,,
325000,,,,,
325100,,,,,
325200,,,,,
325300,,,,,
325400,,,,,
325500,,,,,
325600,,,,,
325700,1508970966000.0,43.00463105380748,-78.80862054479668,11.157269,270.44952
325800,,,,,
325900,,,,,
326000,,,,,
326100,,,,,
326200,,,,,
326300,,,,,
326400,,,,,
326500,,,,,
326600,1508970967000.0,43.00463199919,-78.80876282732767,11.7284775,272.04608
326700,,,,,
326800,,,,,
326900,,,,,
327000,,,,,
327100,,,,,
327200,,,,,
327300,,,,,
327400,,,,,
327500,,,,,
327600,,,,,
327700,1508970968000.0,43.00463415218047,-78.80891152934977,12.299035,271.03098
327800,,,,,
327900,,,,,
328000,,,,,
328100,,,,,
328200,,,,,
328300,,,,,
328400,,,,,
328500,,,,,
328600,1508970969000.0,43.00463069813029,-78.80907074695351,13.406756,269.87494
328700,,,,,
328800,,,,,
328900,,,,,
329000,,,,,
329100,,,,,
329200,,,,,
329300,,,,,
329400,,,,,
329500,,,,,
329600,1508970970000.0,43.004627522234074,-78.80923953806854,14.281904999999998,268.82397000000003
329700,,,,,
329800,,,,,
329900,,,,,
330000,,,,,
330100,,,,,
330200,,,,,
330300,,,,,
330400,,,,,
330500,,,,,
330600,1508970971000.0,43.00462335421075,-78.80942096228027,14.9054165,269.447
330700,,,,,
330800,,,,,
330900,,,,,
331000,,,,,
331100,,,,,
331200,,,,,
331300,,,,,
331400,,,,,
331500,,,,,
331600,1508970972000.0,43.004618544042934,-78.80961107722109,15.602021,268.36688
331700,,,,,
331800,,,,,
331900,,,,,
332000,,,,,
332100,,,,,
332200,,,,,
332300,,,,,
332400,,,,,
332500,,,,,
332600,,,,,
332700,1508970973000.0,43.00461152866648,-78.80980786629226,16.109351999999998,268.8444
332800,,,,,
332900,,,,,
333000,,,,,
333100,,,,,
333200,,,,,
333300,,,,,
333400,,,,,
333500,,,,,
333600,1508970974000.0,43.004604937302105,-78.81001050306912,16.524881,269.08334
333700,,,,,
333800,,,,,
333900,,,,,
334000,,,,,
334100,,,,,
334200,,,,,
334300,,,,,
334400,,,,,
334500,,,,,
334600,1508970975000.0,43.00459931493406,-78.81022059178136,17.22116,269.0891
334700,,,,,
334800,,,,,
334900,,,,,
335000,,,,,
335100,,,,,
335200,,,,,
335300,,,,,
335400,,,,,
335500,,,,,
335600,,,,,
335700,1508970976000.0,43.00459706282953,-78.81043161225554,17.099373,269.03177
335800,,,,,
335900,,,,,
336000,,,,,
336100,,,,,
336200,,,,,
336300,,,,,
336400,,,,,
336500,,,,,
336600,1508970977000.0,43.0045938507471,-78.81064259255194,17.120598,269.21945
336700,,,,,
336800,,,,,
336900,,,,,
337000,,,,,
337100,,,,,
337200,,,,,
337300,,,,,
337400,,,,,
337500,,,,,
337600,,,,,
337700,1508970978000.0,43.00459026233948,-78.81085208905256,16.924006,268.551
337800,,,,,
337900,,,,,
338000,,,,,
338100,,,,,
338200,,,,,
338300,,,,,
338400,,,,,
338500,,,,,
338600,,,,,
338700,1508970979000.0,43.00458782343255,-78.81105843760919,16.661920000000002,269.25143
338800,,,,,
338900,,,,,
339000,,,,,
339100,,,,,
339200,,,,,
339300,,,,,
339400,,,,,
339500,,,,,
339600,1508970980000.0,43.004583524425925,-78.81125877478401,16.033451,267.47665
339700,,,,,
339800,,,,,
339900,,,,,
340000,,,,,
340100,,,,,
340200,,,,,
340300,,,,,
340400,,,,,
340500,,,,,
340600,1508970981000.0,43.00457972758942,-78.81145302939873,15.660574,268.599
340700,,,,,
340800,,,,,
340900,,,,,
341000,,,,,
341100,,,,,
341200,,,,,
341300,,,,,
341400,,,,,
341500,,,,,
341600,,,,,
341700,1508970982000.0,43.004580928640415,-78.81164131815669,15.380318,270.61398
341800,,,,,
341900,,,,,
342000,,,,,
342100,,,,,
342200,,,,,
342300,,,,,
342400,,,,,
342500,,,,,
342600,1508970983000.0,43.00459277288675,-78.81182384778398,14.983222,275.8596
342700,,,,,
342800,,,,,
342900,,,,,
343000,,,,,
343100,,,,,
343200,,,,,
343300,,,,,
343400,,,,,
343500,,,,,
343600,,,,,
343700,1508970984000.0,43.00461934506865,-78.81199966395744,14.968131,281.46823
343800,,,,,
343900,,,,,
344000,,,,,
344100,,,,,
344200,,,,,
344300,,,,,
344400,,,,,
344500,,,,,
344600,,,,,
344700,1508970985000.0,43.004656823549155,-78.81217506047727,14.974042,285.68054
344800,,,,,
344900,,,,,
345000,,,,,
345100,,,,,
345200,,,,,
345300,,,,,
345400,,,,,
345500,,,,,
345600,,,,,
345700,1508970986000.0,43.00470333058728,-78.81234905647675,14.912872,290.02756
345800,,,,,
345900,,,,,
346000,,,,,
346100,,,,,
346200,,,,,
346300,,,,,
346400,,,,,
346500,,,,,
346600,,,,,
346700,1508970987000.0,43.00475988573771,-78.81251724799992,15.06105,294.0456
346800,,,,,
346900,,,,,
347000,,,,,
347100,,,,,
347200,,,,,
347300,,,,,
347400,,,,,
347500,,,,,
347600,,,,,
347700,1508970988000.0,43.00482692609144,-78.81268126826615,15.55185,298.62326
347800,,,,,
347900,,,,,
348000,,,,,
348100,,,,,
348200,,,,,
348300,,,,,
348400,,,,,
348500,,,,,
348600,,,,,
348700,1508970989000.0,43.00490610050429,-78.81284689126709,15.987206,302.14078
348800,,,,,
348900,,,,,
349000,,,,,
349100,,,,,
349200,,,,,
349300,,,,,
349400,,,,,
349500,,,,,
349600,1508970990000.0,43.00499298853432,-78.81300791032045,15.998870000000002,305.58066
349700,,,,,
349800,,,,,
349900,,,,,
350000,,,,,
350100,,,,,
350200,,,,,
350300,,,,,
350400,,,,,
350500,,,,,
350600,1508970991000.0,43.00508679333978,-78.81315891508048,15.676141,311.79
350700,,,,,
350800,,,,,
350900,,,,,
351000,,,,,
351100,,,,,
351200,,,,,
351300,,,,,
351400,,,,,
351500,,,,,
351600,1508970992000.0,43.005186850576756,-78.8133019422606,15.940139000000002,313.43677
351700,,,,,
351800,,,,,
351900,,,,,
352000,,,,,
352100,,,,,
352200,,,,,
352300,,,,,
352400,,,,,
352500,,,,,
352600,1508970993000.0,43.0052926085623,-78.8134402480703,16.253298,315.29462
352700,,,,,
352800,,,,,
352900,,,,,
353000,,,,,
353100,,,,,
353200,,,,,
353300,,,,,
353400,,,,,
353500,,,,,
353600,1508970994000.0,43.00540452769693,-78.81357634541008,16.460375,317.59555
353700,,,,,
353800,,,,,
353900,,,,,
354000,,,,,
354100,,,,,
354200,,,,,
354300,,,,,
354400,,,,,
354500,,,,,
354600,1508970995000.0,43.005514664198095,-78.81371309900285,16.339739,316.23672
354700,,,,,
354800,,,,,
354900,,,,,
355000,,,,,
355100,,,,,
355200,,,,,
355300,,,,,
355400,,,,,
355500,,,,,
355600,,,,,
355700,1508970996000.0,43.005623275457936,-78.81385036302855,16.321367000000002,315.9524
355800,,,,,
355900,,,,,
356000,,,,,
356100,,,,,
356200,,,,,
356300,,,,,
356400,,,,,
356500,,,,,
356600,1508970997000.0,43.00573355753336,-78.81399025707249,16.599970000000006,316.15393
356700,,,,,
356800,,,,,
356900,,,,,
357000,,,,,
357100,,,,,
357200,,,,,
357300,,,,,
357400,,,,,
357500,,,,,
357600,1508970998000.0,43.00584626245287,-78.81413047031239,16.787651,316.28656
357700,,,,,
357800,,,,,
357900,,,,,
358000,,,,,
358100,,,,,
358200,,,,,
358300,,,,,
358400,,,,,
358500,,,,,
358600,1508970999000.0,43.00595890349796,-78.81427322954973,17.011528,316.01428
358700,,,,,
358800,,,,,
358900,,,,,
359000,,,,,
359100,,,,,
359200,,,,,
359300,,,,,
359400,,,,,
359500,,,,,
359600,,,,,
359700,1508971000000.0,43.00607463753558,-78.8144135753415,17.092582999999998,318.4866
359800,,,,,
359900,,,,,
360000,,,,,
360100,,,,,
360200,,,,,
360300,,,,,
360400,,,,,
360500,,,,,
360600,1508971001000.0,43.00618954587222,-78.81455118379931,16.682688,317.9802
360700,,,,,
360800,,,,,
360900,,,,,
361000,,,,,
361100,,,,,
361200,,,,,
361300,,,,,
361400,,,,,
361500,,,,,
361600,,,,,
361700,1508971002000.0,43.00629883958865,-78.81468798820917,16.280657,316.7153600000001
361800,,,,,
361900,,,,,
362000,,,,,
362100,,,,,
362200,,,,,
362300,,,,,
362400,,,,,
362500,,,,,
362600,,,,,
362700,1508971003000.0,43.006403306622154,-78.81482256893953,15.78876,316.32632
362800,,,,,
362900,,,,,
363000,,,,,
363100,,,,,
363200,,,,,
363300,,,,,
363400,,,,,
363500,,,,,
363600,1508971004000.0,43.00650478635091,-78.81495198844756,15.375699,317.22626
363700,,,,,
363800,,,,,
363900,,,,,
364000,,,,,
364100,,,,,
364200,,,,,
364300,,,,,
364400,,,,,
364500,,,,,
364600,1508971005000.0,43.006606608475415,-78.81507197876944,14.827093,320.4287700000001
364700,,,,,
364800,,,,,
364900,,,,,
365000,,,,,
365100,,,,,
365200,,,,,
365300,,,,,
365400,,,,,
365500,,,,,
365600,1508971006000.0,43.00671231111794,-78.81518046582757,14.574439000000002,324.49872
365700,,,,,
365800,,,,,
365900,,,,,
366000,,,,,
366100,,,,,
366200,,,,,
366300,,,,,
366400,,,,,
366500,,,,,
366600,,,,,
366700,1508971007000.0,43.0068203496068,-78.81527761809394,14.0001,328.54807
366800,,,,,
366900,,,,,
367000,,,,,
367100,,,,,
367200,,,,,
367300,,,,,
367400,,,,,
367500,,,,,
367600,1508971008000.0,43.0069330933533,-78.8153606717481,14.178816,334.09564
367700,,,,,
367800,,,,,
367900,,,,,
368000,,,,,
368100,,,,,
368200,,,,,
368300,,,,,
368400,,,,,
368500,,,,,
368600,,,,,
368700,1508971009000.0,43.007051934061955,-78.8154320245297,14.177571,337.9930700000001
368800,,,,,
368900,,,,,
369000,,,,,
369100,,,,,
369200,,,,,
369300,,,,,
369400,,,,,
369500,,,,,
369600,,,,,
369700,1508971010000.0,43.007176632623576,-78.81549541368386,14.601296,341.3715200000001
369800,,,,,
369900,,,,,
370000,,,,,
370100,,,,,
370200,,,,,
370300,,,,,
370400,,,,,
370500,,,,,
370600,1508971011000.0,43.00730506801397,-78.81555313965673,14.935154999999998,341.77814
370700,,,,,
370800,,,,,
370900,,,,,
371000,,,,,
371100,,,,,
371200,,,,,
371300,,,,,
371400,,,,,
371500,,,,,
371600,1508971012000.0,43.00743475901173,-78.81561191104235,15.312657000000002,342.4178
371700,,,,,
371800,,,,,
371900,,,,,
372000,,,,,
372100,,,,,
372200,,,,,
372300,,,,,
372400,,,,,
372500,,,,,
372600,1508971013000.0,43.00756844670336,-78.81567231096892,15.724927,341.5078
372700,,,,,
372800,,,,,
372900,,,,,
373000,,,,,
373100,,,,,
373200,,,,,
373300,,,,,
373400,,,,,
373500,,,,,
373600,,,,,
373700,1508971014000.0,43.00770457879435,-78.81573626668025,15.979078,341.60858
373800,,,,,
373900,,,,,
374000,,,,,
374100,,,,,
374200,,,,,
374300,,,,,
374400,,,,,
374500,,,,,
374600,1508971015000.0,43.007841452866906,-78.81580220305571,16.16912,341.08237
374700,,,,,
374800,,,,,
374900,,,,,
375000,,,,,
375100,,,,,
375200,,,,,
375300,,,,,
375400,,,,,
375500,,,,,
375600,,,,,
375700,1508971016000.0,43.00798091696185,-78.81587213175736,16.266788000000002,340.87302
375800,,,,,
375900,,,,,
376000,,,,,
376100,,,,,
376200,,,,,
376300,,,,,
376400,,,,,
376500,,,,,
376600,1508971017000.0,43.00812040437457,-78.81594248245544,16.317137,340.50452
376700,,,,,
376800,,,,,
376900,,,,,
377000,,,,,
377100,,,,,
377200,,,,,
377300,,,,,
377400,,,,,
377500,,,,,
377600,,,,,
377700,1508971018000.0,43.008256038941916,-78.81601110924575,15.927592,340.45996
377800,,,,,
377900,,,,,
378000,,,,,
378100,,,,,
378200,,,,,
378300,,,,,
378400,,,,,
378500,,,,,
378600,1508971019000.0,43.00838929507965,-78.81607504031494,15.697345,341.5094
378700,,,,,
378800,,,,,
378900,,,,,
379000,,,,,
379100,,,,,
379200,,,,,
379300,,,,,
379400,,,,,
379500,,,,,
379600,1508971020000.0,43.008521348354044,-78.81613857668322,15.370871,340.1052200000001
379700,,,,,
379800,,,,,
379900,,,,,
380000,,,,,
380100,,,,,
380200,,,,,
380300,,,,,
380400,,,,,
380500,,,,,
380600,1508971021000.0,43.008653647643335,-78.81620002334738,15.536597,341.7154
380700,,,,,
380800,,,,,
380900,,,,,
381000,,,,,
381100,,,,,
381200,,,,,
381300,,,,,
381400,,,,,
381500,,,,,
381600,,,,,
381700,1508971022000.0,43.008788796303705,-78.81625661864031,15.732970000000002,343.2616
381800,,,,,
381900,,,,,
382000,,,,,
382100,,,,,
382200,,,,,
382300,,,,,
382400,,,,,
382500,,,,,
382600,,,,,
382700,1508971023000.0,43.00892184289377,-78.81631465516993,15.569437,341.32193
382800,,,,,
382900,,,,,
383000,,,,,
383100,,,,,
383200,,,,,
383300,,,,,
383400,,,,,
383500,,,,,
383600,1508971024000.0,43.00905460909585,-78.81637638961081,15.707477,340.8859
383700,,,,,
383800,,,,,
383900,,,,,
384000,,,,,
384100,,,,,
384200,,,,,
384300,,,,,
384400,,,,,
384500,,,,,
384600,1508971025000.0,43.009186905291756,-78.81644106038378,15.822492,338.98077
384700,,,,,
384800,,,,,
384900,,,,,
385000,,,,,
385100,,,,,
385200,,,,,
385300,,,,,
385400,,,,,
385500,,,,,
385600,1508971026000.0,43.0093188102916,-78.81650815031044,15.645624,339.42392
385700,,,,,
385800,,,,,
385900,,,,,
386000,,,,,
386100,,,,,
386200,,,,,
386300,,,,,
386400,,,,,
386500,,,,,
386600,1508971027000.0,43.009449686883386,-78.81657318204246,15.406412,339.97647
386700,,,,,
386800,,,,,
386900,,,,,
387000,,,,,
387100,,,,,
387200,,,,,
387300,,,,,
387400,,,,,
387500,,,,,
387600,1508971028000.0,43.00958035345947,-78.81663516333943,15.240074,340.61896
387700,,,,,
387800,,,,,
387900,,,,,
388000,,,,,
388100,,,,,
388200,,,,,
388300,,,,,
388400,,,,,
388500,,,,,
388600,,,,,
388700,1508971029000.0,43.00971294098336,-78.81669232864559,15.422468,342.05612
388800,,,,,
388900,,,,,
389000,,,,,
389100,,,,,
389200,,,,,
389300,,,,,
389400,,,,,
389500,,,,,
389600,,,,,
389700,1508971030000.0,43.009846708540174,-78.81674675925001,15.431338,343.58136
389800,,,,,
389900,,,,,
390000,,,,,
390100,,,,,
390200,,,,,
390300,,,,,
390400,,,,,
390500,,,,,
390600,1508971031000.0,43.009982872442414,-78.8167923853149,15.62621,347.3851
390700,,,,,
390800,,,,,
390900,,,,,
391000,,,,,
391100,,,,,
391200,,,,,
391300,,,,,
391400,,,,,
391500,,,,,
391600,1508971032000.0,43.01012321255122,-78.8168269670171,15.443242,350.16925
391700,,,,,
391800,,,,,
391900,,,,,
392000,,,,,
392100,,,,,
392200,,,,,
392300,,,,,
392400,,,,,
392500,,,,,
392600,,,,,
392700,1508971033000.0,43.01026493573985,-78.81684775127266,15.462903,355.2241
392800,,,,,
392900,,,,,
393000,,,,,
393100,,,,,
393200,,,,,
393300,,,,,
393400,,,,,
393500,,,,,
393600,,,,,
393700,1508971034000.0,43.01040530169215,-78.81686118791326,15.09699,355.9982
393800,,,,,
393900,,,,,
394000,,,,,
394100,,,,,
394200,,,,,
394300,,,,,
394400,,,,,
394500,,,,,
394600,1508971035000.0,43.01054337468202,-78.81687326463519,15.126612,355.8232700000001
394700,,,,,
394800,,,,,
394900,,,,,
395000,,,,,
395100,,,,,
395200,,,,,
395300,,,,,
395400,,,,,
395500,,,,,
395600,1508971036000.0,43.01068216448628,-78.81688269595728,15.120322,356.2869
395700,,,,,
395800,,,,,
395900,,,,,
396000,,,,,
396100,,,,,
396200,,,,,
396300,,,,,
396400,,,,,
396500,,,,,
396600,1508971037000.0,43.010818488796694,-78.81689353169381,14.944837,356.20663
396700,,,,,
396800,,,,,
396900,,,,,
397000,,,,,
397100,,,,,
397200,,,,,
397300,,,,,
397400,,,,,
397500,,,,,
397600,1508971038000.0,43.01095315354304,-78.81690352682196,14.69137,356.7493
397700,,,,,
397800,,,,,
397900,,,,,
398000,,,,,
398100,,,,,
398200,,,,,
398300,,,,,
398400,,,,,
398500,,,,,
398600,1508971039000.0,43.011084952057246,-78.8169152390072,14.409842499999998,356.12952
398700,,,,,
398800,,,,,
398900,,,,,
399000,,,,,
399100,,,,,
399200,,,,,
399300,,,,,
399400,,,,,
399500,,,,,
399600,1508971040000.0,43.011213874412384,-78.81692718166353,14.3292055,355.47052
399700,,,,,
399800,,,,,
399900,,,,,
400000,,,,,
400100,,,,,
400200,,,,,
400300,,,,,
400400,,,,,
400500,,,,,
400600,1508971041000.0,43.011340516048975,-78.8169387198592,13.772624,354.79703
400700,,,,,
400800,,,,,
400900,,,,,
401000,,,,,
401100,,,,,
401200,,,,,
401300,,,,,
401400,,,,,
401500,,,,,
401600,1508971042000.0,43.011463708808,-78.81695030096681,13.4400835,355.81772
401700,,,,,
401800,,,,,
401900,,,,,
402000,,,,,
402100,,,,,
402200,,,,,
402300,,,,,
402400,,,,,
402500,,,,,
402600,1508971043000.0,43.01158521664968,-78.81696040855657,13.406017000000002,355.7343
402700,,,,,
402800,,,,,
402900,,,,,
403000,,,,,
403100,,,,,
403200,,,,,
403300,,,,,
403400,,,,,
403500,,,,,
403600,1508971044000.0,43.01170444208681,-78.8169682959227,13.052632,356.9944799999999
403700,,,,,
403800,,,,,
403900,,,,,
404000,,,,,
404100,,,,,
404200,,,,,
404300,,,,,
404400,,,,,
404500,,,,,
404600,1508971045000.0,43.011818370590895,-78.81697546989005,12.390431,356.41077
404700,,,,,
404800,,,,,
404900,,,,,
405000,,,,,
405100,,,,,
405200,,,,,
405300,,,,,
405400,,,,,
405500,,,,,
405600,1508971046000.0,43.01192547312339,-78.81698399941901,11.492107,355.79794
405700,,,,,
405800,,,,,
405900,,,,,
406000,,,,,
406100,,,,,
406200,,,,,
406300,,,,,
406400,,,,,
406500,,,,,
406600,1508971047000.0,43.01202338980335,-78.8169905475762,10.359748,356.70538
406700,,,,,
406800,,,,,
406900,,,,,
407000,,,,,
407100,,,,,
407200,,,,,
407300,,,,,
407400,,,,,
407500,,,,,
407600,1508971048000.0,43.01210772899204,-78.81699320655694,8.640889,357.62308
407700,,,,,
407800,,,,,
407900,,,,,
408000,,,,,
408100,,,,,
408200,,,,,
408300,,,,,
408400,,,,,
408500,,,,,
408600,,,,,
408700,1508971049000.0,43.012177244326544,-78.81699590834349,7.371742,352.6677
408800,,,,,
408900,,,,,
409000,,,,,
409100,,,,,
409200,,,,,
409300,,,,,
409400,,,,,
409500,,,,,
409600,1508971050000.0,43.01223588299799,-78.81699965906088,6.459129,354.49725
409700,,,,,
409800,,,,,
409900,,,,,
410000,,,,,
410100,,,,,
410200,,,,,
410300,,,,,
410400,,,,,
410500,,,,,
410600,1508971051000.0,43.0122877316201,-78.81700103413776,5.4582510000000015,357.524
410700,,,,,
410800,,,,,
410900,,,,,
411000,,,,,
411100,,,,,
411200,,,,,
411300,,,,,
411400,,,,,
411500,,,,,
411600,,,,,
411700,1508971052000.0,43.01233042354789,-78.81699993328468,4.1662936,356.17584
411800,,,,,
411900,,,,,
412000,,,,,
412100,,,,,
412200,,,,,
412300,,,,,
412400,,,,,
412500,,,,,
412600,1508971053000.0,43.012362136328704,-78.81700092236215,2.5177715,356.5225200000001
412700,,,,,
412800,,,,,
412900,,,,,
413000,,,,,
413100,,,,,
413200,,,,,
413300,,,,,
413400,,,,,
413500,,,,,
413600,,,,,
413700,1508971054000.0,43.01238062345912,-78.8170025594163,0.8092191,347.66855
413800,,,,,
413900,,,,,
414000,,,,,
414100,,,,,
414200,,,,,
414300,,,,,
414400,,,,,
414500,,,,,
414600,,,,,
414700,,,,,
414800,,,,,
414900,,,,,
415000,,,,,
415100,,,,,
415200,,,,,
415300,,,,,
415400,,,,,
415500,,,,,
415600,,,,,
415700,,,,,
415800,,,,,
415900,,,,,
416000,,,,,
416100,,,,,
416200,,,,,
416300,,,,,
416400,,,,,
416500,,,,,
416600,,,,,
416700,,,,,
416800,,,,,
416900,,,,,
417000,,,,,
417100,,,,,
417200,,,,,
417300,,,,,
417400,,,,,
417500,,,,,
417600,,,,,
417700,,,,,
417800,,,,,
417900,,,,,
418000,,,,,
418100,,,,,
418200,,,,,
418300,,,,,
418400,,,,,
418500,,,,,
418600,,,,,
418700,,,,,
418800,,,,,
418900,,,,,
419000,,,,,
419100,,,,,
419200,,,,,
419300,,,,,
419400,,,,,
419500,,,,,
419600,1508971060000.0,43.012398236254064,-78.81701048808705,1.447555,320.61572
419700,,,,,
419800,,,,,
419900,,,,,
420000,,,,,
420100,,,,,
420200,,,,,
420300,,,,,
420400,,,,,
420500,,,,,
420600,1508971061000.0,43.012407391335294,-78.81701506669188,0.4615318000000001,320.61572
420700,,,,,
420800,,,,,
420900,,,,,
421000,,,,,
421100,,,,,
421200,,,,,
421300,,,,,
421400,,,,,
421500,,,,,
421600,,,,,
421700,,,,,
421800,,,,,
421900,,,,,
422000,,,,,
422100,,,,,
422200,,,,,
422300,,,,,
422400,,,,,
422500,,,,,
422600,,,,,
422700,,,,,
422800,,,,,
422900,,,,,
423000,,,,,
423100,,,,,
423200,,,,,
423300,,,,,
423400,,,,,
423500,,,,,
423600,,,,,
423700,,,,,
423800,,,,,
423900,,,,,
424000,,,,,
424100,,,,,
424200,,,,,
424300,,,,,
424400,,,,,
424500,,,,,
424600,,,,,
424700,,,,,
424800,,,,,
424900,,,,,
425000,,,,,
425100,,,,,
425200,,,,,
425300,,,,,
425400,,,,,
425500,,,,,
425600,1508971066000.0,43.01241407823391,-78.81702737603864,1.8312916,331.65805
425700,,,,,
425800,,,,,
425900,,,,,
426000,,,,,
426100,,,,,
426200,,,,,
426300,,,,,
426400,,,,,
426500,,,,,
426600,1508971067000.0,43.012430778653716,-78.8170588681151,4.0283365,304.9155
426700,,,,,
426800,,,,,
426900,,,,,
427000,,,,,
427100,,,,,
427200,,,,,
427300,,,,,
427400,,,,,
427500,,,,,
427600,1508971068000.0,43.012450647024004,-78.81711975595877,6.171800599999999,287.93005
427700,,,,,
427800,,,,,
427900,,,,,
428000,,,,,
428100,,,,,
428200,,,,,
428300,,,,,
428400,,,,,
428500,,,,,
428600,,,,,
428700,1508971069000.0,43.01246680945233,-78.81720557149609,7.7376323,279.1765
428800,,,,,
428900,,,,,
429000,,,,,
429100,,,,,
429200,,,,,
429300,,,,,
429400,,,,,
429500,,,,,
429600,,,,,
429700,1508971070000.0,43.012476364652926,-78.81731301703675,8.910622,273.14713
429800,,,,,
429900,,,,,
430000,,,,,
430100,,,,,
430200,,,,,
430300,,,,,
430400,,,,,
430500,,,,,
430600,,,,,
430700,1508971071000.0,43.012478718436576,-78.81743410655122,10.119386,268.4762
430800,,,,,
430900,,,,,
431000,,,,,
431100,,,,,
431200,,,,,
431300,,,,,
431400,,,,,
431500,,,,,
431600,1508971072000.0,43.01247704947959,-78.81756879617406,11.0476,268.11417
431700,,,,,
431800,,,,,
431900,,,,,
432000,,,,,
432100,,,,,
432200,,,,,
432300,,,,,
432400,,,,,
432500,,,,,
432600,1508971073000.0,43.012479121459435,-78.81770990634847,11.541511,270.21127
432700,,,,,
432800,,,,,
432900,,,,,
433000,,,,,
433100,,,,,
433200,,,,,
433300,,,,,
433400,,,,,
433500,,,,,
433600,,,,,
433700,1508971074000.0,43.01248248707292,-78.81785694380477,12.180173,270.30493
433800,,,,,
433900,,,,,
434000,,,,,
434100,,,,,
434200,,,,,
434300,,,,,
434400,,,,,
434500,,,,,
434600,1508971075000.0,43.01248464325115,-78.81800769586955,12.230425,269.7219
434700,,,,,
434800,,,,,
434900,,,,,
435000,,,,,
435100,,,,,
435200,,,,,
435300,,,,,
435400,,,,,
435500,,,,,
435600,,,,,
435700,1508971076000.0,43.012487746999305,-78.8181532526615,11.284513,271.32004
435800,,,,,
435900,,,,,
436000,,,,,
436100,,,,,
436200,,,,,
436300,,,,,
436400,,,,,
436500,,,,,
436600,1508971077000.0,43.012489431817244,-78.81828523376831,10.012541,269.3643
436700,,,,,
436800,,,,,
436900,,,,,
437000,,,,,
437100,,,,,
437200,,,,,
437300,,,,,
437400,,,,,
437500,,,,,
437600,1508971078000.0,43.01249025356538,-78.81840050548371,8.549884,270.91074
437700,,,,,
437800,,,,,
437900,,,,,
438000,,,,,
438100,,,,,
438200,,,,,
438300,,,,,
438400,,,,,
438500,,,,,
438600,,,,,
438700,1508971079000.0,43.01249369517111,-78.81849403875556,6.6480336,275.17474
438800,,,,,
438900,,,,,
439000,,,,,
439100,,,,,
439200,,,,,
439300,,,,,
439400,,,,,
439500,,,,,
439600,1508971080000.0,43.012508564335526,-78.81856228813105,4.5257196,297.7427
439700,,,,,
439800,,,,,
439900,,,,,
440000,,,,,
440100,,,,,
440200,,,,,
440300,,,,,
440400,,,,,
440500,,,,,
440600,1508971081000.0,43.012537251695406,-78.81859839848514,4.551517,337.59976
440700,,,,,
440800,,,,,
440900,,,,,
441000,,,,,
441100,,,,,
441200,,,,,
441300,,,,,
441400,,,,,
441500,,,,,
441600,1508971082000.0,43.01257932797464,-78.81859993616753,5.336752,4.617286
441700,,,,,
441800,,,,,
441900,,,,,
442000,,,,,
442100,,,,,
442200,,,,,
442300,,,,,
442400,,,,,
442500,,,,,
442600,1508971083000.0,43.012635085219,-78.81858430744437,6.9058094,8.104761
442700,,,,,
442800,,,,,
442900,,,,,
443000,,,,,
443100,,,,,
443200,,,,,
443300,,,,,
443400,,,,,
443500,,,,,
443600,1508971084000.0,43.01270897761243,-78.81856852029213,8.255166000000001,5.089887999999998
443700,,,,,
443800,,,,,
443900,,,,,
444000,,,,,
444100,,,,,
444200,,,,,
444300,,,,,
444400,,,,,
444500,,,,,
444600,1508971085000.0,43.012796219570866,-78.81855477355613,9.625036,4.2120357
444700,,,,,
444800,,,,,
444900,,,,,
445000,,,,,
445100,,,,,
445200,,,,,
445300,,,,,
445400,,,,,
445500,,,,,
445600,1508971086000.0,43.01288891252086,-78.8185405162136,10.390384,3.8954315
445700,,,,,
445800,,,,,
445900,,,,,
446000,,,,,
446100,,,,,
446200,,,,,
446300,,,,,
446400,,,,,
446500,,,,,
446600,1508971087000.0,43.0129872257578,-78.81852916660601,11.089273,2.0554328
446700,,,,,
446800,,,,,
446900,,,,,
447000,,,,,
447100,,,,,
447200,,,,,
447300,,,,,
447400,,,,,
447500,,,,,
447600,1508971088000.0,43.013093412863206,-78.81852038825619,11.95334,1.8450776
447700,,,,,
447800,,,,,
447900,,,,,
448000,,,,,
448100,,,,,
448200,,,,,
448300,,,,,
448400,,,,,
448500,,,,,
448600,,,,,
448700,1508971089000.0,43.01320644070631,-78.81851256041794,12.664538,0.36090907
448800,,,,,
448900,,,,,
449000,,,,,
449100,,,,,
449200,,,,,
449300,,,,,
449400,,,,,
449500,,,,,
449600,1508971090000.0,43.01332568874981,-78.81850743859677,13.270942000000002,0.22203520000000004
449700,,,,,
449800,,,,,
449900,,,,,
450000,,,,,
450100,,,,,
450200,,,,,
450300,,,,,
450400,,,,,
450500,,,,,
450600,1508971091000.0,43.013449374620684,-78.81850330638571,13.560553,0.67891306
450700,,,,,
450800,,,,,
450900,,,,,
451000,,,,,
451100,,,,,
451200,,,,,
451300,,,,,
451400,,,,,
451500,,,,,
451600,,,,,
451700,1508971092000.0,43.013573771511204,-78.81849853524429,13.613871,0.21887788
451800,,,,,
451900,,,,,
452000,,,,,
452100,,,,,
452200,,,,,
452300,,,,,
452400,,,,,
452500,,,,,
452600,1508971093000.0,43.01369918190411,-78.81849362039017,13.893787,0.85016197
452700,,,,,
452800,,,,,
452900,,,,,
453000,,,,,
453100,,,,,
453200,,,,,
453300,,,,,
453400,,,,,
453500,,,,,
453600,1508971094000.0,43.01382742738023,-78.81848618046574,14.113611,1.3872997
453700,,,,,
453800,,,,,
453900,,,,,
454000,,,,,
454100,,,,,
454200,,,,,
454300,,,,,
454400,,,,,
454500,,,,,
454600,1508971095000.0,43.01395392528145,-78.81847968958887,13.809495000000002,1.5229833000000002
454700,,,,,
454800,,,,,
454900,,,,,
455000,,,,,
455100,,,,,
455200,,,,,
455300,,,,,
455400,,,,,
455500,,,,,
455600,1508971096000.0,43.01407779738679,-78.8184752471559,13.353329,0.8643407
455700,,,,,
455800,,,,,
455900,,,,,
456000,,,,,
456100,,,,,
456200,,,,,
456300,,,,,
456400,,,,,
456500,,,,,
456600,1508971097000.0,43.01419810801825,-78.81847209695499,12.7809725,0.6304314
456700,,,,,
456800,,,,,
456900,,,,,
457000,,,,,
457100,,,,,
457200,,,,,
457300,,,,,
457400,,,,,
457500,,,,,
457600,1508971098000.0,43.01431017689233,-78.81846816082202,12.161391,1.5562936
457700,,,,,
457800,,,,,
457900,,,,,
458000,,,,,
458100,,,,,
458200,,,,,
458300,,,,,
458400,,,,,
458500,,,,,
458600,1508971099000.0,43.01441703217517,-78.81846399857706,11.5956,0.57650566
458700,,,,,
458800,,,,,
458900,,,,,
459000,,,,,
459100,,,,,
459200,,,,,
459300,,,,,
459400,,,,,
459500,,,,,
459600,,,,,
459700,1508971100000.0,43.014516906057864,-78.8184616975667,10.832646,0.94549245
459800,,,,,
459900,,,,,
460000,,,,,
460100,,,,,
460200,,,,,
460300,,,,,
460400,,,,,
460500,,,,,
460600,,,,,
460700,1508971101000.0,43.014608151327884,-78.81846127097967,9.806276,359.344
460800,,,,,
460900,,,,,
461000,,,,,
461100,,,,,
461200,,,,,
461300,,,,,
461400,,,,,
461500,,,,,
461600,,,,,
461700,1508971102000.0,43.01469265454237,-78.81846138613344,9.129562,0.17470309
461800,,,,,
461900,,,,,
462000,,,,,
462100,,,,,
462200,,,,,
462300,,,,,
462400,,,,,
462500,,,,,
462600,1508971103000.0,43.01476722354823,-78.8184614067988,8.014510000000001,0.16770668
462700,,,,,
462800,,,,,
462900,,,,,
463000,,,,,
463100,,,,,
463200,,,,,
463300,,,,,
463400,,,,,
463500,,,,,
463600,1508971104000.0,43.01483444553589,-78.81846207390555,7.2773495,0.6249734
463700,,,,,
463800,,,,,
463900,,,,,
464000,,,,,
464100,,,,,
464200,,,,,
464300,,,,,
464400,,,,,
464500,,,,,
464600,1508971105000.0,43.01489586591774,-78.81845850136665,6.3917933,2.0206375
464700,,,,,
464800,,,,,
464900,,,,,
465000,,,,,
465100,,,,,
465200,,,,,
465300,,,,,
465400,,,,,
465500,,,,,
465600,1508971106000.0,43.014956320081396,-78.8184570155032,6.483821,357.7411
465700,,,,,
465800,,,,,
465900,,,,,
466000,,,,,
466100,,,,,
466200,,,,,
466300,,,,,
466400,,,,,
466500,,,,,
466600,,,,,
466700,1508971107000.0,43.01501698753377,-78.81846394659914,6.627407000000002,354.5582
466800,,,,,
466900,,,,,
467000,,,,,
467100,,,,,
467200,,,,,
467300,,,,,
467400,,,,,
467500,,,,,
467600,1508971108000.0,43.015079037257365,-78.81847362644974,7.059408,355.35406
467700,,,,,
467800,,,,,
467900,,,,,
468000,,,,,
468100,,,,,
468200,,,,,
468300,,,,,
468400,,,,,
468500,,,,,
468600,,,,,
468700,1508971109000.0,43.01514297232347,-78.81848149098734,6.882477799999998,357.53784
468800,,,,,
468900,,,,,
469000,,,,,
469100,,,,,
469200,,,,,
469300,,,,,
469400,,,,,
469500,,,,,
469600,,,,,
469700,1508971110000.0,43.015204257425395,-78.81848507523546,6.5375013,359.38553
469800,,,,,
469900,,,,,
470000,,,,,
470100,,,,,
470200,,,,,
470300,,,,,
470400,,,,,
470500,,,,,
470600,,,,,
470700,1508971111000.0,43.01526387552449,-78.81848207766362,6.5450377,5.993846400000002
470800,,,,,
470900,,,,,
471000,,,,,
471100,,,,,
471200,,,,,
471300,,,,,
471400,,,,,
471500,,,,,
471600,,,,,
471700,1508971112000.0,43.01532000985836,-78.81847351188733,5.943864,9.723928
471800,,,,,
471900,,,,,
472000,,,,,
472100,,,,,
472200,,,,,
472300,,,,,
472400,,,,,
472500,,,,,
472600,,,,,
472700,1508971113000.0,43.01537027629596,-78.81846192740701,5.3696084000000015,10.432414
472800,,,,,
472900,,,,,
473000,,,,,
473100,,,,,
473200,,,,,
473300,,,,,
473400,,,,,
473500,,,,,
473600,1508971114000.0,43.015418093880434,-78.81845069461781,5.058048,8.821614
473700,,,,,
473800,,,,,
473900,,,,,
474000,,,,,
474100,,,,,
474200,,,,,
474300,,,,,
474400,,,,,
474500,,,,,
474600,,,,,
474700,1508971115000.0,43.01546506424842,-78.81844051317171,5.1139215999999985,5.1585
474800,,,,,
474900,,,,,
475000,,,,,
475100,,,,,
475200,,,,,
475300,,,,,
475400,,,,,
475500,,,,,
475600,,,,,
475700,1508971116000.0,43.01551534398125,-78.81843324560478,5.2952724,1.1337575
475800,,,,,
475900,,,,,
476000,,,,,
476100,,,,,
476200,,,,,
476300,,,,,
476400,,,,,
476500,,,,,
476600,,,,,
476700,1508971117000.0,43.0155644714926,-78.81842852977569,5.3076105,0.70324033
476800,,,,,
476900,,,,,
477000,,,,,
477100,,,,,
477200,,,,,
477300,,,,,
477400,,,,,
477500,,,,,
477600,1508971118000.0,43.01561534779562,-78.81842095446036,5.772716,5.8898897
477700,,,,,
477800,,,,,
477900,,,,,
478000,,,,,
478100,,,,,
478200,,,,,
478300,,,,,
478400,,,,,
478500,,,,,
478600,,,,,
478700,1508971119000.0,43.015660431881706,-78.81841498410624,4.649034,4.4462795
478800,,,,,
478900,,,,,
479000,,,,,
479100,,,,,
479200,,,,,
479300,,,,,
479400,,,,,
479500,,,,,
479600,,,,,
479700,1508971120000.0,43.01569451303453,-78.81841300232568,3.6974978,1.9218436
479800,,,,,
479900,,,,,
480000,,,,,
480100,,,,,
480200,,,,,
480300,,,,,
480400,,,,,
480500,,,,,
480600,,,,,
480700,1508971121000.0,43.015724937326794,-78.81841388252211,3.0601532,358.76312
480800,,,,,
480900,,,,,
481000,,,,,
481100,,,,,
481200,,,,,
481300,,,,,
481400,,,,,
481500,,,,,
481600,,,,,
481700,1508971122000.0,43.015751371224425,-78.81841332697931,2.6857696,4.598222
481800,,,,,
481900,,,,,
482000,,,,,
482100,,,,,
482200,,,,,
482300,,,,,
482400,,,,,
482500,,,,,
482600,1508971123000.0,43.01577381322536,-78.81841081705514,2.0254216,3.1172905
482700,,,,,
482800,,,,,
482900,,,,,
483000,,,,,
483100,,,,,
483200,,,,,
483300,,,,,
483400,,,,,
483500,,,,,
483600,,,,,
483700,1508971124000.0,43.01579238186266,-78.81840878938397,1.7255902,3.2501097000000003
483800,,,,,
483900,,,,,
484000,,,,,
484100,,,,,
484200,,,,,
484300,,,,,
484400,,,,,
484500,,,,,
484600,,,,,
484700,1508971125000.0,43.01580789851897,-78.81840810719933,1.3302964,1.6762583
484800,,,,,
484900,,,,,
485000,,,,,
485100,,,,,
485200,,,,,
485300,,,,,
485400,,,,,
485500,,,,,
485600,1508971126000.0,43.01581988300947,-78.81840690236027,0.9984439,358.27692
