sys_time,RPM,Speed
0,1395.0,13.0
800,1381.0,14.0
1400,1290.0,14.0
1500,1238.0,14.0
1700,1198.0,15.0
1900,1157.0,15.0
2100,1167.0,15.0
2300,1162.0,15.0
2500,1167.0,16.0
2600,1171.0,16.0
2800,1175.0,16.0
2900,1177.0,16.0
3100,1176.0,16.0
3200,1188.0,17.0
3400,1175.0,17.0
3500,1171.0,17.0
3700,1183.0,17.0
3800,1169.0,17.0
3900,1168.0,17.0
4000,1172.0,17.0
4100,1160.0,17.0
4200,1163.0,17.0
4300,1159.0,17.0
4500,1159.0,17.0
4600,1163.0,18.0
4700,1158.0,18.0
4800,1166.0,18.0
4900,1157.0,18.0
5000,1162.0,18.0
5100,1165.0,18.0
5200,1152.0,18.0
5300,1152.0,18.0
5400,1154.0,18.0
5500,1158.0,18.0
5600,1154.0,18.0
5700,1157.0,18.0
5900,1162.0,18.0
6000,1158.0,18.0
6100,1160.0,18.0
6200,1163.0,18.0
6300,1161.0,18.0
6400,1166.0,18.0
6500,1163.0,18.0
6600,1157.0,19.0
6700,1160.0,19.0
6800,1165.0,19.0
7000,1151.0,19.0
7100,1166.0,19.0
7200,1161.0,19.0
7300,1155.0,19.0
7400,1165.0,19.0
7500,1155.0,19.0
7600,1161.0,19.0
7700,1168.0,19.0
7800,1155.0,19.0
7900,1164.0,19.0
8000,1171.0,19.0
8100,1150.0,19.0
8200,1150.0,19.0
8300,1164.0,19.0
8400,1152.0,19.0
8600,1154.0,19.0
8700,1155.0,19.0
8800,1147.0,19.0
8900,1152.0,19.0
9000,1148.0,19.0
9100,1148.0,19.0
9200,1157.0,19.0
9300,1154.0,19.0
9400,1153.0,19.0
9500,1158.0,19.0
9600,1156.0,19.0
9700,1158.0,20.0
9800,1158.0,20.0
9900,1156.0,20.0
10000,1158.0,20.0
10100,1150.0,20.0
10200,1144.0,20.0
10400,1150.0,20.0
10500,1151.0,20.0
10600,1142.0,19.0
10700,1146.0,20.0
10800,1151.0,20.0
10900,1139.0,20.0
11000,1139.0,20.0
11100,1155.0,20.0
11200,1150.0,20.0
11300,1151.0,19.0
11400,1156.0,20.0
11500,1167.0,20.0
11600,1162.0,20.0
11800,1167.0,20.0
11900,1169.0,20.0
12000,1155.0,20.0
12100,1164.0,20.0
12200,1165.0,20.0
12300,1171.0,20.0
12400,1181.0,20.0
12500,1170.0,20.0
12600,1184.0,21.0
12700,1182.0,21.0
12900,1174.0,21.0
13000,1186.0,21.0
13100,1175.0,21.0
13200,1199.0,21.0
13300,1181.0,22.0
13400,1203.0,22.0
13500,1208.0,22.0
13700,1199.0,23.0
13800,1235.0,23.0
13900,1224.0,23.0
14000,1239.0,23.0
14100,1241.0,24.0
14200,1244.0,24.0
14300,1243.0,25.0
14500,1251.0,25.0
14600,1246.0,25.0
14700,1249.0,26.0
14800,1248.0,26.0
14900,1246.0,26.0
15100,1235.0,27.0
15200,1224.0,27.0
15300,1213.0,27.0
15400,1226.0,27.0
15500,1206.0,28.0
15600,1214.0,28.0
15700,1201.0,28.0
15800,1211.0,28.0
15900,1179.0,29.0
16000,1214.0,29.0
16200,1192.0,29.0
16300,1210.0,29.0
16400,1179.0,30.0
16500,1198.0,30.0
16600,1192.0,30.0
16700,1193.0,30.0
16800,1182.0,31.0
16900,1187.0,31.0
17100,1175.5,31.0
17300,1170.0,31.0
17400,1162.0,31.0
17500,1164.0,32.0
17600,1163.0,32.0
17700,1170.0,32.0
17800,1186.0,32.0
17900,1206.0,32.0
18100,1197.0,32.0
18200,1168.0,32.0
18300,1190.0,31.0
18400,1196.0,31.0
18500,1219.0,31.0
18600,1209.0,31.0
18700,1215.0,31.0
18800,1212.0,31.0
18900,1200.0,31.0
19000,1206.0,30.0
19100,1197.0,30.0
19300,1207.0,30.0
19400,1206.0,29.0
19500,1218.0,29.0
19600,1210.0,29.0
19700,1224.0,29.0
19800,1221.0,29.0
19900,1231.0,28.0
20000,1223.0,28.0
20100,1224.0,28.0
20200,1223.0,28.0
20400,1263.0,27.0
20500,1210.0,27.0
20600,1206.0,27.0
20700,1230.0,27.0
20800,1188.0,27.0
20900,1199.0,27.0
21000,1174.0,27.0
21100,1180.0,27.0
21200,1160.0,27.0
21400,1178.0,27.0
21500,1176.0,27.0
21600,1191.0,27.0
21700,1211.0,27.0
21800,1253.0,27.0
21900,1275.0,27.0
22000,1266.0,27.0
22100,1248.0,27.0
22200,1261.0,27.0
22300,1254.0,27.0
22400,1262.0,27.0
22500,1221.0,27.0
22600,1236.0,26.0
22700,1223.0,26.0
22800,1233.0,26.0
22900,1202.0,26.0
23000,1229.0,26.0
23100,1219.0,25.0
23300,1233.0,25.0
23400,1226.0,25.0
23500,1222.0,25.0
23600,1223.0,24.0
23700,1218.0,24.0
23800,1227.0,24.0
23900,1221.0,24.0
24000,1222.0,23.0
24100,1232.0,23.0
24200,1225.0,23.0
24300,1228.0,23.0
24400,1219.0,23.0
24500,1216.0,22.0
24600,1216.0,22.0
24800,1187.0,22.0
24900,1103.0,22.0
25000,1059.0,21.0
25100,1036.0,21.0
25200,1110.0,21.0
25300,1246.0,21.0
25400,1253.0,21.0
25500,1240.0,21.0
25600,1213.0,21.0
25700,1203.0,20.0
25800,1202.0,20.0
25900,1198.0,20.0
26100,1188.0,19.0
26200,1172.0,18.5
26400,1138.0,18.0
26500,1123.0,17.0
26600,1121.0,17.0
26700,1116.0,16.0
26800,1114.0,16.0
26900,1131.0,16.0
27000,1139.0,16.0
27100,1147.0,15.0
27200,1152.0,15.0
27300,1140.0,14.0
27400,1128.0,14.0
27500,1120.0,14.0
27600,1092.0,13.0
27700,1080.0,13.0
27800,1058.0,12.0
27900,1029.0,12.0
28100,1003.0,11.0
28200,991.0,11.0
28300,990.0,11.0
28400,987.0,11.0
28500,980.0,10.0
28600,976.0,10.0
28800,952.0,10.0
28900,941.0,10.0
29000,921.0,9.0
29100,914.0,9.0
29200,918.0,9.0
29300,926.0,9.0
29400,944.0,9.0
29500,958.0,9.0
29600,960.0,9.0
29700,967.0,9.0
29800,967.0,9.0
29900,971.0,9.0
30000,974.0,9.0
30100,980.0,9.0
30200,1030.0,9.0
30300,1084.0,9.0
30500,1144.0,9.0
30600,1177.0,9.0
30700,1190.0,9.0
30800,1208.0,9.0
30900,1218.0,9.0
31000,1218.0,10.0
31100,1210.0,10.0
31200,1212.0,10.0
31300,1206.0,10.0
31400,1199.0,10.0
31500,1197.0,10.0
31600,1195.0,10.0
31800,1200.0,10.0
31900,1201.0,10.0
32000,1213.0,10.0
32100,1227.0,10.0
32200,1230.0,11.0
32300,1236.0,11.0
32400,1238.0,11.0
32500,1241.0,11.0
32600,1236.0,11.0
32700,1231.0,11.0
32800,1222.0,11.0
33000,1222.0,11.0
33100,1235.0,11.0
33200,1257.0,11.0
33300,1281.0,11.0
33400,1328.0,11.0
33500,1347.0,12.0
33600,1403.0,12.0
33700,1508.0,12.0
33800,1557.0,12.0
33900,1664.0,13.0
34000,1750.0,13.0
34200,1787.0,14.0
34300,1771.0,14.0
34400,1750.0,15.0
34500,1738.0,16.0
34600,1721.0,16.0
34700,1714.0,16.0
34800,1709.0,17.0
34900,1719.0,17.0
35000,1714.0,18.0
35100,1682.0,19.0
35200,1660.0,19.0
35300,1618.0,19.0
35400,1573.0,20.0
35500,1560.0,20.0
35600,1517.0,21.0
35700,1441.0,21.0
35800,1420.0,22.0
35900,1391.0,22.0
36000,1379.0,23.0
36200,1363.0,23.0
36300,1345.0,24.0
36400,1312.0,24.0
36500,1285.0,24.0
36600,1294.0,24.0
36700,1355.0,24.0
36900,1333.0,24.0
37000,1290.0,24.0
37100,1224.0,24.0
37200,1151.0,24.0
37300,1064.0,24.0
37400,1083.0,24.0
37500,1132.0,24.0
37600,1235.0,24.0
37700,1262.0,24.0
37800,1254.0,24.0
38000,1223.0,23.0
38100,1179.0,23.0
38200,1139.0,23.0
38300,1135.0,23.0
38400,1180.0,23.0
38500,1202.0,23.0
38600,1217.0,23.0
38700,1216.0,23.0
38800,1214.0,23.0
38900,1207.0,23.0
39000,1206.0,23.0
39100,1204.0,23.0
39200,1191.0,23.0
39300,1167.0,23.0
39400,1163.0,23.0
39500,1149.0,22.0
39600,1121.0,22.0
39700,1111.0,22.0
39900,1118.0,22.0
40000,1107.0,22.0
40100,1104.5,22.0
40300,1117.0,22.0
40400,1131.5,21.0
40500,1127.0,21.0
40700,1126.0,21.0
40800,1137.0,20.0
40900,1137.0,20.0
41000,1128.0,20.0
41100,1123.0,19.0
41200,1120.0,19.0
41300,1121.0,19.0
41400,1104.0,19.0
41500,1104.0,18.0
41600,1097.0,18.0
41700,1108.0,17.0
41800,1108.0,17.0
41900,1106.0,17.0
42000,1094.0,16.0
42100,1097.0,16.0
42200,1099.0,15.0
42300,1102.0,15.0
42400,1101.0,15.0
42600,1102.0,14.0
42700,1069.0,14.0
42800,1067.0,14.0
42900,1063.0,14.0
43000,1063.0,13.0
43100,1050.0,13.0
43200,1045.0,13.0
43400,1042.0,13.0
43500,1041.0,13.0
43600,1047.0,13.0
43700,1036.0,13.0
43800,1029.0,13.0
43900,1034.0,13.0
44000,1030.0,13.0
44100,1035.0,12.0
44200,1111.0,12.0
44400,1252.0,12.0
44500,1431.0,13.0
44600,1626.0,13.0
44700,1773.0,13.0
44800,1837.0,14.0
44900,1916.0,14.0
45000,1927.0,15.0
45100,1902.0,15.0
45200,1844.0,16.0
45300,1818.0,16.0
45400,1780.0,17.0
45500,1753.0,17.0
45600,1703.0,18.0
45700,1668.0,18.0
45800,1587.0,19.0
46000,1459.0,19.0
46100,1402.0,19.0
46200,1320.0,19.0
46300,1305.0,19.0
46400,1293.0,20.0
46500,1245.0,20.0
46600,1233.0,20.0
46700,1229.0,20.0
46800,1237.0,20.0
47000,1281.0,20.0
47100,1291.0,20.0
47300,1282.0,20.0
47400,1285.0,20.0
47500,1312.0,20.0
47600,1322.0,20.0
47700,1335.0,20.0
47800,1302.0,20.0
47900,1279.0,20.0
48000,1221.0,20.0
48100,1169.0,20.0
48200,1145.0,20.0
48300,1091.0,20.0
48400,1071.0,19.0
48500,1073.0,19.0
48600,1157.0,19.0
48700,1182.0,18.0
48800,1188.0,18.0
48900,1164.0,17.0
49000,1132.0,17.0
49100,1092.0,16.0
49300,1040.0,15.0
49400,1021.0,15.0
49500,994.0,14.0
49600,996.0,13.0
49700,1012.0,13.0
49800,1015.0,12.0
49900,1027.0,12.0
50000,1031.0,12.0
50100,1033.0,12.0
50200,1021.0,12.0
50400,1027.0,12.0
50500,1028.0,12.0
50600,1043.0,12.0
50700,1117.0,12.0
50800,1244.0,12.0
50900,1362.0,12.0
51000,1417.0,12.0
51200,1462.0,12.0
51300,1577.0,13.0
51400,1665.0,13.0
51500,1682.0,14.0
51600,1710.0,14.0
51700,1715.0,15.0
51800,1694.0,15.0
51900,1651.0,16.0
52000,1634.0,16.0
52100,1593.0,16.0
52200,1575.0,17.0
52300,1552.0,17.0
52500,1552.0,17.0
52600,1571.0,18.0
52700,1591.0,18.0
52800,1590.0,19.0
53000,1562.0,19.0
53100,1521.0,20.0
53200,1486.0,20.0
53300,1448.0,21.0
53400,1426.0,21.0
53500,1384.0,21.0
53700,1319.0,22.0
53800,1317.0,22.0
53900,1324.0,22.0
54000,1322.0,23.0
54100,1330.0,23.0
54200,1341.0,24.0
54300,1331.0,24.0
54400,1341.0,24.0
54500,1347.0,25.0
54600,1345.0,25.0
54700,1347.0,25.0
54900,1340.0,26.0
55000,1351.0,26.0
55100,1349.0,26.0
55200,1356.0,27.0
55300,1356.0,27.0
55400,1369.0,28.0
55500,1375.0,28.0
55600,1395.0,28.0
55700,1407.0,29.0
55900,1428.5,29.0
56100,1449.0,30.0
56200,1450.0,30.0
56300,1460.0,30.0
56400,1469.0,31.0
56500,1470.0,31.0
56600,1484.0,32.0
56700,1483.0,32.0
56800,1475.0,32.0
56900,1470.0,33.0
57000,1473.0,33.0
57100,1478.0,33.0
57300,1458.0,34.0
57400,1461.0,34.0
57500,1444.0,34.0
57600,1450.0,35.0
57700,1431.0,35.0
57800,1431.0,35.0
57900,1410.0,35.0
58000,1403.0,36.0
58100,1387.0,36.0
58200,1371.0,36.0
58300,1320.0,36.0
58500,1301.0,36.0
58600,1283.0,36.0
58700,1269.0,37.0
58800,1245.0,37.0
58900,1246.0,37.0
59000,1227.0,37.0
59100,1194.0,36.0
59200,1224.0,36.0
59300,1226.0,36.0
59500,1226.0,36.0
59600,1200.0,36.0
59700,1191.0,35.0
59800,1189.0,35.0
60000,1190.0,35.0
60100,1165.0,35.0
60200,1167.0,34.0
60300,1166.0,34.0
60400,1172.0,34.0
60500,1169.0,33.0
60600,1184.0,33.0
60700,1183.0,32.0
60800,1191.0,32.0
60900,1187.0,32.0
61000,1194.0,31.0
61100,1195.0,31.0
61200,1196.0,30.0
61300,1200.0,30.0
61400,1201.0,30.0
61500,1203.0,29.0
61600,1200.0,29.0
61700,1205.0,29.0
61800,1201.0,28.0
61900,1205.0,28.0
62000,1205.0,28.0
62100,1198.0,27.0
62200,1203.0,26.0
62400,1204.0,26.0
62500,1202.0,26.0
62600,1204.0,25.0
62700,1204.0,25.0
62800,1206.0,24.0
62900,1204.0,24.0
63000,1195.0,23.0
63200,1193.0,22.0
63300,1180.0,22.0
63400,1175.0,21.0
63500,1162.0,20.0
63600,1162.0,20.0
63700,1143.0,19.0
63800,1049.0,18.0
63900,1000.0,18.0
64000,1158.0,17.0
64100,1197.0,17.0
64200,1181.0,16.0
64300,1169.0,16.0
64500,1137.0,15.0
64600,1119.0,15.0
64700,1104.0,14.0
64800,1088.0,13.0
64900,1078.0,13.0
65000,1061.0,12.0
65100,1022.0,12.0
65200,1007.0,11.0
65300,980.0,11.0
65400,962.0,10.0
65500,934.0,10.0
65700,905.0,9.0
65800,882.0,8.0
65900,860.0,8.0
66000,860.0,7.0
66100,841.0,7.0
66200,823.0,6.0
66300,798.0,6.0
66400,782.0,5.0
66600,764.0,5.0
66700,749.0,4.0
66800,744.0,4.0
66900,743.0,3.0
67000,741.0,3.0
67100,743.0,2.0
67200,739.0,2.0
67300,737.0,2.0
67400,735.0,1.0
67500,733.0,0.0
67600,729.0,0.0
67700,738.0,0.0
67800,731.0,0.0
67900,728.0,0.0
68000,731.0,0.0
68100,736.0,0.0
68200,735.0,0.0
68300,742.0,0.0
68500,745.0,0.0
68600,743.0,0.0
68700,744.0,0.0
68800,742.0,0.0
68900,746.0,0.0
69000,748.0,0.0
69100,752.0,0.0
69200,751.0,0.0
69300,750.0,0.0
69400,753.0,0.0
69500,754.0,0.0
69600,754.0,0.0
69700,758.0,0.0
69800,756.0,0.0
69900,751.0,0.0
70000,743.0,0.0
70100,743.0,0.0
70200,745.0,0.0
70300,742.0,0.0
70400,742.0,0.0
70500,742.0,0.0
70700,738.0,0.0
70800,740.0,0.0
70900,742.0,0.0
71000,741.0,0.0
71100,743.0,0.0
71200,742.0,0.0
71300,733.0,0.0
71400,731.0,0.0
71500,728.0,0.0
71600,727.0,0.0
71800,734.0,0.0
71900,738.0,0.0
72000,730.0,0.0
72100,731.0,0.0
72200,729.0,0.0
72300,730.0,0.0
72400,734.0,0.0
72500,734.0,0.0
72600,733.0,0.0
72700,730.0,0.0
72800,723.0,0.0
72900,723.0,0.0
73000,732.0,0.0
73100,734.0,0.0
73200,734.0,0.0
73300,727.0,0.0
73400,723.0,0.0
73500,725.0,0.0
73600,730.0,0.0
73700,730.0,0.0
73800,730.0,0.0
74000,727.5,0.0
74200,721.0,0.0
74300,724.0,0.0
74400,730.0,0.0
74500,720.0,0.0
74600,714.0,0.0
74700,709.0,0.0
74800,706.0,0.0
74900,702.0,0.0
75000,706.0,0.0
75100,707.0,0.0
75200,715.0,0.0
75300,714.0,0.0
75500,711.0,0.0
75600,710.0,0.0
75700,706.0,0.0
75800,713.0,0.0
75900,714.0,0.0
76000,718.0,0.0
76100,709.0,0.0
76200,708.0,0.0
76300,695.0,0.0
76400,699.0,0.0
76500,708.0,0.0
76600,709.0,0.0
76700,714.0,0.0
76800,706.0,0.0
76900,712.0,0.0
77000,708.0,0.0
77100,709.0,0.0
77300,711.0,0.0
77400,690.0,0.0
77500,672.0,0.0
77600,672.0,0.0
77700,662.0,0.0
77800,670.0,0.0
77900,690.0,0.0
78000,697.0,0.0
78100,707.0,0.0
78200,718.0,0.0
78300,712.0,0.0
78500,723.0,0.0
78600,720.0,0.0
78700,718.0,0.0
78800,709.0,0.0
78900,710.0,0.0
79000,709.0,0.0
79100,710.0,0.0
79200,708.0,0.0
79300,710.0,0.0
79400,706.0,0.0
79500,702.0,0.0
79600,698.0,0.0
79700,703.0,0.0
79900,703.0,0.0
80000,709.0,0.0
80100,706.0,0.0
80200,704.0,0.0
80300,705.0,0.0
80400,708.0,0.0
80500,707.0,0.0
80600,712.0,0.0
80700,717.0,0.0
80800,714.0,0.0
80900,712.0,0.0
81100,704.0,0.0
81200,698.0,0.0
81300,703.0,0.0
81400,707.0,0.0
81500,703.0,0.0
81600,705.0,0.0
81700,700.0,0.0
81800,706.0,0.0
81900,705.0,0.0
82100,704.0,0.0
82200,710.0,0.0
82300,699.0,0.0
82400,702.0,0.0
82600,698.0,0.0
82700,711.0,0.0
82800,708.0,0.0
82900,712.0,0.0
83000,702.0,0.0
83100,697.0,0.0
83200,703.0,0.0
83300,708.0,0.0
83400,716.0,0.0
83500,709.0,0.0
83600,694.0,0.0
83700,695.0,0.0
83800,689.0,0.0
83900,698.0,0.0
84000,697.0,0.0
84100,694.0,0.0
84200,697.0,0.0
84400,694.0,0.0
84500,696.0,0.0
84600,706.0,0.0
84700,713.0,0.0
84800,705.0,0.0
84900,707.0,0.0
85000,702.0,0.0
85100,704.0,0.0
85200,702.0,0.0
85300,707.0,0.0
85400,713.0,0.0
85500,709.0,0.0
85600,706.0,0.0
85700,690.0,0.0
85800,684.0,0.0
86000,697.0,0.0
86100,697.0,0.0
86200,703.0,0.0
86300,705.0,0.0
86400,700.0,0.0
86500,709.0,0.0
86600,722.0,0.0
86700,749.0,0.0
86800,765.0,0.0
87000,805.0,0.0
87100,852.0,0.0
87200,889.0,0.0
87300,1079.0,0.0
87400,1297.0,2.0
87500,1491.0,3.0
87700,1613.0,3.0
87800,1650.0,4.0
87900,1669.0,5.0
88000,1644.0,6.0
88100,1628.0,7.0
88200,1636.0,7.0
88300,1669.0,8.0
88400,1707.0,9.0
88600,1755.0,10.0
88700,1770.0,10.0
88800,1814.0,11.0
88900,1825.0,12.0
89000,1784.0,12.0
89100,1742.0,13.0
89200,1728.0,14.0
89300,1711.0,14.0
89400,1685.0,15.0
89500,1648.0,15.0
89600,1625.0,16.0
89700,1582.0,16.0
89800,1570.0,17.0
89900,1525.0,18.0
90000,1506.0,18.0
90100,1456.0,18.0
90200,1403.0,19.0
90300,1379.0,19.0
90400,1356.0,20.0
90500,1344.0,20.0
90600,1327.0,20.0
90700,1322.0,21.0
90900,1312.0,22.0
91000,1320.0,22.0
91100,1300.0,22.0
91300,1300.0,23.0
91400,1299.0,23.0
91500,1299.0,23.0
91600,1301.0,24.0
91700,1313.0,24.0
91800,1292.0,25.0
91900,1300.0,25.0
92000,1296.0,25.0
92100,1286.0,26.0
92200,1286.0,26.0
92400,1278.0,26.0
92500,1273.0,27.0
92600,1260.0,27.0
92700,1273.0,27.0
92800,1263.0,28.0
92900,1260.0,28.0
93000,1259.0,28.0
93100,1256.0,28.0
93300,1271.0,29.0
93400,1266.0,29.0
93500,1259.0,29.0
93600,1261.0,29.0
93700,1257.0,30.0
93800,1262.0,30.0
93900,1258.0,30.0
94000,1265.0,31.0
94100,1263.0,31.0
94200,1263.0,31.0
94300,1269.0,31.0
94400,1262.0,32.0
94500,1272.0,32.0
94600,1258.0,32.0
94700,1269.0,32.0
94800,1257.0,33.0
94900,1260.0,33.0
95000,1263.0,33.0
95100,1263.0,33.0
95200,1274.0,34.0
95400,1275.0,34.0
95500,1290.0,34.0
95600,1289.0,34.0
95700,1308.0,35.0
95800,1313.0,35.0
95900,1316.0,35.0
96000,1321.0,36.0
96100,1339.0,36.0
96200,1339.0,36.0
96300,1352.0,36.0
96400,1351.0,37.0
96500,1363.0,37.0
96600,1366.0,37.0
96700,1370.0,37.0
96800,1375.0,38.0
96900,1381.0,38.0
97000,1389.0,38.0
97200,1403.0,39.0
97300,1418.0,39.0
97400,1419.0,39.0
97500,1425.0,40.0
97600,1431.0,40.0
97700,1442.0,40.0
97800,1454.0,41.0
98000,1460.0,41.0
98100,1472.0,41.0
98200,1479.0,41.0
98300,1495.0,42.0
98400,1507.0,42.0
98500,1515.0,42.0
98600,1524.0,43.0
98700,1527.0,43.0
98800,1545.0,43.0
98900,1538.0,44.0
99000,1543.0,44.0
99100,1541.0,44.0
99200,1544.0,45.0
99300,1543.0,45.0
99500,1544.5,45.0
99700,1547.0,46.0
99800,1545.5,46.0
100000,1545.0,47.0
100100,1547.0,47.0
100200,1546.0,47.0
100300,1546.0,47.0
100400,1549.0,48.0
100500,1539.0,48.0
100600,1552.0,48.0
100700,1549.0,48.0
100800,1548.0,49.0
101000,1543.0,49.0
101100,1555.0,50.0
101200,1550.0,50.0
101300,1553.0,50.0
101400,1555.0,50.0
101500,1553.0,51.0
101600,1551.0,51.0
101700,1552.0,51.0
101800,1559.0,51.0
101900,1557.0,52.0
102000,1553.0,52.0
102100,1560.0,52.0
102200,1562.0,52.0
102300,1554.0,53.0
102400,1564.0,53.0
102500,1563.0,53.0
102600,1557.0,53.0
102700,1556.0,54.0
102900,1564.0,54.0
103000,1559.0,54.0
103100,1553.0,54.0
103200,1556.0,55.0
103300,1556.0,55.0
103400,1561.0,55.0
103500,1564.0,55.0
103600,1559.0,55.0
103700,1568.0,56.0
103800,1562.0,56.0
103900,1566.0,56.0
104000,1571.0,56.0
104100,1567.0,57.0
104300,1563.0,57.0
104400,1568.0,57.0
104500,1568.0,57.0
104600,1563.0,57.0
104700,1572.0,58.0
104900,1568.0,58.0
105000,1559.0,58.0
105100,1563.0,58.0
105200,1561.0,58.0
105300,1557.0,59.0
105400,1546.0,59.0
105500,1546.0,59.0
105600,1546.0,59.0
105700,1548.0,59.0
105800,1541.0,59.0
105900,1551.0,60.0
106000,1548.0,60.0
106100,1543.0,60.0
106200,1551.0,60.0
106300,1549.0,60.0
106400,1554.0,60.0
106600,1553.0,61.0
106800,1553.0,61.0
106900,1550.0,61.0
107000,1564.0,61.0
107100,1564.0,61.0
107200,1561.0,61.0
107300,1574.0,62.0
107400,1570.0,62.0
107500,1577.0,62.0
107600,1572.0,62.0
107700,1581.0,62.0
107800,1581.0,62.0
107900,1578.0,62.0
108000,1576.0,63.0
108100,1581.0,63.0
108200,1578.0,63.0
108300,1581.0,63.0
108500,1578.0,63.0
108600,1582.0,63.0
108700,1584.0,63.0
108800,1587.0,64.0
108900,1589.0,64.0
109100,1588.0,64.0
109200,1584.0,64.0
109300,1583.0,64.0
109400,1579.0,64.0
109500,1579.0,64.0
109600,1579.0,64.0
109700,1572.0,65.0
109800,1568.0,65.0
109900,1558.0,65.0
110000,1550.0,65.0
110200,1546.0,65.0
110300,1528.0,65.0
110400,1523.0,65.0
110500,1521.0,65.0
110600,1518.0,66.0
110700,1516.0,66.0
110800,1511.0,66.0
110900,1513.0,66.0
111000,1508.0,66.0
111100,1513.0,66.0
111200,1516.0,66.0
111300,1518.0,66.0
111400,1518.0,66.0
111500,1521.0,66.0
111700,1520.0,66.0
111800,1517.0,66.0
111900,1523.0,67.0
112000,1520.0,67.0
112100,1517.0,67.0
112200,1523.0,67.0
112300,1523.0,67.0
112400,1519.0,67.0
112500,1517.0,67.0
112600,1521.0,67.0
112700,1526.0,67.0
112800,1516.0,67.0
112900,1519.0,67.0
113000,1523.0,67.0
113100,1516.0,68.0
113200,1522.0,68.0
113300,1526.0,68.0
113400,1523.0,68.0
113500,1517.0,68.0
113600,1522.0,68.0
113700,1520.0,68.0
113800,1511.0,68.0
113900,1497.0,68.0
114000,1478.0,68.0
114100,1464.0,68.0
114200,1439.0,68.0
114300,1439.0,68.0
114400,1419.0,68.0
114600,1398.0,68.0
114700,1391.0,68.0
114800,1385.0,68.0
114900,1375.0,68.0
115000,1368.0,68.0
115100,1370.0,68.0
115200,1368.0,68.0
115300,1368.0,68.0
115400,1366.0,68.0
115500,1368.0,68.0
115600,1371.0,68.0
115800,1370.0,68.0
115900,1368.0,68.0
116000,1367.0,68.0
116100,1371.0,68.0
116200,1372.0,68.0
116300,1368.0,68.0
116400,1374.0,68.0
116500,1374.0,68.0
116600,1376.0,68.0
116700,1379.0,68.0
116900,1376.0,68.0
117000,1382.0,68.0
117100,1379.0,68.0
117200,1375.0,68.0
117300,1375.0,68.0
117400,1379.0,68.0
117600,1382.0,69.0
117700,1383.0,69.0
117800,1386.0,69.0
117900,1383.0,69.0
118000,1383.0,69.0
118100,1384.0,69.0
118200,1379.0,69.0
118300,1382.0,69.0
118400,1383.0,69.0
118600,1380.0,69.0
118700,1384.0,69.0
118900,1388.0,69.0
119000,1380.0,69.0
119100,1382.0,69.0
119200,1381.0,69.0
119300,1386.0,70.0
119400,1383.0,70.0
119500,1385.0,70.0
119600,1390.0,70.0
119700,1386.0,70.0
119800,1383.0,70.0
119900,1385.0,70.0
120100,1384.0,70.0
120200,1381.0,70.0
120300,1385.0,70.0
120400,1382.0,70.0
120500,1379.0,70.0
120600,1380.0,70.0
120700,1380.0,70.0
120800,1386.0,70.0
120900,1378.0,70.0
121000,1381.0,70.0
121200,1383.0,70.0
121300,1387.0,70.0
121400,1384.0,70.0
121500,1387.0,70.0
121600,1385.0,70.0
121700,1384.0,70.0
121800,1386.0,70.0
121900,1384.0,70.0
122000,1387.0,70.0
122100,1384.0,70.0
122200,1388.0,71.0
122300,1385.0,71.0
122400,1385.0,71.0
122500,1386.0,71.0
122600,1388.0,71.0
122700,1388.0,71.0
122800,1392.0,71.0
122900,1390.0,71.0
123000,1387.0,71.0
123100,1386.0,71.0
123300,1388.0,71.0
123400,1388.0,71.0
123500,1389.0,71.0
123600,1386.0,71.0
123700,1385.0,71.0
123800,1387.0,71.0
123900,1391.0,71.0
124100,1387.0,71.0
124200,1388.0,71.0
124300,1388.0,71.0
124400,1389.0,71.0
124600,1392.0,71.0
124700,1388.0,71.0
124800,1388.0,71.0
124900,1386.0,71.0
125000,1386.0,71.0
125100,1390.0,71.0
125200,1390.0,71.0
125300,1388.0,71.0
125400,1386.0,71.0
125500,1388.0,71.0
125700,1384.0,71.0
125800,1385.0,71.0
125900,1385.0,71.0
126000,1385.0,71.0
126100,1386.0,71.0
126200,1386.0,71.0
126300,1387.0,71.0
126400,1383.0,71.0
126500,1385.0,71.0
126600,1382.0,71.0
126700,1383.0,71.0
126800,1381.0,71.0
126900,1383.0,71.0
127000,1383.0,71.0
127100,1384.0,71.0
127200,1382.0,71.0
127300,1379.0,71.0
127400,1382.0,71.0
127500,1380.0,71.0
127700,1377.0,71.0
127800,1382.0,71.0
127900,1381.0,71.0
128000,1373.0,71.0
128100,1379.0,71.0
128200,1378.0,71.0
128300,1376.0,71.0
128400,1374.0,71.0
128500,1371.0,71.0
128600,1370.0,70.0
128700,1369.0,70.0
128800,1369.0,70.0
128900,1371.0,70.0
129000,1371.0,70.0
129100,1369.0,70.0
129200,1367.0,70.0
129300,1370.0,70.0
129500,1367.0,70.0
129600,1368.0,70.0
129700,1366.0,70.0
129800,1369.0,70.0
129900,1364.0,70.0
130000,1367.0,70.0
130100,1364.0,70.0
130300,1363.0,70.0
130500,1364.0,70.0
130600,1364.0,69.0
130700,1359.0,69.0
130800,1355.0,69.0
130900,1351.0,69.0
131000,1353.0,69.0
131100,1351.0,69.0
131300,1352.0,69.0
131400,1357.0,69.0
131500,1353.0,68.0
131600,1357.0,68.0
131700,1357.0,68.0
131900,1354.0,68.0
132000,1357.0,68.0
132100,1360.0,68.0
132200,1354.0,68.0
132300,1360.0,67.0
132400,1361.0,67.0
132500,1358.0,67.0
132600,1359.0,67.0
132800,1360.0,67.0
132900,1362.0,67.0
133000,1361.0,67.0
133100,1365.0,67.0
133200,1367.0,67.0
133300,1362.0,66.0
133400,1363.0,67.0
133500,1369.0,66.0
133600,1361.0,66.0
133700,1364.0,66.0
133800,1364.0,66.0
134000,1366.0,66.0
134100,1369.0,66.0
134200,1365.0,66.0
134300,1368.0,66.0
134400,1368.0,66.0
134500,1368.0,66.0
134600,1362.0,66.0
134700,1366.0,66.0
134800,1368.0,66.0
134900,1370.0,66.0
135000,1366.0,66.0
135100,1370.0,66.0
135200,1372.0,66.0
135300,1368.0,65.0
135400,1372.0,66.0
135600,1378.0,66.0
135700,1382.0,66.0
135800,1378.0,66.0
135900,1385.0,66.0
136000,1383.0,66.0
136100,1380.0,66.0
136200,1383.0,66.0
136400,1387.0,66.0
136500,1386.0,66.0
136600,1388.0,66.0
136700,1389.0,66.0
136800,1391.0,66.0
136900,1393.0,66.0
137100,1396.0,66.0
137200,1394.0,66.0
137300,1390.0,66.0
137400,1394.0,66.0
137500,1396.0,66.0
137600,1397.0,66.0
137700,1394.0,66.0
137800,1394.0,66.0
137900,1398.0,66.0
138100,1398.0,67.0
138200,1398.0,66.0
138300,1395.0,66.0
138400,1397.0,66.0
138500,1394.0,67.0
138600,1391.0,67.0
138700,1393.0,66.0
138800,1400.0,66.0
139000,1396.0,66.0
139200,1394.0,66.0
139300,1393.0,66.0
139400,1390.0,66.0
139500,1389.0,66.0
139600,1389.0,66.0
139700,1386.0,66.0
139800,1378.0,66.0
139900,1389.0,66.0
140000,1386.0,66.0
140100,1387.0,66.0
140200,1384.0,66.0
140300,1378.0,65.0
140400,1375.0,65.0
140500,1371.0,66.0
140600,1370.0,65.0
140700,1365.0,65.0
140800,1362.0,65.0
140900,1366.0,65.0
141000,1363.0,65.0
141200,1359.0,65.0
141300,1357.0,65.0
141400,1356.0,64.0
141500,1353.0,64.0
141600,1352.0,64.0
141700,1348.0,64.0
141800,1346.0,64.0
141900,1343.0,64.0
142000,1344.0,64.0
142100,1336.0,64.0
142200,1333.0,63.0
142300,1332.0,63.0
142400,1334.0,63.0
142500,1326.0,63.0
142600,1321.0,63.0
142800,1320.5,62.5
143000,1318.0,62.0
143100,1320.0,62.0
143200,1315.0,62.0
143300,1310.0,62.0
143400,1306.0,62.0
143600,1309.0,62.0
143700,1308.0,61.0
143800,1305.0,61.0
143900,1304.0,61.0
144000,1313.0,61.0
144100,1300.0,61.0
144200,1296.0,60.0
144300,1293.0,60.0
144500,1285.0,60.0
144600,1283.0,60.0
144700,1329.0,60.0
144800,1270.0,60.0
144900,1279.0,60.0
145000,1292.0,59.0
145100,1278.0,59.0
145200,1292.0,59.0
145400,1271.0,59.0
145500,1279.0,59.0
145600,1271.0,59.0
145700,1277.0,59.0
145800,1266.0,59.0
145900,1267.0,59.0
146000,1263.0,59.0
146100,1266.0,59.0
146200,1260.0,58.0
146300,1256.0,58.0
146400,1258.0,58.0
146500,1255.0,58.0
146700,1249.0,58.0
146800,1253.0,58.0
146900,1244.0,58.0
147000,1247.0,58.0
147100,1243.0,57.0
147200,1248.0,57.0
147300,1237.0,57.0
147400,1243.0,57.0
147500,1227.0,57.0
147700,1237.0,57.0
147800,1233.0,57.0
147900,1229.0,57.0
148100,1231.0,57.0
148200,1220.0,56.0
148300,1229.0,56.0
148400,1230.0,56.0
148500,1223.0,56.0
148600,1236.0,56.0
148700,1225.0,56.0
148800,1229.0,56.0
148900,1228.0,55.0
149000,1230.0,55.0
149100,1232.0,55.0
149200,1235.0,55.0
149300,1252.0,55.0
149400,1245.0,54.0
149500,1236.0,54.0
149700,1237.0,54.0
149800,1230.0,54.0
149900,1233.0,53.0
150000,1223.0,53.0
150100,1228.0,53.0
150200,1228.0,52.0
150300,1230.0,52.0
150400,1226.0,52.0
150500,1233.0,52.0
150600,1235.0,51.0
150700,1240.0,51.0
150800,1236.0,51.0
150900,1242.0,51.0
151100,1237.0,50.0
151200,1233.0,50.0
151300,1233.0,50.0
151400,1234.0,49.0
151500,1231.0,49.0
151600,1233.0,49.0
151700,1232.0,48.0
151800,1231.0,48.0
151900,1224.0,47.0
152000,1230.0,47.0
152100,1228.0,47.0
152200,1229.0,46.0
152300,1232.0,46.0
152400,1222.0,45.0
152500,1237.0,45.0
152600,1230.0,44.0
152700,1235.0,44.0
152800,1234.0,43.0
152900,1227.0,43.0
153000,1238.0,43.0
153100,1232.0,42.0
153300,1229.0,42.0
153400,1238.0,41.0
153500,1227.0,41.0
153600,1244.0,40.0
153700,1241.0,40.0
153800,1244.0,39.0
153900,1239.0,39.0
154000,1223.0,38.0
154200,1242.0,38.0
154300,1234.5,37.0
154400,1227.0,37.0
154600,1247.0,36.0
154700,1235.0,36.0
154800,1244.0,35.0
154900,1246.0,35.0
155000,1247.0,34.0
155100,1236.0,34.0
155200,1244.0,34.0
155300,1229.0,33.0
155400,1236.0,32.0
155500,1227.0,32.0
155600,1231.0,32.0
155700,1225.0,31.0
155800,1223.0,31.0
155900,1228.0,30.0
156100,1218.0,30.0
156200,1230.0,29.0
156300,1229.0,29.0
156400,1235.0,29.0
156500,1243.0,28.0
156600,1242.0,28.0
156700,1246.0,27.0
156800,1244.0,27.0
156900,1236.0,27.0
157000,1245.0,26.0
157100,1238.0,26.0
157200,1233.0,25.0
157300,1232.0,25.0
157400,1231.0,24.0
157500,1222.0,24.0
157600,1226.0,23.0
157700,1216.0,23.0
157900,1213.0,22.0
158000,1211.0,22.0
158100,1198.0,21.0
158200,1194.0,21.0
158300,1179.0,20.0
158400,1097.0,19.0
158500,1051.0,19.0
158600,969.0,18.0
158700,1066.0,17.0
158800,1092.0,17.0
158900,1093.0,16.0
159000,1087.0,15.0
159100,1069.0,15.0
159200,1035.0,14.0
159300,1009.0,14.0
159400,978.0,13.0
159500,947.0,12.0
159700,904.5,11.5
159900,878.0,10.0
160000,839.0,9.0
160100,811.0,9.0
160200,805.0,8.0
160300,786.0,8.0
160400,786.0,8.0
160500,780.0,7.0
160600,770.0,7.0
160700,755.0,7.0
160800,748.0,7.0
161000,735.0,7.0
161100,732.0,7.0
161200,760.0,7.0
161300,818.0,7.0
161400,926.0,7.0
161500,1061.0,7.0
161600,1155.0,7.0
161700,1283.0,7.0
161800,1336.0,8.0
161900,1376.0,8.0
162000,1402.0,8.0
162200,1474.0,9.0
162300,1570.0,9.0
162400,1640.0,10.0
162500,1755.0,11.0
162600,1793.0,12.0
162700,1790.0,12.0
162900,1741.0,13.0
163000,1728.0,14.0
163100,1699.0,14.0
163200,1695.0,15.0
163300,1695.0,15.0
163400,1704.0,16.0
163500,1689.0,17.0
163600,1653.0,17.0
163700,1636.0,18.0
163800,1603.0,18.0
163900,1562.0,19.0
164000,1536.0,19.0
164100,1475.0,20.0
164200,1432.0,20.0
164400,1412.0,21.0
164500,1430.0,21.0
164600,1395.0,22.0
164700,1391.0,22.0
164800,1403.0,22.0
164900,1380.0,23.0
165100,1386.0,23.0
165200,1380.0,24.0
165300,1399.0,24.0
165400,1401.0,25.0
165500,1400.0,25.0
165600,1420.0,25.0
165700,1433.0,26.0
165800,1431.0,26.0
165900,1421.0,26.0
166000,1443.0,27.0
166100,1442.0,27.0
166200,1430.0,28.0
166300,1449.0,28.0
166400,1434.0,28.0
166500,1459.0,29.0
166600,1441.0,29.0
166700,1451.0,30.0
166800,1450.0,30.0
166900,1457.0,30.0
167000,1449.0,31.0
167100,1455.0,31.0
167200,1450.0,31.0
167300,1446.0,32.0
167500,1439.0,32.0
167700,1404.0,33.0
167800,1390.0,33.0
167900,1378.0,33.0
168000,1336.0,33.0
168100,1303.0,33.0
168200,1296.0,33.0
168400,1257.0,33.0
168500,1236.0,33.0
168600,1182.0,32.0
168700,1188.0,32.0
168800,1179.0,31.0
168900,1158.0,31.0
169000,1149.0,30.0
169100,1130.0,30.0
169200,1141.0,29.0
169300,1139.0,28.0
169400,1151.0,28.0
169600,1154.0,27.0
169700,1167.0,27.0
169800,1169.0,26.0
169900,1171.0,26.0
170000,1175.0,25.0
170100,1172.0,25.0
170200,1178.0,24.0
170300,1174.0,23.0
170400,1175.0,23.0
170500,1176.0,22.0
170600,1169.0,21.0
170700,1167.0,21.0
170800,1157.0,20.0
171000,1124.0,19.0
171100,1046.0,19.0
171200,999.0,18.0
171300,885.0,18.0
171400,869.0,18.0
171500,979.0,17.0
171600,1088.0,16.0
171700,1117.0,16.0
171800,1130.0,16.0
171900,1121.0,15.0
172000,1077.0,15.0
172100,1064.0,14.0
172200,1046.0,14.0
172300,1029.0,13.0
172400,1019.0,13.0
172500,980.0,12.0
172700,951.0,12.0
172800,925.0,11.0
172900,893.0,11.0
173000,890.0,10.0
173100,861.0,9.0
173200,831.0,9.0
173300,824.0,8.0
173500,806.0,8.0
173600,797.0,7.0
173700,772.0,7.0
173800,757.0,6.0
173900,720.0,6.0
174000,688.0,6.0
174100,648.0,5.0
174200,625.0,4.0
174300,604.0,4.0
174400,601.0,4.0
174500,598.0,3.0
174600,603.0,3.0
174800,617.0,2.0
174900,622.0,2.0
175000,644.0,2.0
175100,666.0,0.0
175200,679.0,0.0
175300,676.0,0.0
175400,680.0,0.0
175600,685.0,0.0
175700,690.0,0.0
175800,683.0,0.0
175900,686.0,0.0
176000,673.0,0.0
176100,668.0,0.0
176200,662.0,0.0
176300,664.0,0.0
176400,669.0,0.0
176500,678.0,0.0
176600,683.0,0.0
176700,689.0,0.0
176800,682.0,0.0
176900,681.0,0.0
177000,697.0,0.0
177100,699.0,0.0
177200,703.0,0.0
177300,692.0,0.0
177400,699.0,0.0
177500,689.0,0.0
177700,700.0,0.0
177800,685.0,0.0
177900,679.0,0.0
178000,689.0,0.0
178100,681.0,0.0
178200,679.0,0.0
178300,673.0,0.0
178400,686.0,0.0
178500,673.0,0.0
178600,686.0,0.0
178700,677.0,0.0
178800,682.0,0.0
178900,677.0,0.0
179000,694.0,0.0
179200,738.0,0.0
179300,789.0,0.0
179400,816.0,0.0
179500,844.0,0.0
179700,865.0,0.0
179800,856.0,1.0
179900,857.0,2.0
180000,844.0,2.0
180100,835.0,2.0
180300,835.0,2.0
180400,824.0,3.0
180500,827.0,3.0
180600,836.0,3.0
180700,829.0,3.0
180800,836.0,4.0
180900,857.0,4.0
181000,879.0,4.0
181100,959.0,4.0
181200,1060.0,5.0
181400,1193.0,5.0
181500,1265.0,5.0
181600,1343.0,6.0
181700,1371.0,7.0
181800,1404.0,7.0
181900,1443.0,8.0
182000,1485.0,8.0
182100,1520.0,9.0
182200,1534.0,9.0
182300,1559.0,10.0
182400,1582.0,10.0
182500,1589.0,11.0
182600,1605.0,11.0
182800,1602.0,12.0
182900,1591.0,12.0
183000,1556.0,13.0
183100,1534.0,14.0
183200,1523.0,14.0
183300,1519.0,14.0
183400,1508.0,15.0
183600,1491.0,15.0
183700,1467.0,16.0
183800,1447.0,16.0
183900,1396.0,17.0
184000,1361.0,17.0
184100,1267.0,17.0
184200,1262.0,18.0
184300,1274.0,18.0
184400,1242.0,18.0
184500,1234.0,19.0
184600,1235.0,19.0
184700,1222.0,19.0
184800,1215.0,19.0
184900,1218.0,20.0
185000,1201.0,20.0
185100,1207.0,20.0
185200,1194.0,20.0
185300,1191.0,21.0
185500,1182.5,21.0
185700,1179.0,21.5
185800,1184.0,22.0
185900,1177.0,22.0
186000,1169.0,22.0
186200,1172.0,22.0
186300,1164.0,22.0
186400,1166.0,23.0
186500,1167.0,23.0
186600,1157.0,23.0
186700,1165.0,23.0
186800,1179.0,23.0
186900,1187.0,23.0
187000,1188.0,23.0
187100,1181.0,23.0
187200,1201.0,23.0
187300,1205.0,23.0
187400,1209.0,23.0
187600,1195.0,23.0
187700,1166.0,23.0
187800,1113.0,23.0
187900,1023.0,23.0
188000,970.0,23.0
188100,946.0,22.0
188200,939.0,22.0
188300,950.0,22.0
188400,982.0,22.0
188500,993.0,22.0
188600,1009.0,22.0
188700,1033.0,21.0
188800,1023.0,21.0
188900,1013.0,21.0
189000,1013.0,21.0
189100,990.0,21.0
189300,969.0,21.0
189400,964.0,20.0
189500,949.0,20.0
189600,953.0,20.0
189700,947.0,20.0
189800,959.0,20.0
189900,1000.0,20.0
190000,1054.0,20.0
190100,1218.0,20.0
190200,1353.0,19.0
190300,1417.0,20.0
190500,1553.0,20.0
190600,1651.0,20.0
190700,1717.0,20.0
190800,1744.0,21.0
190900,1788.0,21.0
191000,1809.0,22.0
191100,1843.0,22.0
191200,1847.0,22.0
191300,1839.0,23.0
191400,1819.0,23.0
191500,1807.0,23.0
191600,1777.0,24.0
191700,1730.0,24.0
191800,1721.0,25.0
192000,1694.0,25.0
192100,1662.0,25.0
192200,1650.0,26.0
192300,1630.0,26.0
192400,1594.0,27.0
192500,1540.0,27.0
192600,1543.0,28.0
192700,1556.0,28.0
192800,1597.0,29.0
192900,1595.0,29.0
193000,1614.0,30.0
193100,1630.0,30.0
193300,1630.0,31.0
193400,1635.0,31.0
193500,1653.0,32.0
193600,1654.0,33.0
193700,1693.0,33.0
193800,1676.0,33.0
193900,1685.0,34.0
194000,1690.0,34.0
194100,1696.0,35.0
194200,1694.0,35.0
194300,1679.0,36.0
194400,1695.0,36.0
194500,1691.0,37.0
194600,1698.0,37.0
194700,1715.0,37.0
194800,1705.0,38.0
194900,1719.0,39.0
195000,1720.0,39.0
195200,1726.0,39.0
195300,1741.0,40.0
195400,1747.0,40.0
195500,1755.0,41.0
195600,1779.0,41.0
195700,1776.0,41.0
195800,1785.0,42.0
195900,1790.0,43.0
196000,1799.0,43.0
196100,1799.0,43.0
196200,1802.0,44.0
196300,1801.0,44.0
196400,1822.0,45.0
196500,1820.0,45.0
196600,1829.0,46.0
196700,1823.0,46.0
196800,1823.0,46.0
196900,1826.0,47.0
197000,1822.0,47.0
197100,1831.0,48.0
197200,1827.0,48.0
197300,1831.0,49.0
197500,1839.0,49.0
197600,1831.0,50.0
197700,1830.0,50.0
197800,1829.0,50.0
197900,1821.0,51.0
198000,1811.0,51.0
198100,1817.0,52.0
198200,1804.0,52.0
198300,1809.0,53.0
198500,1815.0,53.0
198600,1817.0,54.0
198700,1811.0,54.0
198800,1817.0,54.0
198900,1815.0,54.0
199000,1816.0,55.0
199100,1820.0,55.0
199200,1814.0,56.0
199300,1822.0,56.0
199500,1818.0,56.0
199600,1816.0,57.0
199700,1814.0,57.0
199800,1822.0,58.0
199900,1820.0,58.0
200000,1816.0,58.0
200200,1814.0,59.0
200300,1804.0,59.0
200400,1798.0,59.0
200500,1794.0,60.0
200600,1782.0,60.0
200700,1773.0,60.0
200800,1761.0,60.0
200900,1738.0,61.0
201000,1723.0,61.0
201100,1704.0,61.0
201200,1691.0,61.0
201300,1675.0,62.0
201500,1651.0,62.0
201600,1640.0,62.0
201700,1618.0,62.0
201800,1598.0,62.0
201900,1575.0,63.0
202000,1533.0,63.0
202100,1518.0,63.0
202200,1467.0,63.0
202300,1448.0,63.0
202400,1418.0,63.0
202500,1407.0,63.0
202600,1387.0,63.0
202700,1364.0,63.0
202800,1358.0,63.0
202900,1346.0,63.0
203000,1337.0,64.0
203200,1326.0,64.0
203300,1324.0,64.0
203400,1323.0,64.0
203500,1320.0,64.0
203600,1321.0,64.0
203700,1325.0,64.0
203800,1320.0,64.0
203900,1330.0,64.0
204000,1331.0,64.0
204100,1332.0,64.0
204200,1326.0,64.0
204400,1324.0,64.0
204500,1332.0,64.0
204600,1329.0,64.0
204700,1329.0,64.0
204800,1330.0,64.0
204900,1322.0,64.0
205000,1324.0,64.0
205100,1322.0,64.0
205200,1321.0,64.0
205300,1321.0,64.0
205400,1320.0,64.0
205600,1320.0,64.0
205700,1320.0,64.0
205800,1312.0,64.0
205900,1314.0,64.0
206000,1316.0,64.0
206100,1311.0,64.0
206200,1329.0,64.0
206300,1305.0,64.0
206400,1311.0,63.0
206600,1302.0,63.0
206700,1311.0,63.0
206800,1299.0,63.0
206900,1296.0,63.0
207000,1295.0,63.0
207100,1299.0,63.0
207200,1299.0,62.0
207300,1304.0,62.0
207400,1299.0,62.0
207500,1295.0,62.0
207600,1299.0,62.0
207800,1291.0,62.0
207900,1290.0,62.0
208000,1293.0,61.0
208100,1292.0,61.0
208200,1289.0,61.0
208300,1289.0,61.0
208400,1286.0,61.0
208500,1287.0,61.0
208600,1282.0,60.0
208700,1280.0,60.0
208800,1283.0,60.0
208900,1279.0,60.0
209100,1276.0,60.0
209200,1274.0,60.0
209300,1281.0,60.0
209400,1288.0,59.0
209500,1278.0,59.0
209600,1276.0,59.0
209700,1273.0,59.0
209800,1266.0,59.0
209900,1263.0,58.0
210000,1258.0,58.0
210100,1253.0,58.0
210200,1243.0,57.0
210300,1239.0,57.0
210400,1231.0,56.0
210500,1223.0,56.0
210700,1219.0,55.0
210800,1221.0,55.0
210900,1222.0,55.0
211000,1224.0,54.0
211100,1219.0,54.0
211200,1223.0,53.0
211400,1227.0,53.0
211500,1225.0,52.0
211600,1226.0,52.0
211700,1236.0,52.0
211800,1239.0,51.0
211900,1237.0,51.0
212000,1239.0,51.0
212100,1242.0,51.0
212200,1245.0,50.0
212300,1231.0,50.0
212400,1230.0,50.0
212500,1239.0,50.0
212600,1236.0,49.0
212700,1241.0,49.0
212800,1239.0,49.0
212900,1243.0,49.0
213000,1243.0,49.0
213100,1244.0,48.0
213300,1236.0,48.0
213400,1237.0,48.0
213500,1240.0,47.0
213600,1239.0,47.0
213700,1237.0,46.0
213800,1231.0,46.0
213900,1237.0,46.0
214000,1229.0,45.0
214100,1228.0,45.0
214200,1232.0,45.0
214300,1232.0,44.0
214400,1235.0,44.0
214500,1237.0,43.0
214600,1230.0,43.0
214700,1237.0,43.0
214800,1225.0,42.0
215000,1230.0,41.0
215100,1222.0,41.0
215200,1224.0,41.0
215300,1222.0,40.0
215400,1215.0,39.0
215500,1213.0,39.0
215600,1217.0,38.0
215700,1215.0,38.0
215800,1216.0,37.0
215900,1215.0,36.0
216000,1221.0,36.0
216200,1218.0,35.0
216300,1218.0,34.0
216400,1212.0,34.0
216500,1210.0,33.0
216600,1211.0,33.0
216700,1221.0,32.0
216800,1220.0,31.0
216900,1223.0,31.0
217000,1230.0,30.0
217100,1236.0,30.0
217200,1236.0,29.0
217300,1242.0,29.0
217400,1237.0,28.0
217600,1236.0,28.0
217700,1231.0,27.0
217800,1228.0,27.0
217900,1233.0,26.0
218000,1226.0,26.0
218100,1232.0,25.0
218200,1230.0,25.0
218300,1228.0,24.0
218400,1228.0,23.0
218500,1226.0,23.0
218600,1218.0,23.0
218700,1216.0,22.0
218900,1207.0,21.0
219000,1203.0,21.0
219100,1172.0,20.0
219200,1082.0,20.0
219400,1035.0,19.0
219500,1031.0,18.0
219600,1117.0,18.0
219700,1154.0,18.0
219800,1138.0,17.0
219900,1121.0,17.0
220000,1098.0,16.0
220100,1067.0,16.0
220200,1050.0,15.0
220300,1038.0,15.0
220400,1028.0,14.0
220500,989.0,14.0
220700,956.0,13.0
220800,951.0,13.0
220900,939.0,12.0
221000,929.0,12.0
221100,917.0,12.0
221200,904.0,11.0
221300,890.0,11.0
221400,876.0,10.0
221500,870.0,10.0
221600,869.0,10.0
221700,864.0,9.0
221800,859.0,9.0
221900,856.0,9.0
222000,850.0,8.0
222100,841.0,8.0
222200,835.0,8.0
222300,813.0,7.0
222500,795.0,7.0
222600,771.0,7.0
222700,755.0,6.0
222800,731.0,6.0
222900,714.0,6.0
223000,683.0,5.0
223100,663.0,5.0
223200,640.0,5.0
223300,619.0,4.0
223400,601.0,4.0
223500,590.0,4.0
223700,602.0,3.0
223800,614.0,3.0
223900,628.0,3.0
224000,654.0,2.0
224100,666.0,2.0
224200,679.0,2.0
224300,689.0,2.0
224500,699.0,0.0
224600,689.0,0.0
224700,679.0,0.0
224800,664.0,0.0
224900,678.0,0.0
225000,673.0,0.0
225100,673.0,0.0
225200,674.0,0.0
225300,681.0,0.0
225500,678.0,0.0
225600,680.0,0.0
225700,693.0,0.0
225800,694.0,0.0
225900,696.0,0.0
226000,704.0,0.0
226100,692.0,0.0
226200,693.0,0.0
226300,703.0,0.0
226400,694.0,0.0
226500,698.0,0.0
226600,675.0,0.0
226700,680.0,0.0
226800,664.0,0.0
226900,675.0,0.0
227100,675.0,0.0
227200,680.0,0.0
227300,685.0,0.0
227400,678.0,0.0
227500,668.0,0.0
227600,672.0,0.0
227700,684.0,0.0
227800,683.0,0.0
227900,694.0,0.0
228000,684.0,0.0
228100,692.0,0.0
228200,676.0,0.0
228300,684.0,0.0
228400,691.0,0.0
228500,683.0,0.0
228700,683.0,0.0
228800,688.0,0.0
228900,675.0,0.0
229000,679.0,0.0
229100,684.0,0.0
229200,678.0,0.0
229300,686.0,0.0
229400,666.0,0.0
229500,671.0,0.0
229600,652.0,0.0
229700,663.0,0.0
229900,662.0,0.0
230000,662.0,0.0
230100,659.0,0.0
230200,649.0,0.0
230300,655.0,0.0
230400,663.0,0.0
230500,668.0,0.0
230600,670.0,0.0
230700,680.0,0.0
230800,664.0,0.0
230900,668.0,0.0
231000,659.0,0.0
231100,669.0,0.0
231200,680.0,0.0
231300,677.0,0.0
231400,673.0,0.0
231600,661.0,0.0
231700,670.0,0.0
231800,667.0,0.0
231900,670.0,0.0
232000,666.0,0.0
232100,659.0,0.0
232200,654.0,0.0
232300,659.0,0.0
232400,662.0,0.0
232500,667.0,0.0
232600,669.0,0.0
232700,674.0,0.0
232800,670.0,0.0
232900,668.0,0.0
233000,661.0,0.0
233100,662.0,0.0
233200,668.0,0.0
233300,666.0,0.0
233400,675.0,0.0
233500,662.0,0.0
233600,667.0,0.0
233700,658.0,0.0
233800,665.0,0.0
234000,667.0,0.0
234100,673.0,0.0
234200,668.0,0.0
234300,655.0,0.0
234400,662.0,0.0
234500,660.0,0.0
234600,664.0,0.0
234700,665.0,0.0
234800,672.0,0.0
234900,665.0,0.0
235000,661.0,0.0
235100,663.0,0.0
235200,665.0,0.0
235400,668.0,0.0
235500,674.0,0.0
235600,670.0,0.0
235700,668.0,0.0
235800,662.0,0.0
235900,665.0,0.0
236000,672.0,0.0
236100,672.0,0.0
236200,665.0,0.0
236300,662.0,0.0
236400,654.0,0.0
236500,661.0,0.0
236600,659.0,0.0
236800,667.0,0.0
236900,666.0,0.0
237000,665.0,0.0
237100,659.0,0.0
237200,664.0,0.0
237300,666.0,0.0
237400,672.0,0.0
237500,677.0,0.0
237600,667.0,0.0
237700,657.0,0.0
237800,654.0,0.0
237900,658.0,0.0
238000,675.0,0.0
238200,662.0,0.0
238300,654.0,0.0
238400,646.0,0.0
238500,650.0,0.0
238600,646.0,0.0
238700,654.0,0.0
238900,661.0,0.0
239000,660.0,0.0
239100,656.0,0.0
239200,659.0,0.0
239300,667.0,0.0
239400,671.0,0.0
239500,679.0,0.0
239600,675.0,0.0
239700,659.0,0.0
239800,655.0,0.0
240000,652.0,0.0
240100,662.0,0.0
240200,663.0,0.0
240300,665.0,0.0
240400,665.0,0.0
240500,658.0,0.0
240600,653.0,0.0
240700,658.0,0.0
240800,663.0,0.0
240900,667.0,0.0
241000,658.0,0.0
241100,660.0,0.0
241200,657.0,0.0
241300,659.0,0.0
241400,663.0,0.0
241500,663.0,0.0
241600,666.0,0.0
241700,667.0,0.0
241900,659.0,0.0
242000,664.0,0.0
242100,652.0,0.0
242200,664.0,0.0
242300,665.0,0.0
242400,662.0,0.0
242500,664.0,0.0
242700,662.5,0.0
242900,662.0,0.0
243000,657.0,0.0
243100,663.0,0.0
243200,657.0,0.0
243300,653.0,0.0
243400,653.0,0.0
243600,653.0,0.0
243700,657.0,0.0
243800,656.0,0.0
243900,657.0,0.0
244000,654.0,0.0
244100,660.0,0.0
244200,663.0,0.0
244300,685.0,0.0
244500,685.0,0.0
244600,753.0,0.0
244700,772.0,0.0
244800,813.0,0.0
244900,821.0,0.0
245000,822.0,0.0
245200,813.0,0.0
245300,844.0,0.0
245400,1155.0,0.0
245500,1251.0,2.0
245600,1446.0,3.0
245700,1530.0,3.5
245900,1570.0,4.0
246000,1551.0,5.0
246100,1529.0,6.0
246200,1526.0,6.0
246300,1540.0,7.0
246400,1582.0,8.0
246500,1619.0,8.0
246600,1688.0,9.0
246700,1758.0,10.0
246800,1817.0,10.0
246900,1817.0,11.0
247000,1778.0,12.0
247100,1753.0,12.0
247200,1727.0,13.0
247300,1718.0,14.0
247400,1717.0,14.0
247500,1712.0,15.0
247700,1697.0,16.0
247800,1680.0,17.0
247900,1666.0,18.0
248100,1677.0,18.0
248200,1678.0,19.0
248300,1685.0,20.0
248400,1696.0,20.0
248500,1673.0,21.0
248600,1660.0,22.0
248700,1668.0,23.0
248800,1642.0,24.0
248900,1642.0,24.0
249000,1660.0,25.0
249200,1646.0,25.0
249300,1640.0,26.0
249400,1656.0,27.0
249500,1639.0,28.0
249700,1661.0,28.0
249800,1635.0,29.0
249900,1636.0,29.0
250000,1644.0,30.0
250100,1623.0,30.0
250200,1640.0,31.0
250300,1612.0,31.0
250400,1620.0,32.0
250500,1591.0,32.0
250600,1588.0,33.0
250700,1602.0,33.0
250900,1582.0,33.0
251000,1579.0,34.0
251100,1529.0,34.0
251200,1516.0,34.0
251300,1471.0,35.0
251400,1420.0,35.0
251500,1378.0,35.0
251600,1333.0,35.0
251700,1294.0,35.0
251800,1263.0,35.0
251900,1245.0,35.0
252000,1237.0,35.0
252100,1234.0,34.0
252200,1194.0,34.0
252300,1210.0,34.0
252400,1219.0,34.0
252500,1226.0,34.0
252700,1184.0,33.0
252800,1180.0,33.0
252900,1158.0,33.0
253000,1168.0,32.0
253100,1147.0,32.0
253200,1158.0,31.0
253300,1145.0,31.0
253400,1155.0,30.0
253500,1157.0,30.0
253700,1164.0,29.0
253800,1165.0,29.0
253900,1169.0,28.0
254000,1167.0,28.0
254100,1177.0,27.0
254200,1179.0,26.0
254300,1196.0,26.0
254400,1206.0,26.0
254500,1216.0,26.0
254600,1218.0,25.0
254700,1221.0,25.0
254900,1244.0,25.0
255000,1283.0,25.0
255100,1216.0,25.0
255200,1194.0,24.0
255300,1227.0,24.0
255400,1233.0,24.0
255500,1239.0,24.0
255600,1256.0,24.0
255700,1244.0,24.0
255800,1243.0,24.0
255900,1247.0,24.0
256000,1242.0,24.0
256200,1235.0,23.0
256300,1228.0,23.0
256400,1240.0,23.0
256500,1239.0,23.0
256600,1240.0,23.0
256700,1231.0,23.0
256800,1204.0,23.0
256900,1196.0,23.0
257000,1215.0,23.0
257100,1218.0,23.0
257200,1225.0,23.0
257400,1180.0,24.0
257500,1213.0,24.0
257600,1185.0,24.0
257700,1191.0,24.0
257800,1200.0,24.0
257900,1199.0,24.0
258000,1202.0,24.0
258100,1201.0,24.0
258200,1183.0,24.0
258300,1188.0,25.0
258500,1195.0,25.0
258600,1206.0,25.0
258700,1226.0,25.0
258800,1240.0,25.0
258900,1248.0,26.0
259000,1295.0,26.0
259100,1308.0,26.0
259200,1321.0,27.0
259300,1339.0,27.0
259400,1350.0,27.0
259500,1385.0,28.0
259600,1398.0,28.0
259700,1420.0,29.0
259900,1403.0,29.0
260000,1457.0,29.0
260100,1442.0,30.0
260200,1467.0,30.0
260300,1488.0,30.0
260400,1508.0,31.0
260500,1532.0,31.0
260600,1563.0,32.0
260700,1567.0,32.0
260800,1589.0,33.0
260900,1591.0,33.0
261000,1606.0,34.0
261100,1610.0,34.0
261300,1622.0,35.0
261400,1618.0,35.0
261500,1608.0,35.0
261600,1619.0,36.0
261700,1626.0,36.0
261800,1622.0,37.0
261900,1613.0,37.0
262000,1630.0,37.0
262100,1631.0,38.0
262200,1617.0,38.0
262300,1626.0,39.0
262400,1646.0,39.0
262500,1653.0,39.0
262700,1639.0,40.0
262800,1652.0,40.0
262900,1651.0,40.0
263000,1658.0,41.0
263100,1635.0,41.0
263200,1643.0,41.0
263300,1641.0,42.0
263400,1630.0,42.0
263500,1630.0,42.0
263600,1608.0,43.0
263700,1578.0,43.0
263800,1558.0,43.0
263900,1523.0,43.0
264000,1491.0,43.0
264100,1427.0,43.0
264200,1404.0,43.0
264300,1340.0,43.0
264500,1286.0,43.0
264600,1262.0,44.0
264700,1234.0,44.0
264800,1232.0,44.0
264900,1213.0,44.0
265000,1187.0,44.0
265100,1191.0,44.0
265200,1167.0,44.0
265300,1157.0,44.0
265400,1162.0,44.0
265500,1144.0,44.0
265700,1144.0,44.0
265800,1142.0,44.0
265900,1131.0,44.0
266000,1137.0,44.0
266100,1130.0,44.0
266200,1126.0,44.0
266300,1135.0,44.0
266400,1120.0,44.0
266500,1131.0,44.0
266600,1129.0,44.0
266700,1123.0,44.0
266900,1134.0,44.0
267000,1130.0,44.0
267100,1130.0,44.0
267200,1137.0,44.0
267300,1122.0,44.0
267400,1134.0,44.0
267500,1132.0,44.0
267600,1118.0,44.0
267800,1124.0,44.0
267900,1126.0,44.0
268000,1123.0,44.0
268100,1127.0,44.0
268200,1132.0,44.0
268300,1143.0,44.0
268400,1150.0,44.0
268500,1165.0,44.0
268600,1166.0,44.0
268700,1173.0,44.0
268800,1172.0,44.0
268900,1171.0,44.0
269000,1176.0,44.0
269100,1178.0,44.0
269200,1174.0,44.0
269300,1176.0,44.0
269400,1165.0,44.0
269500,1175.0,44.0
269600,1172.0,44.0
269700,1152.0,44.0
269800,1164.0,44.0
269900,1154.0,44.0
270100,1149.0,44.0
270200,1144.0,44.0
270300,1148.0,44.0
270400,1156.0,44.0
270500,1146.0,44.0
270600,1150.0,44.0
270700,1147.0,44.0
270800,1195.0,44.0
270900,1224.0,44.0
271000,1245.0,44.0
271100,1242.0,44.0
271300,1227.0,44.0
271400,1220.0,43.0
271500,1233.0,43.0
271600,1222.0,43.0
271700,1245.0,43.0
271800,1228.0,43.0
271900,1207.0,43.0
272000,1200.0,43.0
272100,1193.0,43.0
272200,1184.0,43.0
272400,1176.0,43.0
272500,1179.0,43.0
272600,1178.0,43.0
272700,1193.0,42.0
272800,1240.0,42.0
272900,1249.0,43.0
273000,1251.0,42.0
273100,1242.0,42.0
273300,1249.0,42.0
273400,1237.0,42.0
273500,1236.0,42.0
273600,1239.0,43.0
273700,1278.0,43.0
273800,1290.0,43.0
273900,1312.0,43.0
274000,1317.0,43.0
274100,1329.0,43.0
274200,1329.0,44.0
274300,1336.0,44.0
274500,1338.0,44.0
274600,1338.0,44.0
274700,1326.0,45.0
274800,1304.0,45.0
274900,1285.0,45.0
275000,1265.0,45.0
275100,1242.0,45.0
275200,1222.0,45.0
275300,1227.0,45.0
275400,1205.0,46.0
275500,1211.0,46.0
275600,1190.0,46.0
275700,1197.0,46.0
275800,1186.0,46.0
276000,1161.0,46.0
276100,1164.0,46.0
276200,1156.0,46.0
276300,1150.0,46.0
276400,1165.0,46.0
276500,1149.0,46.0
276600,1149.0,47.0
276700,1163.0,47.0
276800,1147.0,47.0
276900,1161.0,47.0
277000,1162.0,47.0
277100,1160.0,47.0
277200,1174.0,47.0
277300,1172.0,47.0
277400,1190.0,47.0
277600,1234.0,48.0
277700,1270.0,48.0
277800,1285.0,48.0
277900,1301.0,48.0
278000,1302.0,49.0
278100,1314.0,49.0
278200,1319.0,49.0
278400,1329.0,49.0
278500,1342.0,50.0
278600,1334.0,50.0
278700,1348.0,50.0
278800,1349.0,50.0
278900,1359.0,50.0
279000,1375.0,51.0
279100,1399.0,51.0
279200,1400.0,51.0
279300,1415.0,51.0
279400,1428.0,51.0
279500,1417.0,51.0
279600,1450.0,52.0
279700,1430.0,52.0
279800,1483.0,52.0
279900,1510.0,52.0
280000,1530.0,52.0
280200,1536.0,53.0
280300,1561.0,53.0
280400,1564.0,53.0
280500,1565.0,53.0
280600,1581.0,54.0
280700,1578.0,54.0
280800,1600.0,54.0
280900,1590.0,54.0
281000,1593.0,55.0
281100,1576.0,55.0
281200,1556.0,55.0
281300,1518.0,55.0
281400,1466.0,55.0
281500,1398.0,55.0
281700,1365.0,55.0
281800,1359.0,55.0
281900,1319.0,55.0
282000,1314.0,55.0
282100,1280.0,55.0
282200,1249.0,55.0
282300,1277.0,55.0
282400,1276.0,55.0
282500,1245.0,55.0
282600,1237.0,55.0
282700,1236.0,55.0
282800,1229.0,55.0
282900,1215.0,55.0
283100,1211.0,55.0
283300,1212.0,55.0
283400,1208.0,55.0
283500,1209.0,55.0
283600,1207.0,55.0
283700,1225.0,55.0
283800,1201.0,54.0
283900,1222.0,54.0
284000,1202.0,54.0
284100,1208.0,54.0
284200,1214.0,54.0
284300,1211.0,54.0
284400,1218.0,54.0
284500,1220.0,54.0
284600,1216.0,54.0
284700,1223.0,54.0
284900,1222.0,53.0
285000,1218.0,53.0
285100,1238.0,53.0
285200,1222.0,53.0
285300,1229.0,53.0
285400,1215.0,53.0
285500,1211.0,53.0
285600,1224.0,53.0
285700,1217.0,53.0
285800,1219.0,53.0
285900,1216.0,53.0
286100,1212.0,53.0
286200,1215.0,53.0
286300,1212.0,53.0
286400,1203.0,53.0
286500,1211.0,53.0
286600,1206.0,53.0
286700,1201.0,53.0
286800,1193.0,53.0
286900,1206.0,53.0
287000,1197.0,53.0
287100,1193.0,53.0
287200,1191.0,53.0
287400,1198.0,53.0
287500,1192.0,53.0
287600,1211.0,53.0
287700,1224.0,53.0
287800,1232.0,53.0
287900,1222.0,53.0
288100,1218.0,53.0
288200,1249.0,53.0
288300,1222.0,52.0
288400,1225.0,52.0
288500,1225.0,52.0
288600,1229.0,52.0
288800,1238.0,52.0
288900,1220.0,52.0
289000,1245.0,52.0
289100,1227.0,52.0
289200,1259.0,52.0
289300,1282.0,52.0
289400,1282.0,52.0
289500,1289.0,52.0
289600,1281.0,52.0
289700,1285.0,52.0
289800,1276.0,52.0
289900,1263.0,52.0
290000,1245.0,52.0
290100,1248.0,52.0
290200,1230.0,52.0
290300,1239.0,52.0
290500,1235.0,52.0
290600,1231.0,52.0
290700,1226.0,52.0
290800,1225.0,52.0
290900,1224.0,52.0
291000,1223.0,52.0
291100,1218.0,52.0
291200,1217.0,52.0
291300,1215.0,52.0
291500,1203.0,52.0
291600,1202.0,51.0
291700,1200.0,51.0
291800,1192.0,51.0
291900,1194.0,51.0
292000,1190.0,51.0
292100,1187.0,51.0
292200,1185.0,51.0
292400,1184.0,51.0
292500,1183.0,51.0
292600,1187.0,51.0
292700,1210.0,51.0
292800,1223.0,50.0
292900,1223.0,50.0
293100,1233.0,50.0
293200,1225.0,50.0
293300,1230.0,50.0
293400,1209.0,50.0
293500,1220.0,50.0
293600,1212.0,50.0
293700,1226.0,50.0
293800,1225.0,49.0
293900,1230.0,49.0
294000,1230.0,49.0
294100,1237.0,49.0
294200,1238.0,49.0
294300,1233.0,49.0
294400,1250.0,48.0
294500,1238.0,48.0
294600,1237.0,48.0
294700,1234.0,48.0
294800,1225.0,48.0
294900,1223.0,47.0
295000,1230.0,47.0
295100,1226.0,47.0
295200,1229.0,47.0
295400,1229.5,46.5
295500,1232.0,46.0
295700,1237.0,46.0
295800,1232.0,46.0
295900,1230.0,46.0
296000,1236.0,46.0
296100,1234.0,45.0
296200,1240.0,45.0
296300,1243.0,45.0
296400,1242.0,45.0
296600,1245.0,45.0
296700,1250.0,44.0
296800,1243.0,44.0
296900,1251.0,44.0
297000,1246.0,44.0
297100,1250.0,44.0
297200,1251.0,44.0
297300,1249.0,43.0
297400,1254.0,43.0
297500,1245.0,43.0
297700,1245.0,43.0
297800,1249.0,43.0
297900,1261.0,43.0
298000,1285.0,43.0
298100,1221.0,42.0
298300,1241.0,43.0
298400,1221.0,42.0
298500,1219.0,42.0
298600,1219.0,42.0
298700,1225.0,43.0
298800,1214.0,43.0
298900,1218.0,43.0
299000,1202.0,43.0
299100,1209.0,43.0
299200,1207.0,43.0
299300,1200.0,43.0
299400,1204.0,43.0
299500,1203.0,43.0
299700,1192.0,43.0
299800,1199.0,43.0
299900,1192.0,43.0
300000,1207.0,44.0
300100,1229.0,44.0
300200,1223.0,44.0
300300,1241.0,44.0
300400,1241.0,44.0
300500,1227.0,44.0
300600,1226.0,43.0
300700,1223.0,43.0
300800,1200.0,43.0
300900,1221.0,43.0
301000,1209.0,42.0
301100,1207.0,42.0
301200,1207.0,42.0
301300,1198.0,41.0
301400,1190.0,40.0
301500,1184.0,40.0
301700,1177.0,39.0
301800,1184.0,38.0
301900,1175.0,38.0
302000,1185.0,36.0
302100,1181.0,36.0
302200,1185.0,35.0
302300,1196.0,34.0
302400,1198.0,33.0
302600,1202.0,32.0
302700,1199.0,31.0
302800,1200.0,30.0
302900,1192.0,29.0
303000,1192.0,29.0
303100,1191.0,27.0
303200,1179.0,26.0
303400,1176.5,24.5
303500,1163.0,23.0
303700,1165.0,22.0
303800,1157.0,21.0
303900,1155.0,20.0
304000,1166.0,20.0
304100,1162.0,19.0
304200,1133.0,19.0
304300,1023.0,18.0
304400,1003.0,18.0
304500,1122.0,18.0
304600,1191.0,17.0
304700,1198.0,17.0
304900,1176.0,17.0
305000,1157.0,16.0
305200,1136.0,16.0
305300,1100.0,16.0
305400,1087.0,16.0
305500,1054.0,16.0
305600,1044.0,15.0
305700,1030.0,15.0
305800,1023.0,15.0
305900,1013.0,15.0
306000,1019.0,15.0
306100,1056.0,15.0
306200,1094.0,15.0
306300,1199.0,15.0
306400,1284.0,15.0
306600,1313.0,15.0
306700,1320.0,15.0
306800,1304.0,15.0
306900,1293.0,15.0
307000,1287.0,15.0
307100,1306.0,15.0
307200,1354.0,15.0
307300,1385.0,15.0
307400,1454.0,15.0
307500,1558.0,16.0
307600,1693.0,16.0
307700,1743.0,16.0
307800,1779.0,17.0
308000,1779.0,18.0
308100,1773.0,18.0
308200,1761.0,19.0
308300,1768.0,19.0
308400,1772.0,20.0
308500,1756.0,21.0
308600,1714.0,21.0
308700,1687.0,22.0
308800,1604.0,23.0
308900,1558.0,23.0
309000,1550.0,23.0
309100,1553.0,24.0
309200,1526.0,25.0
309400,1525.0,25.0
309500,1522.0,26.0
309600,1503.0,26.0
309700,1509.0,27.0
309800,1501.0,27.0
309900,1493.0,28.0
310000,1519.0,28.0
310100,1507.0,29.0
310200,1522.0,29.0
310400,1514.0,29.0
310500,1547.0,30.0
310600,1555.0,30.0
310700,1577.0,31.0
310800,1578.0,32.0
310900,1585.0,32.0
311000,1608.0,33.0
311100,1610.0,33.0
311200,1626.0,34.0
311400,1619.0,34.0
311500,1632.0,34.0
311600,1638.0,35.0
311700,1624.0,35.0
311800,1642.0,36.0
311900,1629.0,36.0
312000,1648.0,37.0
312100,1650.0,37.0
312200,1671.0,38.0
312300,1660.0,38.0
312400,1670.0,39.0
312500,1679.0,39.0
312700,1715.0,39.0
312800,1699.0,40.0
312900,1725.0,40.0
313000,1729.0,41.0
313100,1739.0,41.0
313200,1734.0,42.0
313300,1750.0,42.0
313500,1753.0,42.0
313600,1759.0,43.0
313700,1755.0,43.0
313800,1753.0,44.0
313900,1758.0,44.0
314000,1756.0,44.0
314100,1757.0,45.0
314200,1762.0,45.0
314300,1752.0,46.0
314400,1762.0,46.0
314500,1768.0,46.0
314600,1765.0,47.0
314800,1766.0,47.0
314900,1760.0,48.0
315000,1765.0,48.0
315100,1755.0,48.0
315200,1757.0,48.0
315300,1751.0,49.0
315400,1748.0,49.0
315500,1726.0,50.0
315600,1721.0,50.0
315700,1686.0,50.0
315800,1675.0,50.0
315900,1649.0,51.0
316100,1596.5,51.0
316300,1556.0,51.0
316400,1521.0,51.0
316500,1455.0,51.0
316600,1408.0,51.0
316700,1334.0,51.0
316800,1316.0,52.0
316900,1276.0,51.0
317000,1274.0,52.0
317100,1252.0,51.0
317200,1235.0,51.0
317300,1228.0,51.0
317400,1216.0,51.0
317500,1202.0,51.0
317600,1194.0,51.0
317700,1183.0,51.0
317800,1175.0,51.0
317900,1168.0,51.0
318000,1157.0,51.0
318100,1161.0,51.0
318200,1161.0,51.0
318300,1159.0,51.0
318500,1166.0,51.0
318600,1181.0,51.0
318700,1198.0,51.0
318800,1204.0,51.0
318900,1203.0,51.0
319000,1201.0,51.0
319100,1200.0,51.0
319200,1210.0,51.0
319300,1226.0,51.0
319400,1210.0,51.0
319500,1222.0,51.0
319600,1207.0,51.0
319700,1189.0,51.0
319800,1196.0,51.0
319900,1203.0,50.0
320000,1192.0,50.0
320200,1196.0,49.0
320300,1197.0,49.0
320400,1200.0,49.0
320500,1196.0,48.0
320600,1198.0,48.0
320700,1205.0,48.0
320800,1201.0,48.0
320900,1212.0,47.0
321000,1214.0,47.0
321100,1212.0,47.0
321200,1216.0,47.0
321300,1219.0,46.0
321400,1216.0,46.0
321500,1225.0,46.0
321600,1214.0,46.0
321800,1227.5,45.5
322000,1226.0,45.0
322100,1232.0,45.0
322200,1231.0,45.0
322300,1229.0,44.0
322400,1228.0,44.0
322500,1228.0,44.0
322600,1225.0,44.0
322700,1229.0,44.0
322900,1233.0,43.0
323000,1235.0,43.0
323100,1233.0,43.0
323200,1226.0,43.0
323300,1233.0,42.0
323400,1226.0,42.0
323500,1219.0,42.0
323600,1229.0,42.0
323700,1222.0,41.0
323900,1240.0,41.0
324000,1246.0,41.0
324100,1253.0,41.0
324200,1266.0,41.0
324300,1208.0,41.0
324400,1241.0,41.0
324500,1242.0,41.0
324600,1216.0,41.0
324700,1213.0,41.0
324800,1228.0,41.0
324900,1230.0,41.0
325000,1247.0,41.0
325100,1258.0,41.0
325200,1277.0,41.0
325300,1281.0,41.0
325400,1303.0,41.0
325500,1323.0,42.0
325600,1368.0,42.0
325800,1414.0,42.0
325900,1422.0,42.0
326000,1462.0,42.0
326100,1475.0,43.0
326200,1497.0,43.0
326300,1516.0,43.0
326400,1548.0,44.0
326500,1553.0,44.0
326600,1576.0,44.0
326700,1584.0,45.0
326800,1600.0,45.0
326900,1603.0,45.0
327000,1625.0,46.0
327100,1634.0,46.0
327300,1631.0,46.0
327400,1643.0,47.0
327500,1654.0,47.0
327600,1639.0,47.0
327700,1642.0,48.0
327800,1639.0,48.0
327900,1630.0,48.0
328000,1622.0,48.0
328100,1618.0,49.0
328200,1609.0,49.0
328300,1591.0,49.0
328400,1589.0,49.0
328500,1579.0,50.0
328700,1574.0,50.0
328800,1567.0,51.0
328900,1556.0,51.0
329000,1568.0,51.0
329200,1553.0,51.0
329300,1540.0,52.0
329400,1540.0,52.0
329500,1522.0,52.0
329600,1486.0,52.0
329700,1502.0,53.0
329800,1474.0,53.0
329900,1449.0,53.0
330000,1453.0,53.0
330100,1442.0,54.0
330300,1436.0,54.0
330400,1417.0,54.0
330600,1433.0,54.0
330700,1434.0,54.0
330800,1432.0,54.0
330900,1424.0,55.0
331000,1453.0,55.0
331100,1443.0,55.0
331200,1451.0,55.0
331300,1461.0,55.0
331400,1447.0,56.0
331500,1456.0,56.0
331600,1448.0,56.0
331700,1460.0,56.0
331800,1472.0,56.0
332000,1473.0,56.0
332100,1478.0,57.0
332200,1481.0,57.0
332300,1469.0,57.0
332400,1455.0,57.0
332500,1470.0,58.0
332600,1460.0,58.0
332800,1462.0,58.0
332900,1481.0,58.0
333000,1475.0,58.0
333100,1464.0,58.0
333200,1463.0,59.0
333300,1463.0,59.0
333400,1457.0,59.0
333500,1456.0,59.0
333600,1446.0,60.0
333700,1431.0,60.0
333800,1428.0,60.0
333900,1415.0,60.0
334000,1422.0,60.0
334100,1409.0,60.0
334200,1399.0,60.0
334300,1388.0,60.0
334400,1369.0,60.0
334500,1369.0,61.0
334600,1348.0,61.0
334700,1334.0,61.0
334800,1329.0,61.0
334900,1320.0,61.0
335000,1310.0,61.0
335100,1308.0,61.0
335300,1306.0,61.0
335400,1298.0,61.0
335500,1299.0,61.0
335600,1308.0,61.0
335700,1300.0,61.0
335800,1307.0,61.0
335900,1297.0,61.0
336000,1297.0,61.0
336100,1306.0,61.0
336200,1298.0,61.0
336300,1296.0,61.0
336400,1290.0,61.0
336500,1283.0,61.0
336600,1290.0,61.0
336700,1288.0,61.0
336800,1283.0,61.0
337000,1284.0,61.0
337100,1287.0,61.0
337200,1273.0,61.0
337300,1284.0,61.0
337400,1279.0,61.0
337500,1283.0,61.0
337600,1271.0,61.0
337700,1276.0,60.0
337900,1274.0,60.0
338000,1264.0,60.0
338100,1256.0,60.0
338200,1261.0,60.0
338300,1254.0,59.0
338400,1257.0,59.0
338500,1256.0,59.0
338600,1253.0,59.0
338700,1249.0,59.0
338800,1250.0,59.0
338900,1248.0,58.0
339000,1247.0,58.0
339100,1248.0,58.0
339200,1242.0,58.0
339400,1242.0,58.0
339500,1239.0,58.0
339600,1239.0,58.0
339700,1234.0,57.0
339800,1235.0,57.0
339900,1233.0,57.0
340000,1234.0,57.0
340100,1232.0,57.0
340200,1230.0,57.0
340300,1229.0,57.0
340400,1231.0,56.0
340500,1237.0,56.0
340600,1256.0,56.0
340800,1217.0,56.0
340900,1230.0,56.0
341000,1236.0,56.0
341100,1228.0,56.0
341200,1228.0,56.0
341300,1228.0,56.0
341400,1227.0,56.0
341500,1223.0,56.0
341600,1224.0,56.0
341700,1221.0,56.0
341800,1225.0,56.0
341900,1220.0,56.0
342000,1218.0,55.0
342200,1221.0,55.0
342300,1217.0,55.0
342400,1223.0,55.0
342500,1222.0,55.0
342600,1227.0,55.0
342700,1225.0,55.0
342800,1224.0,55.0
342900,1229.0,55.0
343000,1229.0,55.0
343100,1227.0,55.0
343200,1221.0,55.0
343300,1242.0,55.0
343400,1233.0,55.0
343500,1236.0,55.0
343600,1225.0,55.0
343700,1229.0,54.0
343800,1222.0,54.0
343900,1227.0,54.0
344100,1219.0,54.0
344200,1220.0,54.0
344300,1221.0,54.0
344400,1216.0,54.0
344500,1219.0,54.0
344600,1216.0,54.0
344700,1221.0,54.0
344800,1215.0,54.0
344900,1225.0,54.0
345000,1224.0,54.0
345100,1242.0,54.0
345200,1246.0,54.0
345400,1258.5,54.0
345500,1261.0,54.0
345600,1256.0,54.0
345700,1268.0,54.0
345800,1272.0,54.0
345900,1272.0,54.0
346000,1274.0,55.0
346200,1280.0,55.0
346300,1280.0,55.0
346400,1279.0,55.0
346500,1285.0,55.0
346600,1288.0,55.0
346700,1290.0,55.0
346800,1281.0,55.0
346900,1281.0,55.0
347000,1275.0,56.0
347100,1271.0,56.0
347200,1280.0,56.0
347300,1269.0,56.0
347400,1274.0,56.0
347500,1271.0,56.0
347600,1270.0,56.0
347800,1266.0,56.0
347900,1266.0,56.0
348100,1263.0,56.0
348200,1261.0,56.0
348300,1268.0,57.0
348400,1265.0,57.0
348500,1257.0,57.0
348600,1257.0,57.0
348700,1249.0,57.0
348800,1249.0,57.0
348900,1245.0,57.0
349000,1244.0,57.0
349100,1244.0,57.0
349200,1243.0,57.0
349400,1245.0,57.0
349500,1245.0,57.0
349600,1242.0,57.0
349700,1244.0,57.0
349800,1245.0,57.0
349900,1245.0,57.0
350000,1248.0,57.0
350100,1248.0,57.0
350200,1252.0,58.0
350300,1246.0,58.0
350400,1251.0,58.0
350500,1259.0,58.0
350700,1259.0,58.0
350800,1256.0,58.0
350900,1254.0,58.0
351000,1258.0,58.0
351100,1258.0,58.0
351200,1258.0,58.0
351300,1256.0,58.0
351500,1257.0,58.0
351700,1259.0,58.0
351800,1260.0,58.0
351900,1264.0,58.0
352000,1258.0,58.0
352100,1264.0,59.0
352200,1262.0,59.0
352300,1260.0,59.0
352400,1266.0,59.0
352500,1264.0,59.0
352600,1262.0,59.0
352700,1257.0,59.0
352800,1267.0,59.0
352900,1264.0,59.0
353000,1263.0,59.0
353100,1262.0,59.0
353300,1261.0,59.0
353400,1263.0,59.0
353500,1267.0,59.0
353600,1265.0,59.0
353700,1270.0,59.0
353800,1267.0,59.0
353900,1271.0,59.0
354100,1274.0,59.0
354200,1274.0,59.0
354300,1274.0,60.0
354400,1280.0,60.0
354500,1277.0,60.0
354600,1279.0,60.0
354700,1281.0,60.0
354800,1282.0,60.0
354900,1280.0,60.0
355000,1285.0,60.0
355100,1285.0,60.0
355200,1287.0,60.0
355300,1291.0,60.0
355400,1288.0,60.0
355500,1289.0,60.0
355700,1290.0,60.0
355800,1297.0,60.0
355900,1297.0,60.0
356000,1296.0,60.0
356100,1297.0,60.0
356200,1299.0,60.0
356300,1293.0,61.0
356400,1301.0,61.0
356600,1301.0,61.0
356700,1302.0,61.0
356800,1300.0,61.0
356900,1300.0,61.0
357000,1303.0,61.0
357200,1300.0,61.0
357300,1304.0,61.0
357400,1304.0,61.0
357500,1304.0,61.0
357600,1304.0,61.0
357700,1307.0,61.0
357800,1308.0,61.0
357900,1308.0,62.0
358000,1307.0,62.0
358100,1309.0,62.0
358200,1309.0,62.0
358300,1306.0,62.0
358400,1298.0,62.0
358500,1293.0,62.0
358600,1306.0,62.0
358700,1290.0,62.0
358900,1305.0,62.0
359000,1289.0,61.0
359100,1293.0,61.0
359200,1274.0,61.0
359300,1286.0,61.0
359400,1273.0,61.0
359500,1272.0,61.0
359600,1280.0,61.0
359800,1284.0,61.0
359900,1279.0,60.0
360000,1275.0,60.0
360100,1268.0,60.0
360300,1266.0,60.0
360400,1262.0,60.0
360500,1260.0,60.0
360600,1260.0,59.0
360700,1260.0,59.0
360800,1256.0,59.0
360900,1253.0,59.0
361000,1255.0,59.0
361100,1254.0,59.0
361200,1254.0,59.0
361300,1249.0,58.0
361400,1247.0,58.0
361600,1245.0,58.0
361700,1242.0,58.0
361800,1245.0,58.0
361900,1243.0,58.0
362000,1241.0,57.0
362100,1238.0,57.0
362200,1239.0,57.0
362300,1235.0,57.0
362400,1231.0,57.0
362500,1252.0,57.0
362700,1245.0,56.0
362800,1241.0,56.0
362900,1233.0,56.0
363000,1230.0,56.0
363100,1227.0,55.0
363200,1226.0,55.0
363300,1222.0,55.0
363500,1227.0,55.0
363600,1234.0,54.0
363700,1236.0,54.0
363800,1233.0,54.0
363900,1236.0,54.0
364000,1268.0,54.0
364100,1219.0,54.0
364200,1236.0,54.0
364300,1219.0,54.0
364400,1218.0,53.0
364600,1228.0,53.0
364700,1219.0,53.0
364800,1224.0,53.0
364900,1214.0,53.0
365000,1218.0,53.0
365100,1211.0,53.0
365200,1209.0,53.0
365300,1215.0,53.0
365400,1204.0,53.0
365500,1205.0,53.0
365600,1205.0,53.0
365700,1203.0,52.0
365900,1201.0,52.0
366000,1201.0,52.0
366100,1202.0,52.0
366200,1201.0,52.0
366300,1199.0,52.0
366400,1206.0,52.0
366500,1196.0,52.0
366600,1204.0,52.0
366700,1203.0,52.0
366800,1201.0,52.0
366900,1200.0,52.0
367000,1208.0,52.0
367100,1213.0,52.0
367300,1210.0,52.0
367400,1218.0,52.0
367500,1216.0,53.0
367600,1221.0,53.0
367700,1220.0,53.0
367800,1222.0,53.0
367900,1220.0,53.0
368000,1228.0,53.0
368100,1226.0,53.0
368200,1233.0,53.0
368300,1226.0,53.0
368400,1233.0,53.0
368600,1228.0,53.0
368700,1230.0,53.0
368800,1227.0,53.0
368900,1226.0,53.0
369000,1231.0,53.0
369100,1222.0,54.0
369200,1223.0,54.0
369300,1227.0,54.0
369400,1223.0,54.0
369500,1231.0,54.0
369600,1231.0,54.0
369700,1228.0,54.0
369800,1237.0,54.0
369900,1236.0,54.0
370000,1237.0,54.0
370100,1243.0,54.0
370200,1243.0,55.0
370400,1249.0,55.0
370500,1252.0,55.0
370600,1256.0,55.0
370700,1251.0,55.0
370800,1259.0,55.0
370900,1265.0,55.0
371000,1270.0,55.0
371200,1274.0,55.0
371300,1273.0,56.0
371400,1274.0,56.0
371500,1274.0,56.0
371600,1285.0,56.0
371700,1284.0,56.0
371800,1284.0,56.0
371900,1287.0,56.0
372000,1296.0,56.0
372100,1292.0,56.0
372200,1290.0,57.0
372300,1298.0,57.0
372500,1295.0,57.0
372600,1289.0,57.0
372700,1291.0,57.0
372800,1284.0,57.0
372900,1279.0,57.0
373000,1267.0,57.0
373100,1267.0,57.0
373200,1252.0,57.0
373300,1245.0,57.0
373400,1242.0,57.0
373500,1239.0,58.0
373700,1242.0,58.0
373800,1243.0,58.0
373900,1245.0,58.0
374000,1244.0,58.0
374100,1240.0,58.0
374200,1242.0,58.0
374300,1243.0,58.0
374400,1242.0,58.0
374500,1244.0,58.0
374600,1247.0,58.0
374700,1245.0,58.0
374800,1244.0,58.0
374900,1246.0,58.0
375100,1248.0,58.0
375200,1247.0,58.0
375300,1245.0,59.0
375400,1250.0,59.0
375500,1248.0,59.0
375600,1246.0,59.0
375700,1242.0,59.0
375800,1239.0,59.0
375900,1245.0,59.0
376000,1239.0,59.0
376100,1240.0,59.0
376300,1241.0,58.0
376400,1236.0,58.0
376500,1238.0,58.0
376600,1236.0,58.0
376700,1236.0,58.0
376800,1234.0,58.0
376900,1236.0,58.0
377000,1227.0,58.0
377100,1230.0,58.0
377200,1225.0,58.0
377300,1225.0,58.0
377400,1223.0,58.0
377600,1224.0,57.0
377700,1222.0,57.0
377800,1223.0,57.0
377900,1221.0,57.0
378000,1217.0,57.0
378100,1218.0,57.0
378200,1221.0,57.0
378300,1218.0,57.0
378400,1218.0,57.0
378500,1217.0,57.0
378600,1217.0,57.0
378700,1216.0,57.0
378800,1217.0,57.0
378900,1212.0,57.0
379000,1215.0,57.0
379100,1214.0,57.0
379200,1215.0,57.0
379400,1214.0,57.0
379500,1211.0,57.0
379600,1214.0,57.0
379700,1209.0,57.0
379800,1209.0,57.0
379900,1212.0,57.0
380000,1210.0,57.0
380100,1210.0,56.0
380200,1211.0,56.0
380300,1207.0,56.0
380400,1212.0,56.0
380500,1208.0,56.0
380600,1211.0,56.0
380700,1214.0,56.0
380800,1211.0,56.0
380900,1214.0,56.0
381000,1213.0,56.0
381100,1212.0,56.0
381200,1212.0,56.0
381300,1215.0,56.0
381400,1220.0,56.0
381500,1220.0,56.0
381600,1221.0,56.0
381700,1218.0,56.0
381800,1220.0,56.0
381900,1220.0,56.0
382000,1219.0,56.0
382100,1221.0,56.0
382200,1223.0,56.0
382300,1228.0,57.0
382500,1228.0,57.0
382600,1226.0,57.0
382700,1226.0,57.0
382800,1225.0,57.0
382900,1226.0,57.0
383000,1225.0,57.0
383100,1226.0,57.0
383200,1225.0,57.0
383300,1227.0,57.0
383400,1226.0,57.0
383500,1227.0,57.0
383600,1228.0,57.0
383800,1231.0,57.0
383900,1229.0,57.0
384000,1230.0,57.0
384100,1226.0,57.0
384200,1227.0,57.0
384300,1228.0,57.0
384400,1227.0,57.0
384500,1241.0,57.0
384600,1222.0,57.0
384700,1229.0,57.0
384800,1231.0,57.0
384900,1229.0,57.0
385000,1226.0,57.0
385100,1201.0,57.0
385200,1229.0,56.0
385300,1237.0,56.0
385500,1222.0,56.0
385600,1231.0,56.0
385700,1230.0,56.0
385800,1229.0,56.0
385900,1225.0,56.0
386000,1241.0,56.0
386100,1213.0,56.0
386200,1228.0,56.0
386300,1215.0,56.0
386400,1221.0,56.0
386500,1223.0,56.0
386600,1230.0,56.0
386700,1225.0,56.0
386800,1228.0,56.0
386900,1234.0,56.0
387000,1231.0,56.0
387100,1233.0,56.0
387200,1232.0,56.0
387300,1230.0,56.0
387400,1231.0,56.0
387500,1233.0,56.0
387600,1231.0,56.0
387700,1233.0,56.0
387900,1232.0,56.0
388000,1233.0,56.0
388100,1232.0,56.0
388200,1230.0,56.0
388300,1233.0,56.0
388400,1227.0,56.0
388500,1232.0,56.0
388600,1225.0,56.0
388700,1228.0,56.0
388800,1224.0,56.0
388900,1228.0,56.0
389000,1223.0,56.0
389100,1229.0,56.0
389200,1221.0,56.0
389400,1222.0,56.0
389500,1226.0,56.0
389600,1231.0,56.0
389700,1228.0,56.0
389800,1223.0,56.0
389900,1222.0,56.0
390000,1222.0,56.0
390100,1220.0,56.0
390200,1222.0,56.0
390300,1219.0,56.0
390500,1213.0,56.0
390600,1217.0,56.0
390700,1215.0,56.0
390800,1216.0,56.0
390900,1217.0,56.0
391000,1217.0,56.0
391100,1217.0,56.0
391200,1216.0,56.0
391300,1216.0,56.0
391400,1219.0,56.0
391500,1215.0,56.0
391700,1216.0,56.0
391800,1217.0,56.0
391900,1220.0,56.0
392000,1216.0,56.0
392100,1217.0,56.0
392200,1219.0,56.0
392300,1221.0,56.0
392400,1212.0,56.0
392500,1213.0,56.0
392600,1215.0,56.0
392800,1216.0,56.0
392900,1212.0,56.0
393000,1213.0,56.0
393100,1210.0,56.0
393200,1212.0,56.0
393300,1210.0,56.0
393400,1212.0,56.0
393500,1208.0,56.0
393600,1210.0,56.0
393700,1212.0,56.0
393900,1213.0,56.0
394000,1211.0,56.0
394100,1208.0,56.0
394200,1210.0,56.0
394400,1208.0,55.0
394500,1206.0,55.0
394600,1208.0,55.0
394700,1208.0,55.0
394800,1208.0,55.0
394900,1204.0,55.0
395000,1202.0,55.0
395100,1208.0,55.0
395200,1206.0,55.0
395300,1208.0,55.0
395500,1204.0,55.0
395600,1210.0,55.0
395700,1206.0,55.0
395800,1210.0,55.0
395900,1221.0,55.0
396000,1214.0,55.0
396100,1210.0,55.0
396200,1229.0,55.0
396300,1224.0,54.0
396400,1213.0,54.0
396500,1213.0,54.0
396700,1217.0,54.0
396800,1226.0,54.0
396900,1226.0,54.0
397000,1223.0,54.0
397100,1229.0,54.0
397200,1225.0,53.0
397300,1227.0,53.0
397400,1226.0,53.0
397500,1230.0,53.0
397600,1229.0,53.0
397700,1231.0,53.0
397800,1229.0,52.0
397900,1232.0,52.0
398000,1232.0,52.0
398100,1236.0,52.0
398200,1235.0,52.0
398300,1237.0,52.0
398400,1234.0,52.0
398500,1234.0,52.0
398600,1233.0,51.0
398800,1238.0,51.0
398900,1236.0,51.0
399000,1238.0,51.0
399100,1240.0,51.0
399200,1238.0,51.0
399400,1239.0,50.0
399500,1243.0,50.0
399600,1268.0,50.0
399700,1223.0,50.0
399800,1217.0,50.0
400000,1239.0,50.0
400100,1224.0,50.0
400200,1210.0,50.0
400300,1216.0,50.0
400400,1201.0,50.0
400500,1201.0,50.0
400600,1192.0,50.0
400700,1188.0,50.0
400800,1186.0,49.0
400900,1178.0,49.0
401000,1181.0,50.0
401200,1176.0,49.0
401300,1175.0,50.0
401400,1172.0,50.0
401500,1170.0,50.0
401600,1174.0,49.0
401700,1198.0,49.0
401800,1218.0,49.0
401900,1245.0,49.0
402100,1244.0,49.0
402200,1228.0,49.0
402300,1230.0,49.0
402400,1243.0,49.0
402500,1223.0,49.0
402600,1225.0,48.0
402700,1209.0,48.0
402800,1231.0,48.0
402900,1224.0,48.0
403000,1227.0,48.0
403100,1232.0,48.0
403200,1245.0,48.0
403400,1238.0,47.0
403500,1239.0,47.0
403600,1230.0,47.0
403700,1231.0,47.0
403800,1219.0,46.0
403900,1225.0,46.0
404000,1224.0,46.0
404100,1220.0,45.0
404200,1222.0,45.0
404300,1219.0,45.0
404400,1216.0,44.0
404500,1219.0,44.0
404700,1220.0,44.0
404800,1220.0,43.0
404900,1222.0,43.0
405000,1215.0,42.0
405100,1216.0,42.0
405200,1219.0,42.0
405300,1219.0,41.0
405400,1223.0,40.0
405500,1218.0,40.0
405700,1223.0,40.0
405800,1225.0,39.0
405900,1224.0,39.0
406000,1229.0,38.0
406100,1229.0,38.0
406200,1226.0,37.0
406300,1221.0,37.0
406400,1234.0,36.0
406500,1229.0,36.0
406600,1238.0,35.0
406800,1238.0,35.0
406900,1236.0,35.0
407000,1235.0,34.0
407100,1233.0,34.0
407200,1232.0,33.0
407300,1233.0,33.0
407400,1233.0,33.0
407500,1234.0,32.0
407600,1231.0,32.0
407700,1235.0,32.0
407800,1244.0,31.0
407900,1249.0,31.0
408000,1252.0,31.0
408100,1251.0,30.0
408200,1249.0,30.0
408300,1239.0,30.0
408400,1238.0,29.0
408500,1226.0,29.0
408600,1228.0,29.0
408700,1222.0,28.0
408800,1225.0,28.0
408900,1220.0,27.0
409000,1222.0,27.0
409100,1225.0,26.0
409200,1224.0,26.0
409300,1233.0,25.0
409400,1228.0,25.0
409600,1216.0,24.0
409700,1211.0,24.0
409800,1207.0,23.0
409900,1213.0,22.0
410000,1215.0,22.0
410100,1213.0,21.0
410200,1206.0,21.0
410300,1204.0,20.0
410500,1149.0,20.0
410600,1046.0,19.0
410700,1018.0,19.0
410800,1078.0,18.0
410900,1144.0,18.0
411000,1139.0,17.0
411100,1132.0,17.0
411200,1097.0,16.0
411300,1088.0,16.0
411400,1053.0,15.0
411500,1021.0,14.0
411600,996.0,14.0
411700,991.0,13.0
411900,972.0,12.0
412000,944.0,12.0
412100,908.0,11.0
412200,882.0,10.0
412300,865.0,10.0
412400,852.0,9.0
412500,835.0,8.0
412600,814.0,8.0
412700,793.0,7.0
412800,779.0,7.0
413000,737.0,6.0
413100,696.0,5.0
413200,653.0,5.0
413300,639.0,4.0
413400,597.0,3.0
413500,577.0,3.0
413600,572.0,3.0
413700,574.0,2.0
413800,583.0,2.0
413900,626.0,0.0
414000,662.0,0.0
414100,688.0,0.0
414200,722.0,0.0
414300,735.0,0.0
414400,747.0,0.0
414500,742.0,0.0
414700,753.0,0.0
414800,742.0,0.0
414900,716.0,0.0
415000,699.0,0.0
415100,701.0,0.0
415200,693.0,0.0
415300,705.0,0.0
415400,698.0,0.0
415600,711.0,0.0
415700,708.0,0.0
415800,727.0,0.0
415900,722.0,0.0
416000,741.0,0.0
416100,724.0,0.0
416200,720.0,0.0
416300,731.0,0.0
416500,764.0,0.0
416600,797.0,0.0
416700,848.0,0.0
416800,856.0,0.0
416900,861.0,0.0
417000,859.0,0.0
417100,850.0,0.0
417200,860.0,2.0
417300,849.0,2.0
417400,842.0,2.0
417500,875.0,2.0
417600,890.0,2.0
417700,1017.0,3.0
417800,1079.0,3.0
418000,1239.0,3.0
418100,1373.0,4.0
418200,1408.0,4.0
418300,1420.0,5.0
418400,1332.0,6.0
418500,1219.0,6.0
418600,1129.0,6.0
418800,1046.0,6.0
419000,964.0,5.0
419100,897.0,5.0
419200,867.0,4.0
419300,811.0,4.0
419400,755.0,3.0
419500,701.0,2.0
419600,653.0,1.0
419800,620.0,0.0
419900,617.0,0.0
420000,638.0,0.0
420100,684.0,0.0
420200,719.0,0.0
420400,729.0,0.0
420500,727.0,0.0
420600,724.0,0.0
420700,719.0,0.0
420800,710.0,0.0
420900,691.0,0.0
421000,694.0,0.0
421100,673.0,0.0
421200,682.0,0.0
421300,680.0,0.0
421400,702.0,0.0
421500,697.0,0.0
421600,695.0,0.0
421800,695.0,0.0
421900,707.0,0.0
422000,708.0,0.0
422100,724.0,0.0
422200,719.0,0.0
422300,698.0,0.0
422500,679.5,0.0
422700,678.0,0.0
422800,678.0,0.0
422900,686.0,0.0
423000,684.0,0.0
423100,692.0,0.0
423200,689.0,0.0
423300,703.0,0.0
423400,753.0,0.0
423500,758.0,0.0
423600,869.0,0.0
423700,1077.0,0.0
423800,1210.0,0.0
423900,1366.0,2.0
424100,1465.0,2.0
424200,1533.0,3.0
424300,1563.0,4.0
424400,1620.0,5.0
424500,1642.0,6.0
424600,1642.0,6.0
424700,1644.0,7.0
424800,1681.0,8.0
425000,1730.0,8.0
425100,1763.0,9.0
425200,1812.0,10.0
425300,1846.0,11.0
425400,1851.0,12.0
425500,1840.0,13.0
425600,1817.0,13.0
425700,1797.0,14.0
425900,1790.0,15.0
426000,1785.0,16.0
426100,1774.0,16.0
426200,1738.0,17.0
426300,1682.0,17.0
426400,1654.0,18.0
426500,1596.0,19.0
426600,1564.0,19.0
426700,1510.0,19.0
426800,1468.0,20.0
426900,1411.0,21.0
427100,1411.0,21.5
427300,1430.0,22.0
427400,1440.0,22.0
427500,1438.0,23.0
427600,1426.0,23.0
427700,1433.0,24.0
427800,1429.0,24.0
427900,1423.0,25.0
428000,1421.0,25.0
428100,1445.0,26.0
428200,1432.0,26.0
428300,1434.0,26.0
428400,1456.0,27.0
428500,1465.0,27.0
428600,1475.0,27.0
428800,1477.0,28.0
428900,1505.0,29.0
429000,1522.0,29.0
429100,1535.0,29.0
429200,1533.0,30.0
429300,1547.0,30.0
429400,1547.0,31.0
429500,1562.0,31.0
429600,1559.0,32.0
429700,1563.0,32.0
429800,1570.0,33.0
429900,1560.0,33.0
430000,1580.0,34.0
430100,1564.0,34.0
430200,1570.0,34.0
430300,1566.0,35.0
430400,1556.0,35.0
430600,1570.0,36.0
430700,1567.0,36.0
430800,1571.0,37.0
430900,1561.0,37.0
431000,1575.0,37.0
431100,1557.0,38.0
431200,1563.0,38.0
431300,1564.0,38.0
431400,1556.0,39.0
431600,1554.0,39.0
431700,1536.0,40.0
431800,1564.0,40.0
431900,1541.0,40.0
432000,1561.0,41.0
432100,1551.0,41.0
432200,1554.0,41.0
432300,1536.0,42.0
432400,1557.0,42.0
432500,1530.0,42.0
432600,1535.0,43.0
432800,1506.0,43.0
432900,1472.0,43.0
433000,1458.0,43.0
433100,1415.0,43.0
433200,1390.0,44.0
433300,1347.0,44.0
433400,1329.0,44.0
433500,1302.0,44.0
433600,1289.0,44.0
433700,1234.0,43.0
433800,1217.0,43.0
433900,1242.0,43.0
434000,1183.0,43.0
434100,1196.0,42.0
434200,1202.0,42.0
434300,1181.0,41.0
434400,1175.0,41.0
434500,1151.0,41.0
434600,1164.0,40.0
434800,1170.0,40.0
434900,1179.0,40.0
435000,1186.0,39.0
435100,1190.0,39.0
435200,1188.0,38.0
435300,1190.0,38.0
435400,1192.0,38.0
435500,1196.0,38.0
435600,1200.0,37.0
435700,1204.0,37.0
435800,1201.0,37.0
435900,1199.0,36.0
436000,1196.0,36.0
436100,1199.0,36.0
436200,1191.0,35.0
436300,1199.0,35.0
436400,1192.0,34.0
436500,1200.0,34.0
436600,1193.0,33.0
436700,1198.0,33.0
436800,1199.0,32.0
436900,1192.0,31.0
437000,1194.0,31.0
437200,1197.0,31.0
437300,1200.0,30.0
437400,1195.0,29.0
437500,1198.0,29.0
437600,1193.0,28.0
437700,1196.0,27.0
437800,1194.0,27.0
437900,1195.0,26.0
438000,1199.0,25.0
438100,1200.0,25.0
438200,1197.0,24.0
438300,1199.0,23.0
438400,1201.0,23.0
438500,1195.0,22.0
438600,1193.0,21.0
438700,1183.0,21.0
438800,1180.0,20.0
438900,1151.0,19.0
439000,1043.0,19.0
439200,1020.0,19.0
439300,1112.0,19.0
439400,1193.0,19.0
439500,1195.0,19.0
439600,1216.0,19.0
439700,1230.0,19.0
439800,1290.0,19.0
439900,1348.0,18.0
440000,1374.0,18.0
440100,1397.0,18.0
440300,1446.0,19.0
440400,1464.0,19.0
440500,1483.0,19.0
440600,1554.0,19.0
440700,1610.0,19.0
440800,1687.0,20.0
440900,1728.0,20.0
441000,1741.0,20.0
441100,1743.0,20.0
441200,1727.0,21.0
441300,1721.0,21.0
441400,1730.0,21.0
441600,1760.0,22.0
441700,1788.0,22.0
441800,1792.0,23.0
441900,1779.0,23.0
442000,1772.0,24.0
442100,1744.0,24.0
442200,1735.0,24.0
442300,1686.0,25.0
442400,1620.0,26.0
442500,1564.0,26.0
442600,1522.0,26.0
442700,1502.0,27.0
442800,1464.0,27.0
442900,1405.0,28.0
443000,1387.0,28.0
443100,1398.0,28.0
443200,1382.0,29.0
443400,1391.0,29.0
443500,1381.0,30.0
443600,1398.0,30.0
443700,1398.0,30.0
443800,1403.0,31.0
443900,1395.0,31.0
444000,1407.0,32.0
444100,1403.0,32.0
444200,1405.0,32.0
444300,1406.0,33.0
444400,1424.0,33.0
444500,1418.0,33.0
444600,1417.0,34.0
444700,1420.0,34.0
444800,1425.0,34.0
445000,1433.0,35.0
445100,1411.0,35.0
445200,1436.0,36.0
445300,1433.0,36.0
445400,1439.0,36.0
445500,1421.0,37.0
445600,1423.0,37.0
445700,1414.0,37.0
445800,1440.0,38.0
446000,1437.0,38.0
446100,1456.0,38.0
446200,1436.0,39.0
446300,1442.0,39.0
446400,1480.0,39.0
446500,1475.0,40.0
446600,1483.0,40.0
446700,1474.0,40.0
446800,1481.0,40.0
446900,1491.0,41.0
447000,1497.0,41.0
447200,1511.0,41.0
447300,1502.0,42.0
447400,1523.0,42.0
447500,1504.0,42.0
447600,1529.0,43.0
447700,1515.0,43.0
447800,1511.0,44.0
447900,1515.0,44.0
448000,1502.0,44.0
448100,1507.0,44.0
448200,1485.0,45.0
448300,1468.0,45.0
448400,1457.0,45.0
448500,1430.0,45.0
448700,1398.0,46.0
448800,1357.0,46.0
448900,1328.0,46.0
449000,1312.0,46.0
449100,1293.0,46.0
449200,1276.0,46.0
449300,1267.0,47.0
449400,1251.0,47.0
449500,1252.0,47.0
449600,1241.0,47.0
449700,1243.0,47.0
449800,1239.0,47.0
449900,1244.0,47.0
450100,1244.0,48.0
450200,1240.0,48.0
450300,1243.0,48.0
450400,1239.0,48.0
450500,1236.0,48.0
450700,1233.0,48.0
450800,1231.0,48.0
450900,1223.0,48.0
451000,1221.0,49.0
451100,1222.0,49.0
451200,1213.0,49.0
451300,1212.0,49.0
451400,1203.0,49.0
451500,1211.0,49.0
451600,1201.0,49.0
451700,1193.0,50.0
451800,1189.0,49.0
451900,1184.0,49.0
452100,1184.0,50.0
452200,1184.0,50.0
452300,1179.0,50.0
452400,1169.0,50.0
452500,1170.0,50.0
452600,1166.0,50.0
452700,1163.0,50.0
452800,1166.0,50.0
452900,1156.0,50.0
453000,1156.0,50.0
453100,1158.0,50.0
453200,1172.0,50.0
453300,1206.0,50.0
453400,1198.0,50.0
453500,1199.0,50.0
453600,1207.0,50.0
453700,1218.0,50.0
453800,1217.0,49.0
453900,1199.0,49.0
454000,1198.0,49.0
454200,1233.0,49.0
454300,1214.0,49.0
454400,1209.0,49.0
454500,1219.0,48.0
454600,1210.0,48.0
454700,1212.0,48.0
454800,1220.0,48.0
454900,1210.0,48.0
455000,1222.0,47.0
455100,1217.0,47.0
455200,1221.0,47.0
455300,1223.0,47.0
455500,1222.0,47.0
455600,1225.0,47.0
455700,1233.0,46.0
455800,1223.0,46.0
455900,1228.0,46.0
456000,1231.0,46.0
456100,1228.0,46.0
456200,1229.0,46.0
456300,1232.0,46.0
456400,1230.0,45.0
456500,1236.0,45.0
456600,1235.0,45.0
456700,1234.0,45.0
456900,1238.0,45.0
457000,1236.0,44.0
457100,1236.0,44.0
457200,1239.0,44.0
457300,1236.0,44.0
457400,1241.0,44.0
457500,1236.0,44.0
457600,1237.0,43.0
457700,1238.0,43.0
457800,1238.0,43.0
457900,1240.0,43.0
458000,1242.0,43.0
458100,1255.0,43.0
458200,1241.0,43.0
458400,1238.0,42.0
458500,1238.0,42.0
458600,1233.0,42.0
458700,1230.0,42.0
458800,1234.0,41.0
458900,1229.0,41.0
459000,1237.0,41.0
459100,1237.0,41.0
459200,1232.0,41.0
459300,1234.0,40.0
459500,1231.0,40.0
459600,1236.0,40.0
459700,1231.0,40.0
459800,1237.0,39.0
459900,1235.0,39.0
460000,1236.0,39.0
460100,1243.0,39.0
460300,1237.0,38.0
460400,1236.0,38.0
460500,1239.0,38.0
460600,1232.0,37.0
460800,1231.0,37.0
460900,1235.0,37.0
461000,1237.0,36.0
461100,1233.0,36.0
461200,1227.0,36.0
461300,1230.0,35.0
461400,1227.0,35.0
461500,1231.0,35.0
461600,1226.0,34.0
461700,1227.0,34.0
461800,1222.0,34.0
461900,1225.0,33.0
462000,1225.0,33.0
462100,1226.0,32.0
462200,1224.0,32.0
462300,1227.0,31.0
462500,1226.0,31.0
462600,1228.0,31.0
462700,1226.0,30.0
462800,1229.0,29.0
462900,1220.0,29.0
463000,1219.0,28.0
463100,1213.0,28.0
463200,1227.0,28.0
463300,1232.0,27.0
463400,1246.0,27.0
463500,1254.0,27.0
463700,1255.0,27.0
463800,1266.0,26.0
463900,1265.0,26.0
464000,1273.0,26.0
464100,1319.0,26.0
464200,1306.0,26.0
464300,1229.0,26.0
464400,1239.0,26.0
464500,1263.0,26.0
464600,1215.0,26.0
464700,1233.0,26.0
464800,1242.0,26.0
464900,1204.0,26.0
465000,1222.0,26.0
465100,1207.0,26.0
465200,1212.0,26.0
465400,1215.0,26.0
465500,1210.0,26.0
465600,1217.0,26.0
465700,1211.0,26.0
465800,1217.0,26.0
465900,1212.0,26.0
466000,1214.0,26.0
466100,1213.0,27.0
466200,1213.0,27.0
466300,1211.0,27.0
466500,1210.0,27.0
466600,1210.0,27.0
466700,1201.0,27.0
466800,1195.0,27.0
466900,1186.0,28.0
467000,1190.0,28.0
467100,1211.0,28.0
467200,1220.0,28.0
467300,1240.0,28.0
467500,1227.0,28.0
467600,1229.0,28.0
467700,1211.0,28.0
467800,1250.0,27.0
468000,1208.0,27.0
468100,1235.0,27.0
468200,1225.0,27.0
468300,1225.0,27.0
468400,1206.0,27.0
468500,1221.0,26.0
468600,1213.0,26.0
468700,1219.0,26.0
468800,1219.0,26.0
468900,1219.0,26.0
469000,1227.0,25.0
469100,1223.0,25.0
469200,1228.0,25.0
469300,1223.0,25.0
469400,1230.0,25.0
469500,1227.0,24.0
469700,1232.0,24.0
469800,1232.0,24.0
469900,1230.0,24.0
470000,1228.0,23.0
470100,1226.0,23.0
470200,1228.0,23.0
470300,1225.0,23.0
470400,1226.0,22.0
470500,1223.0,22.0
470700,1201.0,22.0
470800,1177.0,22.0
470900,1115.0,22.0
471000,1040.0,22.0
471100,943.0,21.0
471200,915.0,21.0
471300,989.0,21.0
471500,1111.0,21.0
471600,1189.0,21.0
471700,1200.0,21.0
471800,1197.0,21.0
471900,1173.0,21.0
472000,1153.0,21.0
472100,1143.0,21.0
472200,1140.0,21.0
472300,1124.0,21.0
472400,1120.0,21.0
472500,1116.0,20.0
472600,1107.0,20.0
472700,1122.0,20.0
472800,1161.0,20.0
472900,1197.0,20.0
473000,1250.0,20.0
473100,1268.0,20.0
473200,1286.0,20.0
473400,1283.0,20.0
473500,1287.5,20.0
473700,1300.0,20.0
473800,1300.0,20.0
473900,1298.0,20.0
474000,1291.0,20.0
474100,1278.0,20.0
474200,1226.0,20.0
474300,1184.0,20.0
474400,1204.0,20.0
474600,1229.0,20.0
474700,1248.0,20.0
474800,1257.0,20.0
474900,1258.0,20.0
475000,1245.0,20.0
475100,1232.0,20.0
475200,1170.0,20.0
475300,1125.0,20.0
475400,1101.0,20.0
475500,1019.0,20.0
475600,992.0,20.0
475700,957.0,20.0
475800,1017.0,20.0
475900,1057.0,20.0
476100,1090.0,19.0
476200,1098.0,19.0
476300,1101.0,19.0
476400,1098.0,19.0
476500,1098.0,19.0
476600,1086.0,18.0
476700,1081.0,18.0
476800,1080.0,18.0
476900,1068.0,18.0
477000,1057.0,18.0
477100,1055.0,17.0
477200,1049.0,17.0
477300,1039.0,17.0
477400,1023.0,16.0
477500,1014.0,16.0
477600,998.0,16.0
477700,1008.0,16.0
477800,1011.0,15.0
477900,1015.0,15.0
478000,1028.0,15.0
478100,1027.0,15.0
478200,1025.0,15.0
478300,1015.0,15.0
478400,1017.0,15.0
478500,1014.0,15.0
478700,1004.0,15.0
478800,1003.0,14.0
478900,998.0,14.0
479000,988.0,14.0
479100,987.0,14.0
479200,985.0,14.0
479300,980.0,14.0
479400,977.0,14.0
479500,970.0,14.0
479600,959.0,13.0
479700,950.0,13.0
479800,951.0,13.0
480000,947.0,13.0
480100,943.0,13.0
480200,928.0,12.0
480400,931.0,12.0
480500,910.0,12.0
480600,914.0,12.0
480700,908.0,12.0
480800,895.0,11.0
480900,892.0,11.0
481000,890.0,11.0
481100,890.0,11.0
481200,884.0,11.0
481300,881.0,10.0
481400,876.0,10.0
481500,876.0,10.0
481700,871.0,10.0
481800,861.0,10.0
481900,861.0,9.0
482000,860.0,9.0
482100,859.0,9.0
482200,849.0,9.0
482300,843.0,9.0
482400,831.0,8.0
482500,831.0,8.0
482600,824.0,8.0
482700,818.0,8.0
482800,817.0,8.0
482900,818.0,7.0
483000,793.0,7.0
483100,782.0,7.0
483200,775.0,7.0
483400,743.0,7.0
483500,727.0,6.0
483700,706.0,6.0
483800,699.0,6.0
483900,700.0,6.0
484000,700.0,6.0
484100,701.0,6.0
484200,698.0,6.0
484300,699.0,6.0
484400,698.0,6.0
484600,685.0,5.0
484700,690.0,5.0
484800,682.0,5.0
484900,669.0,5.0
485000,670.0,5.0
485100,663.0,4.0
485200,661.0,4.0
485300,654.0,4.0
485400,650.0,4.0
485500,643.0,3.0
485600,638.0,3.0
485700,640.0,3.0
485900,641.0,3.0
486000,647.0,2.0
486100,647.0,2.0
486200,652.0,2.0
486300,661.0,1.0
486400,659.0,0.0
486500,664.0,0.0
486600,665.0,0.0
486700,664.0,0.0
486800,666.0,0.0
486900,671.0,0.0
487100,664.0,0.0
487200,672.0,0.0
487300,667.0,0.0
487400,666.0,0.0
487500,661.0,0.0
487600,662.0,0.0
487700,665.0,0.0
487900,659.0,0.0
488000,671.0,0.0
488100,678.0,0.0
488200,671.0,0.0
488300,678.0,0.0
488400,684.0,0.0
488500,715.0,0.0
488600,760.0,0.0
488700,778.0,0.0
488800,788.0,0.0
488900,794.0,0.0
489000,792.0,0.0
489100,795.0,0.0
489200,762.0,0.0
489300,750.0,0.0
489500,730.0,0.0
489600,703.0,0.0
489700,681.0,0.0
489800,683.0,0.0
489900,698.0,0.0
490000,715.0,0.0
490100,723.0,0.0
490200,723.0,0.0
490400,733.0,0.0
490500,730.0,0.0
490600,701.0,0.0
490700,705.0,0.0
490800,697.0,0.0
490900,688.0,0.0
491000,682.0,0.0
491100,698.0,0.0
491200,701.0,0.0
491300,699.0,0.0
491400,715.0,0.0
491500,719.0,0.0
491600,725.0,0.0
491800,724.0,0.0
491900,725.0,0.0
492000,720.0,0.0
492100,718.0,0.0
492200,714.0,0.0
492300,694.0,0.0
492400,700.0,0.0
492500,698.0,0.0
492600,702.0,0.0
492700,706.0,0.0
492800,702.0,0.0
492900,712.0,0.0
493100,702.0,0.0
493200,694.0,0.0
493300,698.0,0.0
493400,709.0,0.0
493600,699.0,0.0
493700,700.0,0.0
493800,708.0,0.0
493900,707.0,0.0
494000,699.0,0.0
494100,700.0,0.0
494200,702.0,0.0
494400,706.0,0.0
494500,705.0,0.0
494600,702.0,0.0
494700,705.0,0.0
494800,708.0,0.0
494900,700.0,0.0
495000,702.0,0.0
495100,701.0,0.0
495300,712.0,0.0
495400,700.0,0.0
495500,703.0,0.0
495600,699.0,0.0
495700,698.0,0.0
495800,699.0,0.0
495900,695.0,0.0
496000,691.0,0.0
496100,694.0,0.0
496200,694.0,0.0
496300,697.0,0.0
496400,697.0,0.0
496500,703.0,0.0
496600,703.0,0.0
496700,701.0,0.0
496900,698.0,0.0
497000,699.0,0.0
497100,694.0,0.0
497200,696.0,0.0
497300,688.0,0.0
497400,694.0,0.0
497500,693.0,0.0
497600,697.0,0.0
497700,695.0,0.0
497900,687.0,0.0
498000,692.0,0.0
498100,695.0,0.0
498200,688.0,0.0
498300,690.0,0.0
498400,698.0,0.0
498500,697.0,0.0
498600,706.0,0.0
498700,699.0,0.0
498800,695.0,0.0
498900,696.0,0.0
499000,690.0,0.0
499100,698.0,0.0
499200,698.0,0.0
499300,692.0,0.0
499400,700.0,0.0
499500,692.0,0.0
499600,697.0,0.0
499700,691.0,0.0
499800,689.0,0.0
499900,701.0,0.0
500000,696.0,0.0
500200,686.0,0.0
500300,689.0,0.0
500400,685.0,0.0
500500,694.0,0.0
500600,696.0,0.0
500700,687.0,0.0
500800,693.0,0.0
500900,690.0,0.0
501000,691.0,0.0
501100,700.0,0.0
501200,690.0,0.0
501400,699.0,0.0
501500,702.0,0.0
501600,688.0,0.0
501700,690.0,0.0
501800,696.0,0.0
501900,704.0,0.0
502000,727.0,0.0
502100,728.0,0.0
502200,751.0,0.0
502300,752.0,0.0
502400,744.0,0.0
502500,759.0,0.0
502600,755.0,0.0
502700,741.0,0.0
502800,747.0,0.0
502900,737.0,0.0
503000,717.0,0.0
503100,718.0,0.0
503300,689.0,0.0
503400,686.0,0.0
503500,679.0,0.0
503600,685.0,0.0
503700,716.0,0.0
503800,699.0,0.0
503900,731.0,0.0
504100,738.0,0.0
504200,738.0,0.0
504300,734.0,0.0
504400,738.0,0.0
504500,733.0,0.0
504600,733.0,0.0
504700,728.0,0.0
504800,715.0,0.0
505000,691.0,0.0
505100,699.0,0.0
505200,699.0,0.0
505300,676.0,0.0
505400,702.0,0.0
505500,704.0,0.0
505600,705.0,0.0
505700,725.0,0.0
505900,735.0,0.0
506000,716.0,0.0
506100,719.0,0.0
506200,723.0,0.0
506300,715.0,0.0
506400,714.0,0.0
506500,705.0,0.0
