system_time,lat,lon,speed,bearing
17500.0,43.0156414,-78.8178569,0.0,0.0
18350.0,43.015317001983085,-78.81783027872265,3.1859052000000005,0.0
18966.666666666668,43.01520625958161,-78.81785165127543,4.0653874666666665,0.0
19525.0,43.015142901987225,-78.81786127160782,4.4677323499999995,0.0
20060.0,43.0151038509327,-78.8178702755727,4.8261299399999995,0.0
20600.0,43.01507344406031,-78.81789050225144,5.165333116666667,0.0
21114.285714285714,43.01506549365045,-78.81794335711253,5.362943442857143,39.93522428571429
21625.0,43.01506092394797,-78.81799490063901,5.5473026375000005,69.84726375
22133.333333333332,43.01505860398399,-78.81804376266814,5.6264774555555555,92.98227666666668
22650.0,43.01505809006975,-78.81808880556386,5.5892566100000005,111.335016
23163.636363636364,43.01505823646036,-78.81813011415375,5.445290600000001,126.13515090909091
23675.0,43.015058114875536,-78.81816597067045,5.177907916666667,138.34888833333335
24261.53846153846,43.015057189883194,-78.81819589345808,4.816394258461539,149.5033230769231
24907.14285714286,43.015055279811115,-78.81822003391574,4.510240747142857,157.56741214285714
25533.333333333332,43.01505252133369,-78.81824031363725,4.3011267973333345,164.5562893333333
26137.5,43.015048939633495,-78.81825831628228,4.165514516250001,168.331038125
26729.41176470588,43.01504407232545,-78.81827492313259,4.143917827058824,170.73464647058822
27316.666666666668,43.01503711634694,-78.81829094798,4.201604447777779,172.3051322222222
27873.684210526317,43.015003789170784,-78.81831817177053,3.980467371578948,163.23644105263156
28390.0,43.01499646211702,-78.81833134160613,4.122250728000001,164.60185149999998
28909.52380952381,43.01498615895837,-78.8183438281808,4.332486407619048,165.5543276190476
29422.727272727272,43.0149725946796,-78.81835533977488,4.584190661818183,166.19399318181814
29934.782608695652,43.01495553700148,-78.81836543210905,4.872331372173914,166.72223695652173
30445.833333333332,43.0149349777638,-78.81837446347832,5.184163440000001,167.21383583333332
30960.0,43.01491107374263,-78.81838258511806,5.506096302400001,167.7155392
31469.23076923077,43.01488404078796,-78.81838978141323,5.81868959846154,168.13036269230767
31981.48148148148,43.01485414749096,-78.81839609020152,6.11469116888889,168.5182359259259
32492.85714285714,43.01482166631117,-78.81840192672198,6.406397020000001,168.94426142857137
33003.44827586207,43.01478675603891,-78.8184073797605,6.688980846896553,169.3394944827586
33510.0,43.014749720117536,-78.81841248354252,6.948226852000001,169.71223399999997
34019.354838709674,43.01471085279717,-78.81841732222529,7.182222889032259,170.0657232258064
34525.0,43.01467039496172,-78.81842196613702,7.396739767500001,170.40280687499995
35030.30303030303,43.014628568836734,-78.8184264983403,7.584543562424243,170.7218518181818
35538.23529411765,43.014585631931084,-78.81843087957505,7.754228340000001,171.04310088235292
36042.857142857145,43.0145418059925,-78.8184351991499,7.896042273142858,171.350768
36550.0,43.01449727511593,-78.81843941842011,8.021489098888889,171.6305336111111
37054.05405405405,43.01445237441813,-78.81844355538962,8.106327744864865,171.88513864864862
37557.89473684211,43.01440738386174,-78.81844753939767,8.159284304210527,172.11138973684209
38061.53846153846,43.0143625793985,-78.81845132107121,8.175320027179488,172.3291546153846
38560.0,43.014322522413536,-78.81846190304444,7.970937026500001,168.02092575
39039.0243902439,43.01428033058601,-78.81846505832631,7.94460778195122,168.22600048780487
39521.42857142857,43.01423889724664,-78.81846805440989,7.876514096666667,168.51327476190477
40004.651162790695,43.014198532773875,-78.81847094906314,7.772051103720931,168.77675325581396
40486.36363636364,43.01415940346317,-78.81847366260831,7.663178208181819,168.86129795454545
40971.11111111111,43.014121451224135,-78.81847601182247,7.562002248,168.5587002222222
41454.34782608696,43.0140845630507,-78.81847766887894,7.490908999130435,167.77971804347825
41938.29787234042,43.01404880887929,-78.81847809475259,7.447685573617022,166.5147244680851
42425.0,43.01401431177708,-78.81847682047399,7.448509186666667,165.041464375
42910.204081632655,43.0139811913682,-78.81847345985487,7.480339917551021,163.4722663265306
43398.0,43.013949501716695,-78.81846769023207,7.544151599200001,161.9225684
43886.27450980392,43.01391911704193,-78.81845925474425,7.630895979607844,160.49537843137253
44373.07692307692,43.01388986657477,-78.81844806721777,7.727878480000001,159.14612451923074
44860.377358490565,43.013861674419815,-78.8184340774394,7.832586659622643,157.8422604716981
45350.0,43.01383449967699,-78.81841740298302,7.929960054814817,156.59871312962963
45838.181818181816,43.013808251706585,-78.81839846951233,8.003277453818184,155.42324052727272
46328.57142857143,43.01378282925731,-78.81837773249393,8.04101289214286,154.36236801785714
46819.29824561404,43.01375816484045,-78.81835579361864,8.039264937894739,153.3649437719298
47310.34482758621,43.01373420096018,-78.81833329821353,8.000940757931037,152.5948175
47800.0,43.01371066762724,-78.81831075386658,7.941688973898307,152.30597483050846
48290.0,43.01368730981633,-78.81828867676931,7.890026174333335,152.46181475
48777.04918032787,43.01367587195049,-78.8182678164944,7.7606814829508215,149.96244073770492
49253.22580645161,43.013653011699844,-78.81824717873542,7.741422147741937,150.47518911290322
49728.57142857143,43.01362985513978,-78.81822755258504,7.750059589841271,151.03260087301584
50206.25,43.01360611144594,-78.81820886527231,7.781551815000001,151.55853523437497
50683.07692307692,43.01358160365697,-78.81819094730406,7.828082540923077,152.01524930769227
51162.121212121216,43.01355622452733,-78.81817367896001,7.891921305454545,152.46105977272725
51640.298507462685,43.01352984436161,-78.81815703365632,7.967324002388059,152.86110425373133
52120.58823529412,43.01350246004446,-78.81814087353014,8.049962325882353,153.2127281617647
52600.0,43.01347403687355,-78.81812507124262,8.138177002318841,153.54407007246374
53081.42857142857,43.0134445347086,-78.81810955393911,8.232327045142858,153.8543499285714
53563.380281690144,43.01341394972667,-78.81809424047717,8.330929805070424,154.14726204225352
54044.444444444445,43.01338229165733,-78.81807908727055,8.43384049527778,154.43259826388888
54526.02739726027,43.01334956043683,-78.81806408091026,8.537658940547947,154.7092470547945
55008.10810810811,43.01331576333895,-78.81804920968867,8.642123860270273,154.97796628378376
55490.666666666664,43.013280915706986,-78.8180344651133,8.746179822133335,155.24580886666666
55975.0,43.01324501800008,-78.81801984918425,8.852334508684214,155.50863177631578
56459.74025974026,43.01320812023143,-78.81800536831545,8.953764618961042,155.77135928571425
56943.58974358974,43.01317025988191,-78.81799100012556,9.054059059743594,156.0261439102564
57429.11392405063,43.01313147289731,-78.81797675130305,9.153403729873421,156.26812044303796
57915.0,43.01309179022913,-78.81796258095079,9.247838733250003,156.47694106249998
58401.234567901236,43.013051255868405,-78.81794835629091,9.34178702049383,156.63928746913578
58884.14634146341,43.013007530796834,-78.81793024340931,9.227862788536589,154.72905225609756
59359.03614457831,43.012967232997745,-78.81791620016779,9.316731405542173,154.8657946385542
59834.52380952381,43.012926264502326,-78.81790182667899,9.387882186428575,154.96357410714285
60309.41176470588,43.01288473326149,-78.81788704209487,9.455825113647064,155.01979311764708
60786.04651162791,43.01284268965285,-78.81787184130117,9.519220798372098,155.08586505813955
61263.2183908046,43.01280015389112,-78.8178562771179,9.581574019080465,155.16312166666668
61740.90909090909,43.01275705917237,-78.81784030343456,9.65123480295455,155.22589767045454
62219.10112359551,43.01271338522175,-78.81782392556548,9.724070074831465,155.29732668539327
62697.77777777778,43.01266915521844,-78.81780717231541,9.792837218444449,155.3608225
63175.82417582418,43.01262435996828,-78.81778999784079,9.864394798461543,155.40705313186814
63654.34782608696,43.012578984607174,-78.81777239686463,9.937334963695656,155.46267733695655
64134.408602150535,43.01253302803694,-78.81775440596631,10.007606200645165,155.52953069892473
64613.82978723404,43.01248648388625,-78.81773605302375,10.076225070851068,155.60156335106385
65093.68421052631,43.01243939091705,-78.81771736623715,10.143387922736846,155.6714451052632
65575.0,43.01239169912733,-78.8176983278792,10.217819673541669,155.73639703125002
66055.67010309278,43.012343495912326,-78.81767899654128,10.277006697525776,155.80083407216497
66536.73469387754,43.01229481357935,-78.8176593789373,10.341723323061228,155.86153515306125
67018.18181818182,43.012245645793485,-78.81763945879901,10.40583594606061,155.9183717676768
67501.0,43.01219602484507,-78.81761925641378,10.467046406600002,155.96956345
68489.0,43.01211104201044,-78.81759623078662,10.630930246600004,157.58462995000002
69470.0,43.01203116532617,-78.81757308653374,10.727189792600004,159.19525785000002
70449.0,43.01194931457838,-78.81754704756993,10.668946272600003,159.19525785000002
71419.0,43.01186846229937,-78.81752234164202,10.773874102600002,160.77859095000002
72390.0,43.01178630502773,-78.81749659926113,10.878873619600002,162.30054885
73359.0,43.0117030869958,-78.81746895797501,10.980045379600002,163.76106135
74330.0,43.01161764791333,-78.81743741182665,11.087529505600001,162.37832225
75300.0,43.01153091492497,-78.8174035692727,11.1927049956,160.95962425
76270.0,43.0114429384443,-78.817367479122,11.3019925056,159.53597695
77239.0,43.01135371808261,-78.81732931235874,11.419691665599998,158.11922195
78209.0,43.011263352407234,-78.81728916611755,11.548509090599998,156.71616335000002
79178.0,43.01117193128938,-78.81724735579432,11.695944166599997,155.33474915
80138.0,43.01107953644119,-78.81720412343405,11.858353982999997,153.84358175
81087.0,43.010986235762374,-78.81715965285781,12.017390921999997,152.56775015
82037.0,43.01089202367981,-78.81711385766596,12.167450706999999,151.30060145
82987.0,43.01079698502639,-78.81706663960385,12.299692633999998,150.38837105000002
83938.0,43.010701226083185,-78.81701794858508,12.417523325999998,149.65845794999998
84888.0,43.010604892244395,-78.8169677096534,12.521347805999996,149.04100995
85841.0,43.01051264385981,-78.81691370670369,12.680195490999997,150.40801774999997
86802.0,43.01041483468235,-78.81686061574992,12.770104125999996,149.85026424999998
87761.0,43.01031680060632,-78.81680597381505,12.844715715999996,149.32598495
88721.0,43.01021875439331,-78.81674976313323,12.906832335999997,148.80716395
89682.0,43.01012096430993,-78.81669200209217,12.955568325999998,148.24492025
90642.0,43.0100236622783,-78.81663253576437,12.993666935999997,147.62299205
91602.0,43.009927055882365,-78.81657123072706,13.024109385999997,146.93912225
92563.0,43.00983126818862,-78.81650808923851,13.051455385999997,146.22917365
93522.0,43.00973643172484,-78.81644311082037,13.073604646,145.48363225
94481.0,43.00964264558794,-78.81637622900324,13.083626776,144.68588385
95441.0,43.009550052497,-78.81630746433063,13.089669835999999,143.83230529
96402.0,43.0094587612609,-78.81623679231636,13.099465665999999,142.92508814
97362.0,43.00936885270611,-78.81616416022415,13.112096465999999,141.98845524
98323.0,43.009280321375726,-78.8160895720174,13.124918955999997,141.04269634
99283.0,43.00919312400823,-78.81601301422556,13.144471535999996,140.11201454
100242.0,43.00910716077861,-78.81593446220404,13.169839065999994,139.1880528
101203.0,43.00902236946991,-78.8158538730106,13.202991345999994,138.26402415
102163.0,43.00893871458506,-78.81577125855227,13.240373325999995,137.34414335000002
103123.0,43.008856086808095,-78.8156866111118,13.290336685999995,136.42645225
104083.0,43.008774388754475,-78.81559992921278,13.351825775999993,135.51831475000003
105043.0,43.00869352337358,-78.81551124694977,13.425814060999993,134.61082865000003
106006.0,43.00861165649923,-78.81541779241246,13.586887400999995,135.50258565000004
106977.0,43.0085314775001,-78.81532518303595,13.681384640999992,134.63276040000005
107947.0,43.008451825664004,-78.81523056122845,13.796609730999991,133.72520900000004
108917.0,43.00837255422197,-78.8151338993358,13.928423616999991,132.81862800000002
109887.0,43.0082935608426,-78.81503517764212,14.069342559999994,131.98621200000002
110857.0,43.00821484426391,-78.8149344581968,14.209575639999994,131.32549900000004
111827.0,43.00813643371164,-78.81483190147628,14.339064741999994,130.88794760000005
112798.0,43.00805826880194,-78.81472776352088,14.459124971999994,130.69745470000004
113767.0,43.007980249222975,-78.81462227838703,14.560882651999993,130.62751710000003
114737.0,43.00790226519399,-78.81451563983524,14.650148991999993,130.64088865000002
115707.0,43.0078242133706,-78.81440808361347,14.719486951999993,130.68398605000002
116676.0,43.007746092166684,-78.81429985392678,14.773218981999994,130.69913230000003
117647.0,43.00766796604875,-78.81419108378059,14.819709541999993,130.69882545000002
118618.0,43.0075898521946,-78.81408187267881,14.862375751999993,130.69534715
119588.0,43.007511753667885,-78.8139722040429,14.908802521999991,130.67976861
120558.0,43.00743368697247,-78.81386188168294,14.969922241999994,130.65858351
121527.0,43.00735569521089,-78.81375072035989,15.048094621999994,130.58782510999998
122497.0,43.007277803723525,-78.81363843435975,15.148741286999993,130.50624084999998
123466.0,43.00720002005174,-78.81352469783963,15.269306061999993,130.31230934999996
124437.0,43.00712246418765,-78.81340925552809,15.400394306999994,129.85877915
125407.0,43.00704527032028,-78.81329183529077,15.525366016999994,129.14827484999998
126379.0,43.00696125724514,-78.81317199840412,15.696407676999995,130.05607064999998
127358.0,43.00688450905017,-78.81305033453185,15.802279429999997,129.15955745
128338.0,43.006808307286185,-78.81292634976705,15.888008479999996,128.24741875
129317.0,43.006732771397836,-78.81280008458711,15.959269759999994,127.38612044999999
130298.0,43.00665791839187,-78.81267163260877,16.023881049999996,126.61138175
131278.0,43.00658372287295,-78.81254103585273,16.078718179999996,125.86532525000001
132259.0,43.00651025314656,-78.81240833877865,16.115899869999993,125.14758805000001
133238.0,43.006437563323644,-78.81227363633108,16.152892509999994,124.44353995000002
134218.0,43.00636577756882,-78.81213689430929,16.186679159999994,123.72439495
135198.0,43.00629499092221,-78.81199809956242,16.212219029999993,122.99628505000001
136177.0,43.00622530128606,-78.81185738331533,16.230504699999994,122.24389864999999
137157.0,43.00615681219763,-78.81171478137085,16.244935504999994,121.45786114999999
138137.0,43.006089607100904,-78.8115703616543,16.246021624999994,120.66281205
139118.0,43.00602382120021,-78.81142405438504,16.252494244999994,119.81215354999999
140099.0,43.00595954217802,-78.81127588878772,16.254233804999995,118.92585854999997
141078.0,43.005896845832375,-78.81112587639628,16.250500094999996,118.03916554999998
142057.0,43.00583568635161,-78.81097412133158,16.241493004999995,117.15335824999998
143038.0,43.00577604443445,-78.81082063811243,16.230714429999995,116.29048844999997
144017.0,43.00571785534643,-78.81066542943118,16.216020449999995,115.44471324999999
144997.0,43.00566113573492,-78.81050855662664,16.201333079999998,114.62063184999997
145977.0,43.00560589910062,-78.8103501248371,16.18660748,113.83344014999997
146960.0,43.00555407505602,-78.81019330431505,16.337117099999997,114.74030064999997
147949.0,43.00550024677215,-78.81003164790287,16.31835157,113.99451768999995
148939.0,43.005447762434976,-78.80986880972489,16.30651864,113.27594033999996
149930.0,43.00539651711404,-78.80970491835886,16.2924422,112.60026393999995
150920.0,43.005346482441574,-78.80954001843317,16.27973544,111.91564053999996
151909.0,43.00529767542123,-78.80937409541795,16.26519256,111.21938903999995
152899.0,43.00525017484427,-78.80920724935162,16.238158220000003,110.53560013999996
153889.0,43.00520403062737,-78.80903956876378,16.197299530000002,109.83048323999994
154878.0,43.00515925204852,-78.80887118601277,16.14216493,109.12722793999994
155869.0,43.0051158704894,-78.80870233926552,16.06633036,108.42967263999994
156860.0,43.0050739204464,-78.80853326661315,15.968784465999999,107.71938763999994
157850.0,43.00503341813542,-78.8083642025499,15.852109451,106.99332893999994
158841.0,43.004994378468524,-78.80819532957825,15.722031709000003,106.25109388999994
159832.0,43.00495678389915,-78.8080268211635,15.579718568000002,105.47894978999993
160822.0,43.00492067019004,-78.80785877334294,15.428397718000003,104.81265972999994
161812.0,43.00488596018258,-78.80769111441856,15.291521054000002,104.17051182999994
162803.0,43.004852659684204,-78.80752388267513,15.141216530000001,103.54993152999994
163794.0,43.00482080180235,-78.80735720290372,14.974327800000001,102.43350549999994
164823.0,43.004790342462684,-78.80719107207628,14.817197542399999,101.93349119999993
165852.0,43.00476127534311,-78.80702537901426,14.670830480399998,101.42878579999993
166882.0,43.00473358985193,-78.80686009205891,14.527998415399997,100.92851899999992
167914.0,43.00470794162055,-78.80669659074074,14.538531509399997,101.85650659999992
168955.0,43.00468158890134,-78.80653163421312,14.387259112399999,101.18770809999992
170015.0,43.004656559089646,-78.80636735271261,14.2278981804,100.45317089999993
171075.0,43.004632749186186,-78.80620386363556,14.0865005964,99.98180639999993
172134.0,43.004609937985244,-78.806041095298,13.973948796400002,99.89923219999993
173195.0,43.00458783496164,-78.80587918433044,13.868092952400001,100.06947889999992
174256.0,43.0045662037643,-78.80571848258506,13.776676532400002,100.44665949999991
175317.0,43.00454488385175,-78.80555924835153,13.703825192400002,100.89590489999992
176377.0,43.00452373180074,-78.8054015596602,13.6442891524,101.3743425999999
177438.0,43.00450264906035,-78.80524543087853,13.591987502400002,101.84688649999991
178497.0,43.00448153482047,-78.80509084201839,13.552241312400001,102.31608149999991
179558.0,43.00446029347627,-78.80493775604859,13.523917322400003,102.7726467999999
180617.0,43.00443885778846,-78.80478612952308,13.506006372400002,103.22021089999991
181677.0,43.004417092108085,-78.80463590306074,13.505267032400003,103.68438879999991
182737.0,43.00439493639107,-78.80448704971056,13.506970922400003,104.12520559999992
183796.0,43.00437237854161,-78.80433954064311,13.514971572400004,104.55670489999993
184856.0,43.00434941510635,-78.80419334155476,13.521174487400003,104.98129029999994
185916.0,43.0043259824731,-78.80404849260654,13.531364967400002,105.43204689999995
186977.0,43.00430202513866,-78.80390509538172,13.541804027400003,105.91383249999996
188037.0,43.004277465878175,-78.80376325451972,13.551378647400002,106.43734339999996
189096.0,43.00425219451437,-78.80362305918945,13.560508287400003,107.01523789999996
190156.0,43.00422610332409,-78.80348461727063,13.565898937400002,107.65160519999996
191215.0,43.00419909063121,-78.80334804622669,13.565023977400001,108.34027009999996
192275.0,43.004171113860295,-78.80321336825752,13.5605365774,109.06128319999996
193336.0,43.00414210148169,-78.80308058567958,13.555484957400001,109.81677189999995
194396.0,43.004112005854125,-78.8029496636254,13.5534044774,110.59277969999995
195456.0,43.004080768994235,-78.80282052682996,13.545249497400002,111.40855385999996
196515.0,43.004048321718074,-78.80269316502282,13.528581177400001,112.26765290999997
197574.0,43.004014602171694,-78.80256761916053,13.506295977400002,113.15771780999995
198634.0,43.003979649929285,-78.80244390877735,13.476103347400004,114.05963810999997
199694.0,43.003943571791524,-78.80232205863726,13.432429057400004,114.95440450999995
200755.0,43.00390653664228,-78.80220214441694,13.369172427400006,115.84651204999994
201815.0,43.00386870591546,-78.80208421083849,13.286643280400005,116.74615249999995
202874.0,43.00383023440485,-78.80196827031605,13.188110240400006,117.65054469999995
203934.0,43.00379126621405,-78.8018543388667,13.074613910400005,118.55770369999995
204994.0,43.003751905531416,-78.80174245606388,12.954872477400006,119.50259719999994
206055.0,43.003712229680325,-78.80163259599725,12.820891307400004,120.36036939999994
207115.0,43.00367235191307,-78.80152470916559,12.679179470400005,121.25384979999995
208175.0,43.00363233039382,-78.80141882179898,12.527822638400005,122.16370734999995
209475.0,43.003592203541274,-78.80131494913145,12.369916948000004,122.60485794999995
210795.0,43.00355196967438,-78.80121309480595,12.211355574000004,123.27009094999994
212125.0,43.00351162125181,-78.8011133302262,12.040620194000002,123.15608004999994
213505.0,43.00347096298837,-78.80101567184632,11.901281944000003,124.04664294999995
214885.0,43.003429902466635,-78.80092009850388,11.776608584000003,124.98123024999994
216265.0,43.00338834763507,-78.80082659457639,11.650615768000002,125.81294624999995
217646.0,43.00334628732212,-78.80073518566105,11.525554508000003,126.71290424999994
219026.0,43.0033037044262,-78.80064596060492,11.401620128000001,127.61812729999994
220405.0,43.00326062540017,-78.80055893767438,11.281531991000001,128.52733199999994
221785.0,43.00321709181145,-78.80047409606023,11.160635821000001,129.44782844999997
223165.0,43.003173128038846,-78.80039140273274,11.033262945,130.30854004999995
224545.0,43.003128748042144,-78.80031078372825,10.903120565000002,131.08852104999997
225924.0,43.00308393282581,-78.80023214249277,10.780237025000003,131.74370774999997
227305.0,43.003038653267986,-78.8001553072929,10.666200961000001,132.24035014999995
228685.0,43.002992875609706,-78.80008004574843,10.565850138,132.64938304999995
230065.0,43.00294672308951,-78.8000060978608,10.469960418000001,132.85372540999998
231446.0,43.0029004134825,-78.7999332360587,10.384546118000001,132.89143950999997
232825.0,43.002854117065226,-78.79986128204742,10.311426208,132.84710980999998
234205.0,43.00280790326078,-78.79979011748907,10.242177738,132.77383960999998
235585.0,43.00276179690377,-78.79971972344566,10.176970738000001,132.71404346
236965.0,43.002715788416474,-78.79965008433138,10.110976148,132.66592895999997
238346.0,43.00266990836921,-78.799581212813,10.046386408,132.60603066
239727.0,43.002624215327025,-78.79951310303413,9.981144178000001,132.50303336
241107.0,43.00257880827143,-78.7994457077763,9.916781908,132.36149580999998
242486.0,43.00253379100244,-78.79937898564998,9.857425888,132.21740330999998
243866.0,43.00248920038913,-78.79931283619342,9.811464043,132.05516345999996
245246.0,43.00244501318109,-78.79924713564263,9.769193673,131.89788625999995
246626.0,43.0024011468947,-78.79918189067004,9.732464123000002,131.75839995999996
248006.0,43.00235756070697,-78.79911706738314,9.704243693000002,131.63900225999996
249386.0,43.002314201853224,-78.79905254068449,9.678703033000001,131.55374505999995
250766.0,43.00227098790599,-78.79898825505546,9.656863283000002,131.49723145999997
252147.0,43.002227880469036,-78.79892416643047,9.641259463,131.44758675999995
253526.0,43.00218478133147,-78.7988604156159,9.613013093000001,131.45201495999996
254905.0,43.002141640932926,-78.79879701807683,9.587099253000002,131.47859525999996
256286.0,43.002098418474,-78.79873399211768,9.559442623,131.51315235999996
257666.0,43.00205514843653,-78.79867128544686,9.531577213,131.54377795999997
259045.0,43.002011866374886,-78.79860899563585,9.495601423,131.54526845999996
260425.0,43.00196864207464,-78.79854723413108,9.451940613,131.53370919999995
261805.0,43.00192546071449,-78.79848608987541,9.399810003,131.52968909999996
263185.0,43.00188228484698,-78.79842570262181,9.335976288000001,131.52282149999996
264564.0,43.001839127889234,-78.7983661755688,9.265020218,131.51611409999995
265944.0,43.00179599455614,-78.79830758839559,9.185439938,131.51711945999995
267323.0,43.001752872709886,-78.79825000411459,9.098350744000001,131.49009260999995
268702.0,43.00170979943077,-78.79819353124358,9.003775237,131.44498180999994
270081.0,43.0016667621151,-78.79813827330238,8.898900357,131.49321490999995
271462.0,43.001623717432096,-78.79808434889225,8.784511877000002,131.47872910999996
272841.0,43.00158067470302,-78.79803183291884,8.666023309000002,131.43605375999994
274291.0,43.001537669762726,-78.79798068506325,8.554829199000002,131.03406235999995
275741.0,43.001494708138424,-78.79793071083984,8.469764201000002,130.63592065999995
277190.0,43.00145177135898,-78.79788161895814,8.405805505000002,130.63052945999996
278639.0,43.001408838979586,-78.79783323013683,8.352192265000003,130.71352815999998
280089.0,43.001365907812755,-78.79778541242685,8.304141680000003,130.31176571999995
281568.0,43.00132300173862,-78.79773794415443,8.285715656000002,130.09484526999998
283047.0,43.0012801059557,-78.79769054627285,8.282346591000001,129.90843656999996
284527.0,43.00123725342156,-78.79764318644689,8.271723854000001,129.61950882999997
286067.0,43.00119447065047,-78.79759595863305,8.256699379000002,129.25999627
287607.0,43.001151730329724,-78.79754881737519,8.255968446,128.88128860999998
289147.0,43.00110904776574,-78.7975015520335,8.283059019000001,129.13495293999998
290648.0,43.001066539907825,-78.79745403636373,8.316626136600002,128.57976072
292149.0,43.00102433323883,-78.79740630656681,8.352433148600001,127.86999792
293648.0,43.000982595122615,-78.79735842577229,8.403287633600002,126.97448356000001
295148.0,43.00094149125207,-78.79731049829591,8.474315749600002,126.15827714000001
296647.0,43.00090118579497,-78.79726256981726,8.555761636600002,125.29177303
298126.0,43.000861803783536,-78.7972147531724,8.649102318600002,124.52083447700001
299607.0,43.00082348865074,-78.79716716847703,8.728514422600002,127.12821787700001
301087.0,43.00078646679143,-78.79712012220575,8.782929422600002,129.38249647700002
302566.0,43.00075100312504,-78.79707363819288,8.835171896600002,131.422471777
304045.0,43.000717275585814,-78.79702746414826,8.871195856600002,133.27956647700003
305525.0,43.00068535375249,-78.79698126521652,8.882017496600003,131.55148256700002
307004.0,43.00065531650961,-78.79693481466818,8.881826096600003,129.84622491700003
308484.0,43.00062721338334,-78.79688790609288,8.869324406600002,128.255815397
309965.0,43.000601067112655,-78.7968403664375,8.843542926600001,126.74360008700002
311444.0,43.00057685280909,-78.79679214047415,8.797541546600002,125.289009727
312924.0,43.00055447773226,-78.79674325493033,8.7222270266,123.91411822700002
314405.0,43.00053378421805,-78.79669374202264,8.6245703816,122.72948606700001
315884.0,43.00051457323947,-78.79664364393038,8.5106721396,121.80158556700002
317365.0,43.00049671403962,-78.7965929824507,8.3912755056,121.14862180700001
318846.0,43.000480076420985,-78.79654186222459,8.271015815600002,120.67896230700002
320326.0,43.00046462826153,-78.7964903294914,8.147256393600001,120.21282200700001
321806.0,43.00045040880793,-78.79643828635325,8.025296859600001,119.66025210700002
323286.0,43.00043757053547,-78.79638560550876,7.913641886600001,118.83482830700001
324767.0,43.00042635953576,-78.796332173568,7.810925279600001,117.68544740700001
326248.0,43.00041701973977,-78.79627801066587,7.7228824396,116.33462758700001
327729.0,43.00040968875655,-78.7962231710092,7.6465448296,114.94066065700001
329208.0,43.0004043828119,-78.79616765033559,7.5754132296,113.55426370699999
330688.0,43.000401008373395,-78.79611138048968,7.506431814600001,112.238749347
332168.0,43.00039944492038,-78.79605432436301,7.439169844599999,111.06098470699999
333648.0,43.000399464572205,-78.7959964176125,7.375842264599999,110.01981404699998
335128.0,43.00040086719551,-78.79593770865546,7.317030844599999,109.13805309699997
336609.0,43.00040349184986,-78.7958781678337,7.263139098599998,108.28315099699998
338089.0,43.00040726386104,-78.79581775502159,7.219349618599998,107.44283113699997
339569.0,43.00041206630107,-78.7957564185072,7.188607488599998,106.59905443699998
341048.0,43.000417788521816,-78.7956941039335,7.174209238599998,105.73604583699998
342528.0,43.00042429211168,-78.79563076405114,7.179365855599998,104.84506077699999
344009.0,43.00043146767653,-78.7955663898625,7.199574555599998,103.92262207699997
345489.0,43.00043918006672,-78.79550092972245,7.237643395599998,102.99925347699998
346969.0,43.000447293399276,-78.79543432800556,7.284230918599998,102.07147327699998
348448.0,43.00045569191505,-78.79536658755019,7.345858218599997,101.24421537699999
349928.0,43.00046427612865,-78.79529775720485,7.414086505599998,100.36976867699997
351408.0,43.00047297267886,-78.79522779905825,7.491746927599998,99.48616027699997
352647.0,43.00048175083531,-78.79515673311103,7.573587647999997,99.07639847699997
353866.0,43.00049062174944,-78.79508457341785,7.657793791999998,98.42958937699997
355076.0,43.00049958310689,-78.79501128810566,7.750649921999997,98.57332257699996
356235.0,43.00050884622978,-78.79493689948222,7.809105081999998,97.67993267699995
357396.0,43.000518499869465,-78.79486146467175,7.8480667719999975,96.75175007699995
358555.0,43.00052862943555,-78.79478508585815,7.881465337999997,95.93114527699996
359715.0,43.00053924809506,-78.79470780302283,7.910459007999997,95.03355927699997
360876.0,43.00055040330306,-78.79462954861566,7.938711247999996,94.11132997699997
362037.0,43.00056208028799,-78.79455025215093,7.969010554999996,93.20179757699997
363197.0,43.00057425802654,-78.79446986698733,8.002457224999995,92.27972037699996
364357.0,43.00058690343232,-78.79438841031345,8.041783760999996,91.42546647699996
365517.0,43.00060001623834,-78.79430604583249,8.075501075999997,90.64756337699995
366677.0,43.000613591736844,-78.79422298639635,8.093569875999997,90.01132537699996
367837.0,43.00062765783973,-78.79413951161882,8.093670359999996,89.50988567699997
368998.0,43.000642240668775,-78.79405587788601,8.081421062999995,89.09982207699997
370158.0,43.000657207812594,-78.79397233090974,8.066136244999994,88.88697641699997
371317.0,43.00067234091367,-78.79388903063133,8.046477884999995,88.83332811699997
372477.0,43.00068749259137,-78.79380606918639,8.020035914999996,88.83773381699996
373637.0,43.00070273951664,-78.79372352544797,7.992913699999995,88.84215065699995
374798.0,43.000718039489904,-78.79364138399758,7.964958909999995,88.84636910699993
375958.0,43.00073337959179,-78.79355964343824,7.938329923999995,88.83424800699996
377118.0,43.00074871634663,-78.79347823646567,7.915255113999995,88.83790370699995
378278.0,43.00076404542054,-78.79339713764071,7.890509028999995,88.81860610699997
379438.0,43.00077941424966,-78.79331639771688,7.858347475999994,88.73653225699996
380599.0,43.00079490782152,-78.79323614578834,7.8167055459999935,88.54514715699997
381758.0,43.0008105992324,-78.79315648266927,7.7694261879999935,88.27371430699998
382918.0,43.00082659673269,-78.79307760785996,7.714999297999993,87.92786583699997
384078.0,43.00084301940398,-78.79299966891038,7.6523669979999935,87.49961903699997
385237.0,43.00085988107954,-78.79292276216245,7.5813430019999934,87.13176698699998
386398.0,43.00087712807209,-78.7928469537628,7.5014321319999935,86.75534078699997
387559.0,43.00089467620906,-78.79277230587019,7.413518571999994,86.47373376699997
388719.0,43.000912430249464,-78.79269880849839,7.329177686999993,86.27997306699999
389880.0,43.000930284871856,-78.79262630520334,7.2529588599999935,86.19338546699998
391040.0,43.00094814906051,-78.79255472374625,7.178727396999993,86.18627016699999
392200.0,43.00096597897078,-78.79248399859986,7.109859536999993,86.20527576699999
393361.0,43.00098376747596,-78.79241411469637,7.044960606999994,86.21452196699998
394522.0,43.00100151902357,-78.79234495973563,6.990237611999994,86.225835827
395682.0,43.00101916789319,-78.79227635767265,6.948386726999994,86.289370587
396842.0,43.001036724973716,-78.792208168791,6.9188479369999945,86.339232287
398002.0,43.00105421875405,-78.79214023499607,6.899619788999994,86.385200287
399162.0,43.00107167894821,-78.79207247504591,6.885872568999994,86.423798387
400322.0,43.00108916815643,-78.7920048794163,6.873513433999994,86.40376408700001
401483.0,43.00110670039407,-78.79193743797914,6.861035272999995,86.41008348700001
402643.0,43.00112427118448,-78.79187016521612,6.846531736999996,86.46409423700001
403803.0,43.00114188288606,-78.79180306245571,6.835075780999996,86.36632987700001
404962.0,43.001159574933126,-78.7917360439915,6.832924996999996,86.284250377
406123.0,43.0011773337811,-78.7916689500793,6.844727147999996,86.26555302700001
407213.0,43.00119509016131,-78.79160164076703,6.8661455849999955,86.616365527
408304.0,43.001212795689426,-78.79153409197461,6.883595304999996,87.081982727
409394.0,43.00123049609315,-78.79146623214935,6.911988956999997,87.04019542699999
410484.0,43.001248236409054,-78.79139793632586,6.953359006999996,86.90761976699997
411574.0,43.0012660219252,-78.79132901772495,7.013702438999996,87.27152655699997
412635.0,43.00128382967631,-78.79125948379281,7.057897484999996,87.46443365699997
413696.0,43.00130164206806,-78.79118944852529,7.098225480999997,87.68406435699997
414755.0,43.00131947351227,-78.79111882943083,7.148621417999997,87.89697615699995
415756.0,43.001337236062824,-78.79104755678321,7.201433546999997,88.19553507699995
416756.0,43.001355028311124,-78.79097570710702,7.243439567999998,88.46202429699996
417755.0,43.00137282483648,-78.7909033750969,7.274172934999997,88.58855794699996
418755.0,43.001390472858226,-78.79083070119887,7.290464481999996,88.91636156699995
419755.0,43.00140774046197,-78.79075773749237,7.294543116999997,89.42031776699994
420755.0,43.001424616336955,-78.79068445504032,7.283133396999997,90.10802002699995
421754.0,43.00144108874736,-78.79061080802313,7.258223156999996,90.88466810699994
422755.0,43.001456987719884,-78.79053657651127,7.223926089999996,91.74736281699994
423755.0,43.001471914212644,-78.79046152962243,7.1814915999999975,92.65662936999993
424754.0,43.00148580128514,-78.79038562823868,7.135242723999997,90.00812106999993
425755.0,43.00149855302801,-78.79030887158554,7.078767988999996,87.36413216999992
426755.0,43.001510127948904,-78.79023132280693,7.009825260999996,84.70852976999993
427756.0,43.00152054808914,-78.79015308952414,6.937722160999997,82.05204876999993
428756.0,43.00152987645904,-78.79007435454628,6.872354882999996,82.97255277999993
429756.0,43.0015381593605,-78.78999529083566,6.806042845999996,83.80340587999994
430756.0,43.001545454544086,-78.78991606830532,6.745259499999996,84.49880599999993
431755.0,43.00155181106346,-78.78983683439046,6.688237464999997,85.14459620999993
432755.0,43.00155726858037,-78.7897576078485,6.6435862149999965,85.81263906999993
433756.0,43.00156199053887,-78.78967837668777,6.621861664999996,86.45832856999992
434756.0,43.00156619497054,-78.78959915393854,6.615916286999997,86.94580967999991
435756.0,43.001570129169615,-78.78951993419079,6.616768031999997,87.23439501999991
436755.0,43.001573985145086,-78.78944079148,6.611596016999996,87.29612167999989
437755.0,43.001577919765225,-78.78936172063922,6.599437676999995,87.22656987999989
438754.0,43.00158197569889,-78.7892827022605,6.586245861999995,87.16178587999988
439754.0,43.00158616990143,-78.78920389335724,6.563386871999994,87.20698577999988
440755.0,43.001590394212506,-78.78912548080967,6.527574354999995,87.5044465799999
441754.0,43.0015944097769,-78.78904764275734,6.485618726999995,88.15293847999989
442753.0,43.00159793454275,-78.78897034014228,6.433276397999996,89.05630669999988
443753.0,43.001600749916115,-78.78889356462163,6.375260520999996,90.03535402999987
444754.0,43.001602744549054,-78.78881727689019,6.315670950999995,91.01576727999988
445754.0,43.00160393305971,-78.7887414888641,6.261050896999994,91.93548333999988
446755.0,43.00160437504668,-78.78866616393438,6.2122150889999945,92.71324457999988
447755.0,43.001604257835886,-78.78859147339017,6.166136448999995,93.3888679399999
448756.0,43.001603754335974,-78.78851747087405,6.118594078999995,93.95709758999989
449756.0,43.00160298438326,-78.78844420115516,6.0716323199999955,94.52650508999989
450755.0,43.001601965852416,-78.78837164980837,6.025339417999995,95.05545174999989
451756.0,43.0016007047151,-78.78829984155044,5.981138301999994,95.6625208499999
452756.0,43.00159916182618,-78.78822882784232,5.9356444279999945,96.3089665499999
453756.0,43.00159729717926,-78.78815866007193,5.891755347999995,97.0366300099999
454755.0,43.001595053686714,-78.78808937179417,5.847046941999995,97.8365650099999
455756.0,43.00159243957945,-78.78802101537057,5.799502741999995,98.65091140999989
456756.0,43.001589444711044,-78.78795373395329,5.753933208999996,99.4923780099999
457757.0,43.00158610672369,-78.78788757036499,5.7089528689999955,100.3284768099999
458757.0,43.00158242213424,-78.78782250742081,5.667662955999996,101.2045426099999
459757.0,43.00157835176729,-78.78775857988387,5.624815302999996,102.09154670999992
460758.0,43.001573902407344,-78.78769578249972,5.582525899999996,102.98097450999991
461759.0,43.00156905152078,-78.78763409663719,5.539287505999996,103.8781677099999
462759.0,43.00156379746857,-78.78757352878978,5.494580908999995,104.76690920999992
463760.0,43.00155813703324,-78.78751405826654,5.447882195999996,105.68966000999991
464759.0,43.00155211182921,-78.78745564654396,5.397285069999996,106.57303480999991
465759.0,43.00154578872099,-78.7873982020162,5.343522367999996,107.46979830999992
466758.0,43.00153927429324,-78.78734168977763,5.280479932999996,108.3561651099999
467757.0,43.001532609654994,-78.7872861289236,5.2065035094999965,109.27989180999992
468926.0,43.00152576962207,-78.78723162289788,5.1367509114999965,110.40745300999991
470097.0,43.001518755358404,-78.78717816021144,5.073297751499996,111.26370370999992
471267.0,43.001511486858945,-78.78712574030008,5.018621946499996,112.11617350999991
472437.0,43.00150388970273,-78.78707431498208,4.974398759499996,113.05768230999993
473607.0,43.0014959502188,-78.7870238048154,4.936680302499996,113.91846130999993
474776.0,43.00148765624373,-78.78697412958336,4.908133561499995,114.78570170999993
475945.0,43.0014789789278,-78.78692529006855,4.881471341499996,115.70031360999992
477115.0,43.00146992831418,-78.7868773129105,4.848861805499996,116.62957080999992
478286.0,43.00146056778233,-78.78683020395647,4.804670004499996,117.47710640999992
479457.0,43.001450929922065,-78.78678399289115,4.7546001934999955,118.29531110999993
480627.0,43.00144087328519,-78.78673867341047,4.705266282499996,119.16041186999993
481797.0,43.001430415278385,-78.78669428694087,4.655909645499996,120.03367716999993
482967.0,43.00141960329037,-78.78665085684412,4.604901020499996,120.92725336999993
484137.0,43.00140851655378,-78.78660842488043,4.550758478499996,121.78288946999992
485306.0,43.0013971735847,-78.78656695240744,4.498683043499996,122.6213424699999
486476.0,43.00138554847552,-78.78652646782712,4.451473566499996,123.55133146999991
487646.0,43.001373535033,-78.78648697261934,4.407576278499996,124.6216974699999
488816.0,43.00136107929291,-78.78644839998925,4.363235138499996,125.81132726999991
489987.0,43.00134803718354,-78.78641066472129,4.3190347264999955,127.0951711399999
491157.0,43.00133425167846,-78.78637369186919,4.278196009499996,128.4846262399999
492328.0,43.0013196712221,-78.78633750809985,4.246258949499996,129.83111348999992
493497.0,43.00130431191272,-78.78630211049042,4.229832999499996,131.19078578999992
494666.0,43.00128821782881,-78.78626748465135,4.218303664499996,132.4485036099999
495835.0,43.001271445187676,-78.78623361689573,4.208477162499996,133.6311185099999
497004.0,43.00125418030065,-78.78620057421661,4.185577873499995,134.6591157099999
498175.0,43.001236575561116,-78.78616834881373,4.147251146499996,135.5695285099999
499345.0,43.00121880659884,-78.78613696342545,4.095335854499996,136.4730483099999
500515.0,43.00120095372168,-78.78610642697505,4.0416460514999955,137.3962360099999
501685.0,43.00118300372523,-78.78607677414026,3.9874405284999956,138.33903674999988
502855.0,43.00116499915346,-78.78604802379932,3.934096171499996,139.1943287499999
504025.0,43.0011468597111,-78.78602018383255,3.888522628499996,140.0688144499999
505195.0,43.00112854275056,-78.78599326783805,3.8481603944999954,141.0001117499999
506365.0,43.001110012330216,-78.78596727943491,3.8152524884999957,142.07472724999988
507536.0,43.00109122531587,-78.78594221666063,3.795649417499996,143.30611354999988
508706.0,43.00107224260277,-78.7859181360579,3.793494456499996,144.8261364499999
509877.0,43.00105313614361,-78.78589499246681,3.818220559499996,146.48489929999988
511047.0,43.00103398513192,-78.78587280623559,3.8613333834999963,148.2673088599999
512217.0,43.001014806033446,-78.78585157697152,3.9147942074999964,150.1713637599999
513387.0,43.000995616155194,-78.78583141804609,3.9681164514999963,152.0515164599999
514556.0,43.00097647099434,-78.78581248558166,4.008492924499996,153.94581595999992
515725.0,43.00095741754717,-78.78579480394737,4.036441868499996,155.7131522599999
516896.0,43.0009383870836,-78.7857784552639,4.0399160994999965,157.58655155999992
518066.0,43.00091934476625,-78.78576344975244,4.033335608499996,159.4391994199999
519236.0,43.00090026878001,-78.78574979216721,4.021050446499996,161.2830933699999
520406.0,43.00088118675802,-78.78573744960647,4.004640046499997,163.17395696999992
521575.0,43.00086210556716,-78.78572632955994,3.9853159044999966,165.0143032699999
522745.0,43.000843010348035,-78.78571639055957,3.954503327499997,166.96615796999993
523915.0,43.00082394452449,-78.78570746410773,3.909033816499997,168.8673196099999
525115.0,43.00080468119638,-78.7856994073691,3.859249755499997,170.26750104999988
526316.0,43.000785290924206,-78.78569223666774,3.8162770574999967,171.67372359999987
527515.0,43.000765881563694,-78.78568606498311,3.7823040834999966,173.54972409999988
528715.0,43.00074657600608,-78.78568096903149,3.7555955564999963,175.44713709999985
529915.0,43.00072723911705,-78.78567698490598,3.729123013499996,177.37290929999983
531116.0,43.00070773288421,-78.78567400790278,3.699748604499996,179.27407383999983
532315.0,43.00068806328949,-78.78567210349705,3.663817296499996,181.1068081399998
533516.0,43.00066850416883,-78.78567133444967,3.618876864499996,182.9610902399998
534717.0,43.00064900278514,-78.785671672311,3.568208690499996,184.7739884399998
535917.0,43.00062958338134,-78.78567299757019,3.520259985499996,186.67137863999983
537117.0,43.00061028551847,-78.78567525967786,3.4860765534999962,188.72581223999978
538317.0,43.00059114561534,-78.78567848919423,3.469189026499996,190.8436589399998
539517.0,43.00057221784306,-78.78568270298179,3.462400665499996,192.8776153399998
540717.0,43.00055350821468,-78.78568800997589,3.461464548499996,194.9353041899998
541916.0,43.00053509640484,-78.78569459021662,3.4682847544999964,197.01492218999977
543117.0,43.00051707153346,-78.78570257507214,3.483828544499996,199.07241268999977
544318.0,43.00049950404183,-78.78571202328303,3.4986622344999967,201.0389494899998
545517.0,43.000482387482045,-78.78572289642179,3.509829124499997,202.9408476899998
546717.0,43.00046571040445,-78.78573513318102,3.5182672574999962,204.8008358399998
547918.0,43.000449474841616,-78.78574859314062,3.5290921714999963,206.59879719999975
549118.0,43.000433623835654,-78.78576302554612,3.537232470499996,208.35168059999975
550317.0,43.000418123497276,-78.7857783103262,3.5479569434999956,210.07363069999974
551518.0,43.00040286125481,-78.78579423059433,3.5455306034999956,211.6913263999997
552718.0,43.00038783275984,-78.78581076881471,3.5383783864999954,213.1887141999997
553918.0,43.00037301697308,-78.78582783572162,3.5384240364999955,214.7276142999997
555119.0,43.00035838942872,-78.7858453992853,3.541850643499995,216.2649962999997
556319.0,43.00034408681027,-78.7858635497513,3.544375510499995,217.8095766999997
557518.0,43.000330038457705,-78.78588213602883,3.540149879499995,219.30497499999973
558717.0,43.000316312935276,-78.78590111572163,3.5142650956999955,220.7333499999997
559916.0,43.00030292310662,-78.78592051810315,3.4836323260999955,222.5722941999997
561136.0,43.00028979088305,-78.78594047396167,3.456707360499996,223.9515626999997
562356.0,43.000276970327505,-78.78596055677649,3.422212220499995,225.3128481999997
563615.0,43.00026442139105,-78.7859811463422,3.401083888499995,226.63127479999974
564874.0,43.00025213911999,-78.78600231300052,3.390616340499995,227.86164189999974
566135.0,43.00024014854774,-78.78602415502081,3.3857391284999947,229.11325569999974
567395.0,43.0002285273313,-78.7860466507957,3.382731449499995,230.32080009999976
568655.0,43.000217255860434,-78.78606988780562,3.385329585499995,231.51863799999978
569914.0,43.000206434339134,-78.78609377062588,3.3853409874999953,232.66446729999979
571174.0,43.0001959831533,-78.7861183580795,3.3917574734999953,233.73119649999978
572434.0,43.00018586235216,-78.78614369668959,3.408015263499995,234.75447839999978
573694.0,43.00017611856897,-78.78616977698431,3.424704716499995,235.69366539999976
574954.0,43.00016673890638,-78.78619661641505,3.4396670714999953,236.6207061999998
576214.0,43.000157711822425,-78.78622418748186,3.453455170499995,237.52107899999982
577474.0,43.00014907769907,-78.78625246380453,3.464395453499995,238.40587969999982
578733.0,43.000140848020116,-78.78628146298665,3.472656976499995,239.30069449999982
579992.0,43.00013300196131,-78.78631116063612,3.477904040499995,240.19978969999983
581252.0,43.00012556434623,-78.78634156827165,3.488913537499995,241.09516139999982
582512.0,43.00011859812852,-78.78637270828972,3.506107445499995,242.12466859999984
583773.0,43.00011210741836,-78.78640462039517,3.532340131499995,243.22754829999982
585034.0,43.00010594774519,-78.78643731980601,3.567852096499995,244.35599229999983
586295.0,43.00010015956725,-78.78647077388045,3.613558798499995,245.5859609999998
587556.0,43.00009472184329,-78.78650505029701,3.670738268999995,246.84382459999978
588647.0,43.00008976923018,-78.78654008594809,3.720045046999995,247.8948852999998
589737.0,43.000085378035074,-78.78657594934721,3.766889626999995,249.2199122999998
590826.0,43.000081630148955,-78.78661262934561,3.806624181999995,250.4749060999998
591915.0,43.000078453545974,-78.7866501239237,3.845356359999995,251.5247593999998
593005.0,43.00007570998003,-78.7866884225035,3.872467622999995,252.5001078999998
594095.0,43.0000732725715,-78.78672748885865,3.892420663999995,253.34341989999976
595185.0,43.00007109686161,-78.78676722025578,3.9083173879999946,254.04240489999975
596274.0,43.00006910506263,-78.78680753239595,3.9325444179999947,254.66236899999976
597363.0,43.00006714971483,-78.7868484874498,3.9636682819999947,255.32950189999974
598453.0,43.000065072489605,-78.78689010900698,4.0033446499999945,255.90672099999975
599544.0,43.00006274216161,-78.78693223433248,4.047805645999995,256.2455303999997
600634.0,43.00006001582784,-78.78697460442682,4.098393302999995,256.40488569999974
601725.0,43.00005677991751,-78.78701698316253,4.153406113999995,256.4301482999997
602815.0,43.00005299415671,-78.78705924784582,4.210569285999994,256.4417367999997
603906.0,43.00004864846521,-78.78710143625395,4.267896395999994,256.5094893999997
604996.0,43.000043716060254,-78.78714354233996,4.325146460999994,256.56179429999975
606086.0,43.00003825959367,-78.78718562759839,4.375290338999994,256.6288009999998
607177.0,43.000032360832066,-78.78722790361194,4.423757827999995,256.8374316999998
608267.0,43.000026198982965,-78.78727064711313,4.470754442999995,257.2628123999998
609357.0,43.00001992081174,-78.78731412624002,4.517601799999995,257.7872375999998
610446.0,43.000013687350794,-78.78735841256794,4.5584743259999945,258.3997990999998
611536.0,43.00000765021881,-78.78740360518515,4.5993276559999945,259.0961034999998
612627.0,43.00000191223479,-78.78744984033011,4.644397040999994,259.8486910999998
613718.0,42.99999659757011,-78.78749721866379,4.697262977999995,260.6404217999998
614808.0,42.99999170588263,-78.78754591193993,4.777076793999995,261.52988399999975
615897.0,42.99998718786226,-78.78759606975201,4.874562913999995,262.4657259999998
616986.0,42.99998288795925,-78.78764771693236,4.981769375999995,263.37300669999973
618075.0,42.99997868081098,-78.78770059772407,5.082969988999995,264.2474585999998
619164.0,42.99997454097855,-78.78775462967472,5.175813101999995,265.0887540999998
620255.0,42.99997056358877,-78.78780984909864,5.260804153999995,265.9361223999998
621345.0,42.99996681261909,-78.78786629447416,5.336033246999996,266.7829887999998
622435.0,42.99996332377373,-78.78792398754946,5.408150103999995,267.5847300999998
623526.0,42.99996012305033,-78.78798290030753,5.478690979999995,268.2628596999998
624615.0,42.9999572926877,-78.78804293659607,5.546551885999995,268.8481819999998
625704.0,42.999954736315594,-78.78810382806195,5.608220451999996,269.1518451999998
626793.0,42.999952336073605,-78.78816544616959,5.655326941999996,269.27206089999976
627883.0,42.99994998329959,-78.78822756573109,5.6872619939999955,269.31584989999976
628973.0,42.99994761117381,-78.78829007831604,5.704553803999995,269.28152649999976
630062.0,42.99994521445863,-78.78835283498127,5.710047566999995,269.2558264999998
631153.0,42.99994276759846,-78.78841569224585,5.717852243999994,269.24503499999975
632243.0,42.99994022456636,-78.788478648883,5.729134947999994,269.2632933999997
633332.0,42.99993770590203,-78.78854178783537,5.750425483999994,269.35347039999976
634422.0,42.99993531398881,-78.78860519407382,5.778006138999995,269.5799616999997
635512.0,42.999933191213,-78.78866879847048,5.796709662999994,269.9461229999997
636602.0,42.999931342460584,-78.78873235199943,5.799995676999995,270.39320779999974
637693.0,42.999929723674406,-78.78879559807618,5.7835603899999946,270.9634680999997
638784.0,42.99992823685728,-78.78885843228817,5.765469197999994,271.67701109999973
639893.0,42.99992697107505,-78.78892114629505,5.775909705999993,272.2600095999997
640972.0,42.99992611149205,-78.78898384142165,5.8112850309999935,273.4517891999997
642051.0,42.999925738864285,-78.78904649751854,5.847221108999992,274.70441009999973
643132.0,42.99992584269812,-78.7891089454608,5.868873301999993,275.46709709999976
644212.0,42.999926296848315,-78.78917106740055,5.871833833999993,276.23828059999977
645292.0,42.99992697531102,-78.78923276315811,5.8658511969999925,273.4629455199997
646371.0,42.99992774631801,-78.78929402730883,5.845874560499993,274.18828431999975
647552.0,42.999928671075686,-78.78935493227613,5.850361137499992,275.0316223199997
648732.0,42.999929859524265,-78.78941564230004,5.877250379499992,275.7765073199998
649911.0,42.99993148749432,-78.78947622965897,5.918101806499992,276.50669871999975
651091.0,42.999933614013855,-78.78953685226902,5.965809570499992,277.05269391999974
652272.0,42.99993624457822,-78.78959764925193,6.0228022364999925,277.3449910199998
653452.0,42.99993931821144,-78.78965876592541,6.074364053499993,277.39273181999977
654632.0,42.99994269817368,-78.78972031123793,6.121973182499993,277.3484532199998
655812.0,42.99994623882782,-78.78978231014966,6.171588806499994,277.2047221199998
656992.0,42.999949725391495,-78.78984481804633,6.223054016499994,276.9534456199998
658172.0,42.999952988561255,-78.7899078235256,6.270285776499993,276.6234215199998
659351.0,42.99995594194408,-78.78997128913056,6.313069486499993,276.3084850199998
660531.0,42.99995859633905,-78.79003517785223,6.347984396499993,276.0375597199998
661710.0,42.999961022333665,-78.79009941502586,6.376767256499993,275.8319182199998
662890.0,42.99996333824048,-78.79016398427865,6.398531692499993,275.76804031999984
664070.0,42.999965797704654,-78.7902288567193,6.426644552499993,275.9184251199998
665251.0,42.999968633768994,-78.79029379840627,6.462004092499993,276.26587811999985
666431.0,42.99997212214943,-78.79035874474566,6.512369695499993,276.88496441999985
667610.0,42.999976303704514,-78.79042340212489,6.585908256499993,277.6819111199999
668789.0,42.999981243589126,-78.79048766670208,6.661778506499993,274.89860557999987
669968.0,42.999986972010895,-78.79055145233433,6.732420224499992,272.1206766299998
671149.0,42.99999336614515,-78.79061467340539,6.796670376499992,269.29807221299984
672330.0,43.0000004995035,-78.79067738618336,6.8628827144999915,266.55688810299984
673510.0,43.00000830554972,-78.79073951969599,6.94527567829999,263.98809819299987
674690.0,43.000016739043524,-78.79080098417256,7.02768589689999,261.07690289299984
675850.0,43.00002583305402,-78.79086168930671,7.09664220049999,258.67432475299984
677009.0,43.00003547518643,-78.79092209216152,7.16550332049999,256.1599171029998
678129.0,43.00004567357076,-78.79098203351961,7.21392226849999,253.4125895909998
679249.0,43.000056344282314,-78.7910417491149,7.246913384499991,254.01536279099983
680368.0,43.000067339635855,-78.7911014110391,7.268571338499992,254.4717905909998
681488.0,43.00007850408867,-78.79116107787216,7.2708743474999915,254.81722329099983
682608.0,43.00008977108657,-78.79122052708597,7.252167726499992,255.10023129099983
683729.0,43.000100974508925,-78.7912796458489,7.218986905499991,255.29598529099982
684869.0,43.00011209966181,-78.79133845837552,7.19886938549999,255.5124162909998
686008.0,43.00012315260002,-78.7913970789026,7.189592318499991,255.3964039909998
687149.0,43.0001340631066,-78.79145567681158,7.195865208499992,255.1882453909998
688289.0,43.00014465191482,-78.79151436780127,7.220739483499992,254.83805609099977
689428.0,43.00015464174758,-78.79157319040321,7.259691607499992,254.35008289099977
690567.0,43.000163817028735,-78.79163211106683,7.315102587499991,253.78528849099976
691707.0,43.000172033776344,-78.79169101658563,7.379773837499991,253.10436819099976
692847.0,43.00017919332617,-78.79174972144739,7.450973397499991,252.34156019099976
693987.0,43.0001852120156,-78.79180799784471,7.517391357499991,251.48187549099978
695126.0,43.00018996806459,-78.7918656185029,7.5796650224999915,250.43069759099978
696266.0,43.000193456378376,-78.79192241685536,7.637197122499991,249.31127889099977
697405.0,43.00019581150446,-78.79197834360478,7.686873839499992,248.13483289099977
698544.0,43.00019700552438,-78.79203343295436,7.721720182499991,246.89528869099976
699683.0,43.000197166156205,-78.79208767792201,7.73300496549999,245.6129662909998
700823.0,43.00019646039926,-78.7921411225684,7.71318059549999,244.3768420909998
701963.0,43.000195075949776,-78.79219372881798,7.66652083449999,243.0265883909998
703134.0,43.00019337421154,-78.79224548170177,7.60073218509999,240.15968712099982
704335.0,43.000191169224266,-78.79229654834465,7.56320390409999,239.69586562099983
705535.0,43.000188538015934,-78.7923470832972,7.54843411209999,239.13006212099984
706736.0,43.000185641503876,-78.79239739610811,7.54896433809999,238.94895532099986
707937.0,43.0001826913523,-78.7924477895996,7.563293547099989,239.12133692099985
709137.0,43.000179897397246,-78.79249855675103,7.586681621099989,239.41465102099988
710338.0,43.000177380413334,-78.79254983596195,7.622615918099989,239.7553380209999
711537.0,43.00017529334632,-78.79260177763737,7.663031386099989,240.2329180209999
712737.0,43.00017376198717,-78.79265469197767,7.709681746099989,240.91130312099992
713937.0,43.00017292479079,-78.79270893510264,7.758329006099989,241.73726182099992
715136.0,43.00017286839033,-78.79276479049489,7.807913076099989,242.66230372099992
716335.0,43.00017362775341,-78.79282244581233,7.859047196099989,243.6204121209999
717534.0,43.000175193703974,-78.79288190387602,7.907043696099988,244.5399437209999
718734.0,43.00017759030714,-78.79294309369538,7.951139111099988,245.4509004209999
719934.0,43.000180809772466,-78.79300581732227,7.992472621099989,246.2872210209999
721134.0,43.00018473698387,-78.79306977488176,8.027861555099989,246.94571922099988
722333.0,43.00018922331048,-78.7931345241017,8.048211832099987,247.38257392099985
723533.0,43.000194194278095,-78.79319963758499,8.052415542099988,247.6945490209999
724734.0,43.000199515135826,-78.79326483466008,8.042703782099988,247.89409792099985
725935.0,43.00020505697869,-78.79332978166295,8.005524732099987,248.02198542099987
727134.0,43.00021077526574,-78.79339406389722,7.940071820099987,248.1245649209999
728334.0,43.0002165722221,-78.7934572972175,7.845116684399987,248.2917649209999
729545.0,43.00022233238181,-78.79351883600798,7.736922860399988,246.07654855099992
730755.0,43.00022803781242,-78.79357868302678,7.621263959399987,244.1658253509999
732305.0,43.0002336965898,-78.79363722647031,7.525284737399987,244.42853065099993
733855.0,43.0002393775972,-78.79369493054628,7.461065537399987,244.3937115509999
735405.0,43.00024511332771,-78.79375212890581,7.423066675399988,244.4284313509999
736955.0,43.00025084728691,-78.79380905803332,7.409908785399988,244.4772961509999
738505.0,43.000256575836865,-78.79386589624862,7.408417935399988,244.4950293509999
740054.0,43.00026229362882,-78.79392275498869,7.416456945399988,244.5005420509999
741603.0,43.000267950657346,-78.79397974407425,7.431822495399988,244.4925097509999
743153.0,43.00027343197364,-78.79403691499787,7.449301425399987,244.46021575099988
744704.0,43.000278747774665,-78.79409438660116,7.474782905399987,244.4173069509999
746255.0,43.00028396137929,-78.79415217853747,7.501891465399987,244.39985675099987
747806.0,43.00028914402972,-78.79421036010643,7.532737255399987,244.39696955099987
749357.0,43.00029433907882,-78.79426896523702,7.567045795399988,244.40326195099985
750908.0,43.00029954309637,-78.79432803237898,7.602662965399989,244.38872455099983
752458.0,43.000304720503884,-78.79438752733274,7.633013998399989,244.32535505099983
754009.0,43.00030990654397,-78.79444735962586,7.650647688399989,244.27977795099986
755559.0,43.000315046586365,-78.79450735091433,7.652094278399989,244.18656935099986
757110.0,43.000320054899206,-78.79456728216664,7.636148945399989,243.98869535099985
758659.0,43.00032482308301,-78.79462703134394,7.608954085399988,243.72425625099987
760209.0,43.00032933061201,-78.79468662568202,7.580748863399988,243.35827725099986
761789.0,43.00033367629283,-78.79474595779391,7.562998667399988,243.41966825099982
763368.0,43.00033795846945,-78.79480541203061,7.577697546399988,243.03258145099983
764929.0,43.000342258635094,-78.79486511701542,7.602503809399988,242.71724895099982
766489.0,43.00034669976907,-78.79492515121808,7.625877371399989,242.53011275099982
768049.0,43.00035135922187,-78.7949854454242,7.659539851399989,242.43292745099984
769609.0,43.00035639041057,-78.79504590218339,7.714191365399989,242.45428195099984
771168.0,43.000362065420155,-78.79510638888485,7.796680865399988,238.8819031178998
772729.0,43.000368636831055,-78.79516689521236,7.905219695399989,238.84175420089986
774289.0,43.00037638773628,-78.79522741839682,8.045050250899987,235.33643622789987
775749.0,43.00038534706483,-78.79528793976395,8.173151823899987,231.76231755989986
777209.0,43.00039544619331,-78.79534839139609,8.292881403899989,231.83265015989983
778669.0,43.000406584177945,-78.79540870247965,8.408033016899989,228.35253216989983
780129.0,43.000418732008605,-78.79546878936632,8.51519079289999,228.56402116989983
781589.0,43.00043186124152,-78.79552850416603,8.613330556899989,228.8857704698998
783048.0,43.00044602390797,-78.79558756136807,8.71116691689999,225.7859364104498
784508.0,43.0004613541731,-78.79564573028235,8.810948716899988,222.8086947399498
785969.0,43.00047804533428,-78.7957028514975,8.909402256899988,219.95563281494978
787429.0,43.00049627712199,-78.79575871602893,8.999659336899988,217.20687065394978
788888.0,43.000516189557544,-78.79581322838655,9.088573751899988,214.53638988724978
790348.0,43.0005378957472,-78.79586641901808,9.183675981899988,215.46647588724977
791808.0,43.00056141998557,-78.7959183716604,9.287436961899989,212.76053236511976
793269.0,43.000586725704125,-78.79596921863065,9.401975001899988,213.59849656511975
794729.0,43.00061370419975,-78.79601909499523,9.526544008899988,214.29377776511973
796189.0,43.00064214133649,-78.79606817321412,9.651960958899988,214.77720446511975
797648.0,43.00067182527813,-78.79611673253946,9.773971365899989,215.05248976511976
799108.0,43.000702605013785,-78.79616504052035,9.895449879899989,215.14513866511973
800568.0,43.00073440824956,-78.79621332258453,10.003632039899989,215.15141796511972
802028.0,43.00076715879928,-78.79626170138602,10.106261339899989,218.72208130511973
803489.0,43.000800836129926,-78.79631026254229,10.205456859899988,222.25765945511972
804949.0,43.000835434982385,-78.79635902859154,10.311547169899988,225.77754417211972
806408.0,43.000870984217016,-78.79640805640902,10.42014542989999,229.2295552821197
807869.0,43.00090756486358,-78.7964575159618,10.53746773989999,232.56738749211968
809330.0,43.00094522222458,-78.79650756818577,10.649688679899988,235.82159769211964
810790.0,43.00098396464754,-78.79655827653382,10.762731939899991,239.04229183211962
812250.0,43.00102380220098,-78.79660956187028,10.881010349899991,242.36763368211962
813710.0,43.00106470746498,-78.7966611659235,11.005675733899992,245.92187719411962
815170.0,43.00110672067378,-78.79671276453168,11.131246150899992,246.18332799411962
816631.0,43.00114994752366,-78.79676410567475,11.25890548089999,246.5889261941196
818090.0,43.00119446999058,-78.79681513963067,11.397266656899992,247.06964979411958
819551.0,43.00124041608787,-78.79686596216878,11.554838625899993,247.59190819411958
821010.0,43.001287910493836,-78.79691676976499,11.729501184899991,248.1874344941196
822451.0,43.001337020534564,-78.7969674444621,11.875712004899992,248.7919552941196
823892.0,43.0013877514603,-78.79701774407262,12.001880121899992,249.78537999411958
825331.0,43.00144014977739,-78.79706738356236,12.104437541899992,250.8898166941196
826770.0,43.001494380904894,-78.79711614990222,12.187595271899992,252.14702299411957
828210.0,43.001550711656925,-78.79716400595,12.251260271899994,253.54248219411957
829651.0,43.00160931321627,-78.79721102122119,12.293945371899994,255.0093267941196
831091.0,43.00167022635488,-78.79725729278479,12.318867811899995,256.5721720941196
832531.0,43.00173345061302,-78.79730303994528,12.324621611899994,258.22153679411963
833972.0,43.00179892236049,-78.79734851026292,12.314468731899995,259.9668427941196
835413.0,43.00186654656969,-78.79739395694403,12.296186141899993,261.7541721941196
836852.0,43.00193615165924,-78.79743953830351,12.267826661899994,263.5830506941196
838292.0,43.0020075752691,-78.79748528194719,12.234049555899993,265.4282004941196
839733.0,43.00208063329219,-78.7975311588098,12.207024882899994,263.6648496205196
841174.0,43.002155033273645,-78.79757715410116,12.183686592899994,265.4341535205196
842614.0,43.00223040579454,-78.79762322174219,12.182609868899995,267.1877494205196
844053.0,43.002306390395006,-78.79766935122433,12.191824286899996,269.0398498205196
845462.0,43.00238250239649,-78.79771558976472,12.207024553299995,272.47793029051957
846842.0,43.00245893831052,-78.79776174163463,12.171028578299994,270.05137679051956
848353.0,43.002535779686674,-78.7978076565584,12.141170558299994,271.46399429051957
849863.0,43.00261314496041,-78.79785304832676,12.115480946299993,272.63968339051956
851373.0,43.00269101181812,-78.79789770363634,12.091254373299995,273.53588319051954
852883.0,43.00276936006853,-78.79794140093955,12.069653990299994,274.39840669051955
854392.0,43.00284828644602,-78.79798397714174,12.047412783299995,275.25260999051955
855903.0,43.00292785912452,-78.79802527067598,12.023485288299995,276.11728369051957
857412.0,43.003008188721076,-78.79806512964733,11.997599118299993,273.3983209573195
858922.0,43.00308941379016,-78.79810341874372,11.977035363299992,274.28163155731954
860433.0,43.00317166947943,-78.79814009437149,11.95933463329999,275.16719585731954
861943.0,43.003255001217255,-78.7981751045449,11.944322653299992,276.0463794573195
863454.0,43.00333946684681,-78.79820846684392,11.936661943299992,276.9440254573195
864964.0,43.00342509542113,-78.79824021017201,11.935860113299992,277.82041645731954
866474.0,43.003511889527026,-78.79827041214612,11.94435338329999,278.6955660573195
867983.0,43.00359987573561,-78.798299163917,11.96326432329999,279.5856865573195
869493.0,43.00368907030318,-78.79832660220895,11.99798769329999,280.4742574573195
871004.0,43.003779473729054,-78.79835290522355,12.04833565329999,281.3731792573195
872514.0,43.003871116015816,-78.79837827333407,12.11126264329999,282.26254025731953
874023.0,43.003964008340866,-78.79840293889052,12.197700033299991,283.1302507573195
875534.0,43.004058152438716,-78.79842717661714,12.30586582529999,283.98042375731956
877043.0,43.00415354846271,-78.79845126794474,12.43507549099999,284.71658605731955
878542.0,43.00425022543904,-78.7984757043233,12.562495604999992,287.79130102731955
880043.0,43.004348197947195,-78.79850034800934,12.697859095999991,290.5670788273195
881204.0,43.00444749817191,-78.79852482550241,12.815496997999992,291.1510235273195
882365.0,43.004548125658204,-78.79854888243523,12.912477237999992,292.0606467273195
883526.0,43.00465009640725,-78.79857226506375,12.995039989999993,292.9118922273195
884685.0,43.00475338098353,-78.79859472114487,13.056529349999995,293.7929514273195
885844.0,43.00485799250623,-78.79861603380584,13.105389699999995,294.7011902273195
887005.0,43.00496392294943,-78.79863602980814,13.141986449999996,292.0259045993195
888166.0,43.00507117628435,-78.79865458946466,13.167437049999997,292.9317945993195
889327.0,43.00517978420914,-78.79867167757646,13.194555159999995,293.8397521993195
890487.0,43.00528979463299,-78.7986872522274,13.218103599999996,294.7554549993195
891647.0,43.00540119353913,-78.79870129178447,13.240837009999993,295.65161739931955
892806.0,43.00551395378432,-78.79871377595988,13.266212089999994,296.5539790993196
893965.0,43.005628065074745,-78.79872473211445,13.291480654999994,297.44592339931955
895125.0,43.00574350852097,-78.79873419681776,13.321629984999992,298.3354027993196
896285.0,43.00586029022841,-78.79874228717807,13.357151404999993,299.25085029931955
897445.0,43.00597839196445,-78.79874914543862,13.408780214999993,300.1305816993196
898606.0,43.006097780048364,-78.7987549518862,13.476032451999993,301.00692749931954
899765.0,43.00621845909797,-78.79875990305145,13.562148974999992,301.8800024993196
900926.0,43.00634042059441,-78.79876426110377,13.670287090999993,302.6773162993196
902085.0,43.00646365080086,-78.79876831248468,13.795761168999993,303.43996989931964
903215.0,43.006588115761204,-78.79877247386094,13.933784823999993,300.09233850681966
904346.0,43.006713780083494,-78.79877656306276,14.044787873999992,300.52423250681966
905475.0,43.00684046493192,-78.7987803366272,14.127280733999992,301.02910210681966
906606.0,43.00696797024162,-78.79878368776806,14.19796686399999,301.33917810681965
907736.0,43.00709608626876,-78.79878669470378,14.25170882399999,301.49427120681963
908866.0,43.00722466037522,-78.79878948870733,14.29657632899999,301.54854030681963
909996.0,43.007353563773705,-78.7987922105563,14.333109638999991,301.55038852911963
911125.0,43.00748268396156,-78.79879497057078,14.357192438999991,305.1244568261196
912255.0,43.007611916564294,-78.79879780263671,14.371652438999991,308.70188349911956
913384.0,43.00774122286461,-78.79880071118802,14.38302760399999,312.2803036671196
914513.0,43.00787058069905,-78.79880367683656,14.38694547399999,312.2803070671196
915644.0,43.00799995119781,-78.79880667855485,14.38407384399999,315.86747275711963
916773.0,43.008129321218085,-78.79880969040069,14.38617104399999,315.86902525711963
917903.0,43.00825868940106,-78.79881268189224,14.383269973999994,315.8709059571196
919033.0,43.008388026907845,-78.7988156588905,14.377425283999994,319.4695913165696
920162.0,43.008517307221815,-78.7988186361054,14.366573403999993,319.4683028036696
921292.0,43.008646466419776,-78.79882162253368,14.348465753999992,319.46713447156964
922422.0,43.0087754477157,-78.79882462428604,14.326171483999993,319.46689137196967
923553.0,43.00890420690448,-78.7988276384881,14.300745103999994,319.4675496036696
924683.0,43.00903271808881,-78.79883066934532,14.274760273999993,315.87062884566967
925813.0,43.009160992787514,-78.79883371376553,14.251299913999993,315.87219764039963
926943.0,43.009289018371845,-78.79883673985879,14.223791633999994,312.2832517093996
928073.0,43.00941680817702,-78.79883971483116,14.198805713999993,308.6962965369996
929203.0,43.00954438974135,-78.7988426809624,14.177836253999994,308.6928598369996
930333.0,43.009671797573326,-78.79884566119875,14.159665563999996,308.6900535369996
931462.0,43.00979904880091,-78.7988486405245,14.141213283999996,308.6849735369996
932593.0,43.00992615345662,-78.79885163001475,14.124094893999995,308.6802372369996
933723.0,43.010053124687694,-78.79885463767326,14.106890323999997,308.6731751369996
934853.0,43.01017998070556,-78.79885764472338,14.093464233999995,308.6765551369996
935983.0,43.010306738164246,-78.7988606406092,14.081682643999997,308.6761895369996
937114.0,43.01043342850013,-78.7988636347446,14.072951083999996,308.6785557369996
938244.0,43.01056003959221,-78.79886663172158,14.061745043999997,308.6805401369996
939373.0,43.010686593556365,-78.79886962761752,14.056721984,308.6876192369996
940502.0,43.01081313964662,-78.79887266205172,14.058539463999999,308.6686912369996
941632.0,43.01093963586814,-78.79887565401849,14.047087493999998,305.10725804399965
942762.0,43.01106603891387,-78.79887844675787,14.037631273999999,301.56595015399967
943893.0,43.01119238724985,-78.79888108079871,14.034687833999996,298.01579943599967
945023.0,43.011318675493555,-78.79888356399577,14.030895873999999,294.4583765306997
946153.0,43.011444922176395,-78.79888594968288,14.029915773999996,290.8997063946997
947282.0,43.01157117494458,-78.7988881995811,14.026382573999994,287.3403910976997
948413.0,43.011697268456935,-78.798890282675,14.011602583999995,283.7808905076997
949543.0,43.01182302514016,-78.79889237132511,13.988465023999995,283.8055323076997
950673.0,43.01194839456843,-78.79889451131409,13.948880223999994,283.8133808076997
951804.0,43.012073351028576,-78.7988966474428,13.893880063999996,280.2233585925997
952934.0,43.012197832788495,-78.7988988275572,13.825395583999995,280.2221030925997
954064.0,43.01232170522367,-78.79890104516767,13.748963513999994,280.2226920925997
955194.0,43.01244492463892,-78.79890329267255,13.669078260999996,280.2215488925997
956325.0,43.01256749071405,-78.79890558425839,13.590224420999995,280.22856469259966
957456.0,43.01268941244009,-78.79890788451704,13.519113590999996,280.2192176925997
958586.0,43.01281073923782,-78.79891018211127,13.457112300999997,280.2159700925997
959716.0,43.01293155769821,-78.79891241580846,13.402489655999998,276.64304799729973
960847.0,43.013051937826184,-78.79891454798206,13.353621059999998,276.6341798972997
961977.0,43.01317190614229,-78.79891661105722,13.308204158999997,273.0365594147597
963107.0,43.013291458590054,-78.79891862859083,13.264088328999996,273.05198138335976
964237.0,43.01341067095241,-78.79892056311962,13.228754498999997,273.09298668335975
965367.0,43.013529604278695,-78.79892242720865,13.197242278999997,269.5090493333597
966497.0,43.01364829893266,-78.79892423859663,13.171817738599996,265.9811524033597
967777.0,43.01376689552996,-78.79892596719743,13.167376329599994,262.4359918373598
969056.0,43.01388563011148,-78.79892762488906,13.198164450599995,262.44381784675977
970205.0,43.01400465931909,-78.7989292147584,13.226571240599997,262.44970114675976
971354.0,43.01412398010066,-78.79893077340708,13.256407606599996,262.44632564675976
972503.0,43.01424359789185,-78.79893228389734,13.285533566599995,258.88094575075974
973654.0,43.01436350946464,-78.79893372966342,13.313933309599996,255.29369443445975
974804.0,43.014483720938685,-78.79893514733394,13.340998856599995,255.29972773445976
975954.0,43.01460419397111,-78.79893655415225,13.367126186599995,255.2932678344598
977104.0,43.014724879420335,-78.79893799178457,13.388087606599996,258.87815776765984
978254.0,43.014845726776144,-78.79893947985113,13.405043101599997,258.8662384676598
979403.0,43.01496674078109,-78.79894099113966,13.423616791599997,258.8639920676598
980553.0,43.01508792808847,-78.79894251419582,13.442518911599997,258.8655847676598
981703.0,43.01520928987215,-78.79894402103963,13.462713591599998,258.87615576765984
982853.0,43.015330825301156,-78.79894551086991,13.481580081599997,258.8888612676598
984003.0,43.01545254004714,-78.79894697858238,13.502599751599998,258.8990394676598
985154.0,43.015574444989795,-78.79894844807832,13.524057461599998,258.8995977676598
986304.0,43.01569653821426,-78.79894993797785,13.545385561599998,258.8974336676598
987453.0,43.015818796603824,-78.79895145205724,13.5649311216,258.89268736765985
988603.0,43.0159412017233,-78.79895294194036,13.5848704516,258.9063879676598
989754.0,43.01606373281809,-78.79895437590599,13.599071721599998,258.9180555676598
990904.0,43.016186364437345,-78.7989557649433,13.612595971599996,258.9255482676598
992055.0,43.01630911112105,-78.79895711539326,13.629920541599997,258.9382322676598
993205.0,43.016432008058736,-78.79895841446641,13.649237011599997,255.3531076389598
994355.0,43.01655505840846,-78.79895966116779,13.665837761599995,251.7650655843598
995505.0,43.0166782808067,-78.79896082997683,13.688943001599997,248.19028992495979
996655.0,43.0168017140891,-78.79896191958537,13.713945981599998,244.60939781365983
997804.0,43.01692535544593,-78.79896290209527,13.737616721599998,241.0384858726598
998954.0,43.017049208260026,-78.79896380170361,13.758753891599998,237.44924211769978
1000105.0,43.01717329436841,-78.79896463868735,13.785822471599998,233.85906592219982
1001254.0,43.01729764444762,-78.79896547193297,13.815626981599996,237.4445340501998
1002403.0,43.01742231039216,-78.7989662974615,13.850678271599996,233.85917756889984
1003553.0,43.017547306010236,-78.79896707309254,13.882208161599994,230.27512509339985
1004703.0,43.0176726021002,-78.7989678248666,13.912136371599995,230.28563109339981
1005852.0,43.01779817852182,-78.79896859292595,13.939608651599997,230.28318809339981
1007002.0,43.01792400609204,-78.79896943144536,13.961878461599998,230.26592369339983
1008152.0,43.01805003572449,-78.79897036512622,13.983411936599998,230.23949909339981
1009302.0,43.01817624584929,-78.7989714045963,14.0033657566,230.21562209339984
1010451.0,43.01830263553428,-78.79897253626757,14.023824766599999,230.19641389339984
1011601.0,43.01842918334527,-78.7989737392608,14.040583216599998,230.17635689339986
1012751.0,43.0185558632256,-78.79897501459347,14.054815756599998,230.16002079339987
1013901.0,43.018682628280516,-78.79897633891756,14.0646877966,230.14991849339987
1015050.0,43.01880946412503,-78.79897767704111,14.0746996066,230.14731049339986
1016201.0,43.01893638645358,-78.79897899584803,14.0877766466,230.15073989339984
1017351.0,43.01906340612979,-78.79898028452075,14.102567986600002,230.15030207289982
1018500.0,43.01919057914278,-78.79898152080568,14.125420416600003,226.57355717789983
1019650.0,43.01931797676329,-78.79898270192092,14.158763076600001,222.98751048689982
1020799.0,43.01944567316114,-78.79898387744319,14.192050856600002,222.9778067868998
1021950.0,43.0195736118683,-78.79898509346768,14.214875196600001,222.96540748689984
1023100.0,43.019701649400915,-78.79898635643481,14.216881951600001,222.9476026868998
1024251.0,43.01982957997701,-78.79898770021505,14.192702821600001,226.51252289769982
1025401.0,43.019957160058496,-78.79898910072174,14.1420566516,226.48623639769983
1026551.0,43.02008412821215,-78.79899051980419,14.061672101600003,226.45341349769984
1027702.0,43.020210217774604,-78.79899193038415,13.951418056600003,226.43482429769986
1028852.0,43.02033520502678,-78.7989933145825,13.825138910600003,222.85577280269982
1030002.0,43.02045898530983,-78.79899468371428,13.690078800600004,222.8217079026998
1031153.0,43.02058146046965,-78.7989960768205,13.541275990600003,222.7692979026998
1032302.0,43.020702520814545,-78.79899747346577,13.378709774600003,222.76432290269983
1033842.0,43.020822162651555,-78.79899886671565,13.226379431600002,222.76483280269983
1035383.0,43.02094053981078,-78.79900026334322,13.095404278600002,226.35964238609984
1036922.0,43.0210578655435,-78.79900168676365,12.988879701600004,229.9260883431998
1038462.0,43.02117432540192,-78.79900316722018,12.900661351600004,233.49103720379978
1040001.0,43.0212900727365,-78.79900471156363,12.826740831600004,237.0586700387998
1041541.0,43.02140520300298,-78.79900630240867,12.760859181600004,240.6357162967998
1043081.0,43.02151977793753,-78.79900795171727,12.699945541600002,244.20977972419985
1044621.0,43.02163386485849,-78.79900966942785,12.646438731600004,247.78493505519987
1046160.0,43.02174748325404,-78.79901147575117,12.591368171600005,251.35098982759988
1047700.0,43.02186063410582,-78.79901335657078,12.537470251600002,251.3280289275999
1049240.0,43.02197333439887,-78.79901529826785,12.487094401600002,251.3074484275999
1050780.0,43.022085619479384,-78.79901732449923,12.442106291600004,251.28172182759988
1052319.0,43.02219751913418,-78.79901941615189,12.400393381600004,251.2588883275999
1053859.0,43.02230905044716,-78.79902157727548,12.360573861600002,251.22808892759988
1055398.0,43.02242021955551,-78.79902383293079,12.321209451600005,251.1926405275999
1056938.0,43.0225310391684,-78.7990261717216,12.280999081600003,251.16434302759993
1058478.0,43.02264152210221,-78.79902859940205,12.241021481600002,251.13099152759995
1060017.0,43.0227516746342,-78.79903111512007,12.201908841600005,251.10598712759995
1061557.0,43.022861503639085,-78.79903368799525,12.165570041600004,251.07835282759996
1063097.0,43.02297104643567,-78.79903624778488,12.130765081600002,251.08764322759995
1064637.0,43.023080391643795,-78.79903885812362,12.110290621600004,254.64366822059995
1066178.0,43.02318960509908,-78.79904162636547,12.090118401600005,258.1921041105999
1067718.0,43.02329867488632,-78.79904446394823,12.068837936600005,261.75769182859995
1069258.0,43.023407646782026,-78.79904735727679,12.055213246600003,265.33370293389993
1070799.0,43.023516574864196,-78.7990502772791,12.047909246600005,268.90223246989996
1072340.0,43.0236254371342,-78.79905329114347,12.042774856600007,272.4634511668999
1073879.0,43.02373439838967,-78.79905642931078,12.049834106600006,276.0274834568999
1075418.0,43.02384369860423,-78.79905953857798,12.077454946600005,276.00741905689995
1076958.0,43.02395342560272,-78.7990626435704,12.123784986600006,275.98313535689994
1078497.0,43.0240636318317,-78.79906581192459,12.186875416600005,279.55785427199993
1080038.0,43.02417438869109,-78.79906902431723,12.265261346600004,279.54739877199995
1081579.0,43.02428585930067,-78.79907230948115,12.358521336600004,279.52649847199996
1083119.0,43.024398126428395,-78.799075683514,12.459820189600002,279.51508387199993
1084658.0,43.02451125750109,-78.7990791004344,12.568475399600002,279.5110028719999
1086198.0,43.024625375033246,-78.79908258944869,12.687301269600002,279.51438437199994
1087737.0,43.02474056723172,-78.79908613807858,12.810708019600002,279.51591997199995
1089277.0,43.02485687731389,-78.79908977542665,12.938490254600001,283.0938991672999
1090816.0,43.02497438284581,-78.79909352744859,13.0765356806,283.08837796729995
1092357.0,43.025093196095156,-78.7990973998644,13.225311197600002,286.66493364983995
1093897.0,43.02521339627643,-78.79910139984884,13.382919290600002,290.22226975483994
1095437.0,43.025335058253084,-78.79910554037805,13.550087010600002,290.2083842548399
1096976.0,43.025458258476576,-78.79910982722113,13.726467894600002,293.76047640483995
1098517.0,43.02558306652061,-78.79911428871887,13.910094908000003,297.26154713484
1099907.0,43.025709457428604,-78.79911897225256,14.084207300000003,300.7756405008399
1101298.0,43.025837305411144,-78.79912387824471,14.243546649000002,304.32170349143996
1102688.0,43.02596645925971,-78.79912899305059,14.385011475,304.28199299143995
1104078.0,43.026096754633215,-78.799134294534,14.504343625,304.25263869144
1105468.0,43.02622804162014,-78.79913975258863,14.611009185,307.81726278744
1106858.0,43.02636016456623,-78.79914531825364,14.697014215,311.40176630374
1108248.0,43.026492959363324,-78.79915096857768,14.771229555,311.38722590374
1109637.0,43.026626333032326,-78.79915670050917,14.831927734999999,311.37635830373995
1111028.0,43.026760167749465,-78.79916249156602,14.880520285,311.3647308037399
1112417.0,43.02689433830603,-78.79916832789353,14.910876365,311.3626617037399
1113807.0,43.02702862079141,-78.79917420437286,14.919603284999999,311.3450842037399
1115198.0,43.02716285925926,-78.79918014114732,14.910806984999999,311.3199517037399
1116588.0,43.02729688229611,-78.79918614048225,14.881469505,311.2911481037399
1117978.0,43.02743050717348,-78.79919219193818,14.831041345000001,311.27056010373985
1119368.0,43.02756356200085,-78.79919826494901,14.762329355000002,311.2475697037399
1120757.0,43.02769590538028,-78.79920433084288,14.678138435000001,311.24450350373985
1122147.0,43.027827379425545,-78.7992103866604,14.573397285,311.2079624037399
1123537.0,43.02795782071503,-78.79921643465535,14.449937973,311.17961580373986
1124926.0,43.028087060516754,-78.79922248430685,14.308490661,307.5824410324399
1126405.0,43.02821503326997,-78.79922850937135,14.166303404000002,307.58118983243986
1127884.0,43.028341837999406,-78.79923451544471,14.047851045000005,304.00478053643985
1129364.0,43.0284676335183,-78.7992405029692,13.942837618000004,303.9844648364399
1130844.0,43.02859250001866,-78.79924657522928,13.844965914000005,307.47228696513986
1132323.0,43.028716458528564,-78.7992529439037,13.751012774000005,310.7925467197399
1133803.0,43.02883949518375,-78.79925994127093,13.671725804000005,313.9632766791399
1135282.0,43.02896149680299,-78.79926786480908,13.596060034000004,316.9514407904399
1136762.0,43.02908221463661,-78.79927705032809,13.535157274000003,319.7384302314399
1138242.0,43.0292014582831,-78.79928771145222,13.480912394000004,322.4217566863999
1139722.0,43.02931907398803,-78.79929999408684,13.438789994000004,325.0646623818999
1141202.0,43.029434981629635,-78.79931404868788,13.404140634000004,324.12585408189983
1142682.0,43.029549197612724,-78.79932996935673,13.377288644000005,326.81075886319985
1144161.0,43.02966175619803,-78.79934787878352,13.358553364000006,329.50408633869984
1145641.0,43.02977267643727,-78.79936785088837,13.344986794000006,328.60924983869984
1147122.0,43.029882009422174,-78.79938990317007,13.338944504000006,327.73128933869987
1148602.0,43.02998978954902,-78.79941404715372,13.339420334000005,326.8597975386998
1150082.0,43.03009607574234,-78.79944025910298,13.343599564000005,325.9967082386998
1151561.0,43.030200903951815,-78.79946850764401,13.350540894000005,325.1388847386998
1153041.0,43.030304285742105,-78.79949882454365,13.361159444000004,324.27340693869985
1154521.0,43.030406245607224,-78.79953124532229,13.377768734000004,323.4124477386998
1156000.0,43.03050682136541,-78.79956579786014,13.398373304000003,322.54496573869983
1157480.0,43.03060601224489,-78.79960254697032,13.424256064000003,321.6554805386998
1158961.0,43.030703849269415,-78.79964157163631,13.453953944000002,320.77912653869976
1160440.0,43.03080034047377,-78.79968292242842,13.485408014000003,319.8957951386998
1161920.0,43.0308954654496,-78.79972666662295,13.520128304,322.5997145516998
1163401.0,43.03098921011731,-78.79977283632276,13.554421803999999,325.29774624669983
1164881.0,43.03108153238451,-78.79982144932895,13.584364824,328.00422833769983
1166361.0,43.03117237099873,-78.79987247245373,13.611924663999998,327.11768293769984
1167841.0,43.031261765431054,-78.79992587407823,13.647266504,326.2389664376999
1169320.0,43.03134983379021,-78.79998162947987,13.695356104,325.3736398376999
1170799.0,43.03143675301589,-78.8000396865539,13.759675264,324.5243242376999
1172280.0,43.031522694503046,-78.80010000583052,13.844713414000001,323.6749992376999
1173760.0,43.031607889388695,-78.80016255292543,13.949908923999999,322.84089083769993
1175239.0,43.03169256216041,-78.80022722559515,14.064014598999997,321.9871865376999
1176719.0,43.03177692518415,-78.8002938137559,14.171093454999998,324.69155783269997
1178199.0,43.031861082368074,-78.80036199974712,14.261252964999997,323.8462513326999
1179679.0,43.03194509853907,-78.80043145365885,14.343506874999997,323.00706633269994
1181159.0,43.03202903381085,-78.80050196769828,14.418641980999999,322.09872313269994
1182250.0,43.03211286232311,-78.80057330995837,14.463659188,321.18950163269994
1183340.0,43.032196408713226,-78.80064524325523,14.465515101,320.2757049326999
1184430.0,43.03227948587284,-78.8007174809057,14.422246747999997,319.42985273269994
1185620.0,43.03236192382453,-78.80079004406645,14.366780224999998,318.5625071327
1186811.0,43.032443553300666,-78.80086301983658,14.312012674999997,317.67421193269996
1188001.0,43.03252426332593,-78.80093660823339,14.262177234999998,316.8055726327
1189192.0,43.03260399123008,-78.80101096719531,14.217392798999997,315.94295593269993
1190381.0,43.03268267143589,-78.80108623277896,14.178406778999998,315.0607177326999
1191572.0,43.032760269809096,-78.80116253494663,14.148130638999996,314.2042443326999
1192763.0,43.03283676103747,-78.80123998097662,14.125733658999998,313.34211823269993
1193953.0,43.0329121062067,-78.80131869509769,14.107382978999997,312.48898803269987
1195144.0,43.032986258160214,-78.80139873452553,14.089535108999996,311.6394360326999
1196335.0,43.03305920175256,-78.8014801748893,14.072803578999997,310.78394423269987
1197525.0,43.033130889800425,-78.80156306351071,14.055873468999998,309.9293166326999
1198715.0,43.033201281115126,-78.80164741480019,14.037960478999999,309.07298243269986
1199905.0,43.033270370851206,-78.80173324755367,14.018270849,308.22264343269984
1201094.0,43.03333811157622,-78.80182055166843,13.999358389000001,307.35903873269984
1202285.0,43.033404463727244,-78.80190934734169,13.981477159,306.48688663269985
1203476.0,43.03346943690411,-78.80199969061559,13.964831729000002,305.63293033269986
1204666.0,43.03353303021675,-78.80209162118194,13.946409649000001,304.78746923269983
1205857.0,43.03359527640845,-78.80218514640494,13.931454184000001,303.95983053269987
1207047.0,43.033656189342395,-78.80228027507586,13.912090144,303.1450123326998
1208237.0,43.03371585193814,-78.80237697455597,13.885598449000002,302.34182583269984
1209427.0,43.03377428815423,-78.80247521181853,13.854532144000002,301.5638210326999
1210616.0,43.033831481012996,-78.80257500454054,13.823143984000003,300.79774103269983
1211806.0,43.03388738524262,-78.802676408449,13.796194824000002,300.0289040326998
1212996.0,43.033941967770616,-78.8027794747734,13.770082144000003,299.2519648326998
1214186.0,43.0339951953584,-78.80288425512276,13.746704774000001,298.4833579326998
1215376.0,43.034047084260834,-78.8029907931669,13.724016044000003,297.7274279326998
1216566.0,43.03409768644374,-78.80309912808524,13.705576094000003,296.9919957326998
1217756.0,43.03414707564321,-78.80320932754805,13.691939354000004,296.2657059326998
1218946.0,43.03419530313611,-78.80332142660568,13.680595804000005,295.57128153269986
1220136.0,43.034242435662,-78.8034354062705,13.674888504000005,294.88606683269984
1221326.0,43.03428853445108,-78.80355131731918,13.673361974000004,294.20561383269984
1222516.0,43.03433364264434,-78.80366915804447,13.671215424000003,293.54986333269983
1223707.0,43.0343777900565,-78.80378893983179,13.673135094000004,292.8995746326998
1224897.0,43.034421016504275,-78.80391067762362,13.677263054000004,292.25782843269985
1226088.0,43.03446331784666,-78.80403438929588,13.681547164000005,291.6222037326998
1227278.0,43.03450461165897,-78.80416008803613,13.684424154000006,290.97872693269983
1228468.0,43.03454489322062,-78.80428781326437,13.687979604000004,290.3324116326998
1229657.0,43.034584155429165,-78.80441758056608,13.691816354000004,289.6933469326998
1230847.0,43.03462237068247,-78.804549372727,13.690697034000005,289.0540845326998
1232036.0,43.03465948596485,-78.80468316124549,13.686143274000006,288.40657173269983
1233227.0,43.03469546383798,-78.80481891843408,13.681656154000006,287.7465515326998
1234416.0,43.034730277108665,-78.80495665362486,13.676316624000007,287.0755308326998
1235607.0,43.03476390989645,-78.80509642053975,13.67368053400001,286.3812641326998
1236797.0,43.03479632949503,-78.80523823175234,13.67343816400001,285.6602307326998
1237987.0,43.034827481577494,-78.80538210339695,13.671998194000011,284.91118503269985
1239177.0,43.03485732172876,-78.8055280764948,13.672041454000011,284.1222604326998
1240367.0,43.03488582681743,-78.8056761042952,13.670165064000011,283.3289302326998
1241557.0,43.03491298175874,-78.80582614084284,13.67174260400001,282.52014513269984
1242747.0,43.03493879762788,-78.80597816264113,13.68143279400001,281.70314743269984
1243937.0,43.034963286145675,-78.80613219627006,13.700942194000008,280.85839613269985
1245127.0,43.0349865318418,-78.80628828608462,13.734440654000009,280.00829393269987
1246317.0,43.03500861894717,-78.80644640872332,13.778536164000009,279.15950813269984
1247507.0,43.03502965241449,-78.80660661205434,13.84014070400001,278.29891523269987
1248697.0,43.03504974961957,-78.80676897433976,13.921912244000008,277.4135181326999
1249887.0,43.03506903063207,-78.80693348332144,14.014910044000008,276.52500183269984
1251078.0,43.035087625760255,-78.80710010456819,14.116778194000007,275.62499233269983
1252268.0,43.035105693494394,-78.80726876980476,14.232693914000007,274.75288143269984
1253458.0,43.03512338537201,-78.80743941505816,14.360372246000006,273.87112703269986
1254648.0,43.035140891049615,-78.80761198558885,14.497638648000006,276.56119120399984
1255749.0,43.03515828639759,-78.80778633663896,14.622284235000006,275.65954580399983
1256850.0,43.03517548267461,-78.80796232246112,14.716888204000007,278.33699149999984
1257949.0,43.035192285258184,-78.80813991422404,14.793247151000008,277.43141139999983
1259050.0,43.03520855181059,-78.80831908799797,14.86520086500001,276.6121327999998
1260150.0,43.03522425239729,-78.80849975806443,14.942595095000009,275.9716395999998
1261250.0,43.03523939281885,-78.80868167715985,15.007262115000009,275.4982939999998
1262350.0,43.03525405585243,-78.80886468338178,15.076198645000007,275.2119496999998
1263450.0,43.03526845937751,-78.80904853779136,15.133732875000007,275.12306579999984
1264550.0,43.03528280486892,-78.80923311163222,15.193690665000005,275.1392195999998
1265650.0,43.0352972240444,-78.80941829903323,15.240004175000006,275.18797479999984
1266750.0,43.035311783210894,-78.80960394646524,15.276444875000006,275.2313958999998
1267850.0,43.03532644179142,-78.80978991963015,15.297667115000007,275.2364483999998
1268950.0,43.03534113111822,-78.8099760541803,15.307470345000006,275.22444159999975
1270050.0,43.035355810320326,-78.81016222072661,15.306725405000007,275.20653329999976
1271149.0,43.035370416761644,-78.8103482869436,15.294011215000005,275.18076639999975
1272249.0,43.03538493786197,-78.8105341717158,15.277693365000005,275.1556208999998
1273349.0,43.03539937652251,-78.8107198627662,15.262064235000004,275.14376269999974
1274450.0,43.03541374900784,-78.81090538192865,15.245301105000003,275.1323887999998
1275550.0,43.035428042773056,-78.81109064834635,15.223128785000004,275.11081029999974
1276650.0,43.035442269896876,-78.81127560924519,15.195136175000005,275.08966529999975
1277751.0,43.03545642480435,-78.81146022040328,15.163331835000003,275.07535059999975
1278852.0,43.035470550444096,-78.81164440949864,15.126183075000004,275.0750417999997
1279952.0,43.035484624265074,-78.81182808078738,15.080984295000006,275.05693839999975
1281052.0,43.035498621672104,-78.81201115845556,15.031122915000005,275.0408442999997
1282152.0,43.03551255266918,-78.81219352347432,14.969978105000006,275.0390260999997
1283252.0,43.0355264079288,-78.8123750193038,14.893509005000007,275.0404550999997
1284352.0,43.03554020000337,-78.81255547216846,14.803286595000008,275.0311240999997
1285453.0,43.035553945903956,-78.81273469921526,14.69737318500001,275.0205289999997
1286553.0,43.035567646387086,-78.81291252021542,14.57945885800001,275.02397149999973
1287653.0,43.03558129812702,-78.81308876674247,14.446149318000009,275.03144649999973
1288754.0,43.03559487131478,-78.81326327999311,14.299810948000008,275.08969849999977
1289854.0,43.035608501108335,-78.81343590865748,14.145661208000009,275.33243799999974
1290954.0,43.03562226378292,-78.81360650883899,13.989364915000008,275.82856179999976
1292055.0,43.035636182948046,-78.81377509369878,13.85158013900001,276.43469129999977
1293155.0,43.03565027803663,-78.81394189209368,13.737953586000009,277.02929369999976
1294254.0,43.035664535397345,-78.81410725658039,13.649227608000007,277.58444639999976
1295354.0,43.03567887982448,-78.81427147639116,13.569634991000008,278.0051769999998
1296454.0,43.03569331722936,-78.81443483097819,13.514712906000007,278.28486789999977
1297554.0,43.035707840465314,-78.81459769020772,13.481809712000006,278.4728613999998
1298654.0,43.035722446590945,-78.81476032999672,13.468609309000005,278.67043739999974
1299755.0,43.03573712666363,-78.81492297757774,13.472894559000006,278.92407859999975
1300755.0,43.03575189518971,-78.81508547184926,13.466241657000005,279.46498929999973
1301754.0,43.03576683027322,-78.81524762552182,13.444243597000007,280.2267188999997
1302754.0,43.03578193797012,-78.81540917040455,13.407979680000006,277.53882341999974
1303754.0,43.03579717499938,-78.8155698970134,13.355689222000006,278.42168671999974
1304754.0,43.035812512923314,-78.81572966424672,13.287737892000004,279.3147742199997
1305753.0,43.03582793902856,-78.8158883576999,13.209965760000005,280.16701941999975
1306752.0,43.035843469183625,-78.8160458500548,13.120147040000004,281.0109341199997
1307752.0,43.03585906701859,-78.8162020239414,13.015435111000004,281.75969681999976
