timestamp,system_time,lat,lon,speed,bearing
1508954006858.0,17400,43.0156414,-78.8178569,0.0,0.0
1508954071954.0,19200,43.01499260396617,-78.81780365744531,6.371810400000001,0.0
1508954072954.0,20200,43.01498477477864,-78.81789439638099,5.824351999999998,0.0
1508954073949.0,21200,43.01495282920407,-78.81789013260502,5.674767,0.0
1508954075000.0,22200,43.01494764671458,-78.8179062914322,6.2597203000000015,0.0
1508954076000.0,23200,43.0149214096984,-78.81799163564517,6.8613490000000015,0.0
1508954077000.0,24200,43.01501779119121,-78.81826048627899,6.5486054000000005,279.54657000000003
1508954078000.0,25200,43.015028936030646,-78.81835570532435,6.837817,279.23154
1508954079000.0,26200,43.01504004427212,-78.81843465890118,6.259876,278.06238
1508954080000.0,27200,43.01505346484164,-78.81849419162533,5.254269,276.50967
1508954081000.0,28200,43.01505970036647,-78.81854320005267,4.0056305,274.1365
1508954082000.0,29200,43.01505677744255,-78.81856039235427,2.2366984,272.7
1508954084000.0,31200,43.015046089974994,-78.81855496690946,0.47823036,283.35654
1508954086000.0,33200,43.015030448874114,-78.81853385986524,0.5302451,262.40057
1508954087000.0,34200,43.01501390264985,-78.8185242297384,1.3735315,262.40057
1508954088000.0,35200,43.01499521413051,-78.81852835595777,2.1313303,224.95227000000003
1508954089000.0,36200,43.014966195396674,-78.8185406327376,3.7983708,209.19238
1508954090000.0,37200,43.01491886471234,-78.81856337038614,5.182277,199.00339
1508954044585.0,37800,43.0144039,-78.8188082,0.0,0.0
1508954091000.0,38200,43.014857248095424,-78.81858156848229,6.8161345,190.54465
1508954092000.0,39200,43.014780095785476,-78.81859355967438,8.5372,184.60385
1508954093000.0,40200,43.014687744825466,-78.81859708325057,9.86998,179.62697
1508954094000.0,41200,43.014580268082774,-78.8185874634608,11.211427,178.3436
1508954095000.0,42200,43.0144621152971,-78.8185821849715,12.356301,178.52061
1508954096000.0,43200,43.01433737723462,-78.81857750447188,13.232485,179.75642
1508954097000.0,44200,43.014208216921034,-78.81856968879245,13.633522,178.50095
1508954098000.0,45200,43.014076921768854,-78.81856011869716,13.810732000000002,178.60294
1508954099000.0,46200,43.013944674456965,-78.8185595127741,14.282455,180.44695
1508954100000.0,47200,43.01380926841553,-78.81856006483956,14.601328,180.40602
1508954101000.0,48200,43.01367567839765,-78.81856049322114,14.466361,180.52168
1508954102000.0,49200,43.01354483318627,-78.81856248270853,14.202104,180.6704
1508954103000.0,50200,43.01341620206273,-78.81856592740084,14.046763,180.8524
1508954104000.0,51200,43.01329013283719,-78.81857152884501,13.594265,180.93129
1508954105000.0,52200,43.01316871404444,-78.81857546032181,13.353826000000002,181.64432
1508954106000.0,53200,43.01305172408075,-78.81858206469481,12.717716,181.81145
1508954107000.0,54200,43.01293869443621,-78.81858709287717,12.412128,181.42233
1508954108000.0,55200,43.01283594929709,-78.81859248629186,11.160519,181.05092
1508954109000.0,56200,43.01274273327527,-78.8185949476958,10.118677,180.48268
1508954110000.0,57200,43.01266000979557,-78.81859502466578,8.784677499999999,180.60422
1508954064704.0,58000,43.0127603,-78.81887459999999,0.0,0.0
1508954111000.0,58200,43.01259265748486,-78.8185912696015,6.891438000000001,176.42899
1508954112000.0,59200,43.012540130332624,-78.81859089383623,5.084673,180.29152
1508954113000.0,60200,43.01250322491749,-78.81859252449956,3.3846053999999994,179.84285
1508954114000.0,61200,43.01247684310285,-78.81859034505088,2.9816437,172.49671999999995
1508954115000.0,62200,43.01245155270684,-78.81857937724544,3.11026,155.2444
1508954116000.0,63200,43.01242459524603,-78.81855223642033,4.2917128,132.72552
1508954117000.0,64200,43.01240411699439,-78.8184976849403,5.459408,108.32502
1508954118000.0,65200,43.012392947973225,-78.81841692938005,7.487219,95.79824
1508954119000.0,66200,43.012391411742136,-78.81831215013703,9.008215,88.15075999999998
1508954120000.0,67200,43.012396708792934,-78.81818497871531,10.670924,85.98737
1508954121000.0,68200,43.0123998833037,-78.81803748035333,11.968115,89.13588
1508954122000.0,69200,43.01239809274952,-78.81787750336733,12.673986,90.334175
1508954123000.0,70200,43.01239568236189,-78.81770660896504,13.277412,90.04133
1508954124000.0,71200,43.01239423830754,-78.81753365679361,13.09075,90.690704
1508954125000.0,72200,43.01239086130447,-78.81737606209562,11.962417,91.94772
1508954126000.0,73200,43.0123845945473,-78.8172371964822,10.116462,96.01438
1508954127000.0,74200,43.01237695749656,-78.81712721660146,7.9413795,97.509186
1508954128000.0,75200,43.012368259784715,-78.8170510601229,5.8164625,108.69762
1508954129000.0,76200,43.01234573431649,-78.81700318174389,4.505085500000002,135.5531
1508954130000.0,77200,43.01230919897319,-78.81698612802995,4.841921,161.65636999999995
1508954084723.0,78000,43.0129896,-78.8170162,0.0,0.0
1508954131000.0,78200,43.01225853640996,-78.81698827543747,6.5666027,181.75284
1508954132000.0,79200,43.01219414841604,-78.81701073126195,8.285581,185.59213
1508954133000.0,80200,43.01211025873378,-78.81703156457024,9.765562,184.6924
1508954134000.0,81200,43.012013105162666,-78.81704419733633,10.806049,181.24495
1508954135000.0,82200,43.01190658110079,-78.81705123659674,12.041441,181.43874
1508954136000.0,83200,43.01178875342421,-78.81705844361284,12.943902,179.26404
1508954137000.0,84200,43.011667710795145,-78.81705814507589,13.58673,176.77153
1508954138000.0,85200,43.01154126125208,-78.81705051569158,14.136775,176.07532
1508954139000.0,86200,43.011408885326574,-78.8170388599966,14.72868,175.26366000000004
1508954140000.0,87200,43.0112730009916,-78.81702229814088,15.233123,174.65111000000005
1508954141000.0,88200,43.01113456873421,-78.81700320960091,15.7404995,174.69146999999995
1508954142000.0,89200,43.01099291256096,-78.81698362296892,16.012587,174.62796
1508954143000.0,90200,43.010848575193776,-78.81696361051195,16.268063,174.59447
1508954144000.0,91200,43.01070219094162,-78.81694336653644,16.446320999999998,175.06616
1508954145000.0,92200,43.01055268998204,-78.81692365450633,16.813935999999998,175.22035
1508954146000.0,93200,43.010403889814185,-78.81690482228619,16.662453,175.73865
1508954147000.0,94200,43.01025501296883,-78.81688464950494,16.776730999999998,175.64456
1508954148000.0,95200,43.010106088098134,-78.81686534314684,16.902288000000002,175.14229
1508954149000.0,96200,43.009956859443626,-78.81684312312285,16.708204000000002,172.97377
1508954150000.0,97200,43.00980850700975,-78.81681038350057,16.85765,169.627
1508954104711.0,98000,43.0094658,-78.81646309999998,0.0,0.0
1508954151000.0,98200,43.00966281347228,-78.81676465436294,16.603958,166.07867
1508954152000.0,99200,43.00952587938238,-78.81670882710837,15.293397,163.07927
1508954153000.0,100200,43.009396109031115,-78.81664513702873,15.163031,159.74219
1508954154000.0,101200,43.009268982918776,-78.81657977383625,14.907854,160.70198
1508954155000.0,102200,43.00914207838235,-78.81651775735719,14.943951,161.80719
1508954156000.0,103200,43.00900781864117,-78.81645059298448,15.711723,160.68741
1508954157000.0,104200,43.008870077566755,-78.81638267308533,16.133574,161.58308
1508954158000.0,105200,43.008732684923736,-78.8163161330606,15.913113,161.01195
1508954159000.0,106200,43.00859278745399,-78.81624429512429,16.304577,159.56781
1508954160000.0,107200,43.00844982674679,-78.81617070803442,16.57489,160.52448
1508954161000.0,108200,43.008305023575325,-78.81609924332135,16.47256,161.68004
1508954162000.0,109200,43.008157877871554,-78.8160292293648,16.45778,162.3006
1508954163000.0,110200,43.00801265181228,-78.81596080829608,16.456696,162.24033
1508954164000.0,111200,43.007860979103356,-78.8158896838749,17.288836,161.90683
1508954165000.0,112200,43.007715987272434,-78.81582318809984,15.958961,161.98678999999996
1508954166000.0,113200,43.00757262728096,-78.81575647135091,16.619235999999994,161.74954
1508954167000.0,114200,43.007427202778786,-78.81568728524721,16.688873,161.48836
1508954168000.0,115200,43.007283550951406,-78.81561922027659,16.526882,161.03753999999995
1508954169000.0,116200,43.00714311653699,-78.81555433728448,16.388384,161.50665
1508954170000.0,117200,43.00700493553898,-78.8154892321586,15.997765,161.06278999999995
1508954124734.0,118000,43.0067997,-78.8152905,0.0,0.0
1508954171000.0,118200,43.00686760130304,-78.81541953981267,16.16755,158.33331
1508954172000.0,119200,43.0067319195504,-78.81533205334445,16.759672,152.19579
1508954173000.0,120200,43.00659960650632,-78.81522750703238,16.978525,146.05125
1508954174000.0,121200,43.00647388294406,-78.81510587144088,17.297017999999998,141.27266
1508954175000.0,122200,43.00635563719389,-78.81497144992939,17.355366,137.36174
1508954176000.0,123200,43.00624239620445,-78.81482564383282,17.188627,135.69765
1508954177000.0,124200,43.0061314286735,-78.81467751529776,17.024185,134.83417
1508954178000.0,125200,43.00602313282896,-78.81452857593506,16.887373,133.83064
1508954179000.0,126200,43.005914665658075,-78.81437936003067,16.980206,134.55858
1508954180000.0,127200,43.005806605154845,-78.81423173088366,16.719212,134.2398
1508954181000.0,128200,43.005700380993346,-78.81408680224105,16.433939000000002,134.81741
1508954182000.0,129200,43.005592694392995,-78.81394471055323,16.37951,135.6857
1508954183000.0,130200,43.00549134878865,-78.81380654974703,15.355523000000002,133.72923
1508954184000.0,131200,43.00539030107532,-78.81367153086016,15.58144,136.20107
1508954185000.0,132200,43.005285480833166,-78.81353947721706,15.564725,137.25859
1508954186000.0,133200,43.00517906154202,-78.8134079050297,15.8847685,136.70078
1508954187000.0,134200,43.0050763303498,-78.81327247310443,15.806998000000002,134.7693
1508954188000.0,135200,43.00497668818196,-78.81312936618862,15.998359,132.17592
1508954189000.0,136200,43.00488312352429,-78.81297601506823,16.081642000000002,127.74487
1508954190000.0,137200,43.00480125974406,-78.81281135935474,16.085026,122.11923
1508954191000.0,138200,43.0047319121343,-78.81263555219066,16.166162,116.32779
1508954192000.0,139200,43.004676737640324,-78.81244700074133,16.27673,111.36944
1508954193000.0,140200,43.00462944754676,-78.81225553993747,16.368122,107.50609
1508954194000.0,141200,43.00459327539125,-78.8120622768832,16.025658,104.0488
1508954195000.0,142200,43.0045660607669,-78.81187133106047,15.284668,100.67211
1508954196000.0,143200,43.004549959322006,-78.81168359757876,15.205634,95.048164
1508954197000.0,144200,43.00454655478807,-78.81149329179401,15.445944,89.799965
1508954198000.0,145200,43.00455397770782,-78.81129927348753,15.465184,87.00711
1508954199000.0,146200,43.00456306902483,-78.81110710672534,15.329012,86.27651
1508954200000.0,147200,43.004570396086976,-78.81091574965994,15.549523,87.86310999999998
1508954201000.0,148200,43.00457239108344,-78.81072025817038,15.890579,89.24814599999998
1508954202000.0,149200,43.00457259321003,-78.81052314535097,16.032944,89.408585
1508954203000.0,150200,43.00457320595053,-78.81032564704479,16.150326,89.43425
1508954204000.0,151200,43.004573171600846,-78.81012774224416,16.156855,89.28181
1508954205000.0,152200,43.00457292791405,-78.80992675779378,16.267585999999998,89.66893
1508954206000.0,153200,43.00457347170604,-78.80972679836616,16.183506,89.85561
1508954207000.0,154200,43.00457361256483,-78.80952914626866,16.107333999999998,89.1757
1508954208000.0,155200,43.00457475757217,-78.80933033195006,16.341162,89.446465
1508954209000.0,156200,43.00457494672333,-78.80912871308544,16.607182,89.53638000000002
1508954210000.0,157200,43.004576080713356,-78.80892633523572,16.565994,89.18475
1508954211000.0,158200,43.00457750516655,-78.80871817568169,17.073538,89.25511999999998
1508954212000.0,159200,43.004579894837796,-78.8085074327143,17.133568,89.1731
1508954213000.0,160200,43.004583540019205,-78.80829656436774,17.240623,88.97038
1508954214000.0,161200,43.00458762602431,-78.80808388940001,17.465431,89.27573000000002
1508954215000.0,162200,43.004590990076494,-78.80786841599543,17.662987,88.80448
1508954216000.0,163200,43.004593008844026,-78.80764829495719,17.934849,89.487915
1508954217000.0,164200,43.004591526453886,-78.8074293565391,17.60472,90.29711
1508954218000.0,165200,43.004587762912045,-78.8072145116843,17.341317999999998,90.650505
1508954219000.0,166200,43.004585480956145,-78.80700048874748,17.323042,90.30349
1508954220000.0,167200,43.00458429694687,-78.80678549878894,17.544033,89.6935
1508954221000.0,168200,43.00458438563646,-78.80656679320128,17.733427,89.13285
1508954222000.0,169200,43.0045841917628,-78.80634382609944,18.074389,89.82921
1508954223000.0,170200,43.00458541838884,-78.80612106417706,17.9337,88.93854
1508954224000.0,171200,43.004587808760434,-78.80589861658805,18.006045999999994,89.35076
1508954225000.0,172200,43.004589892606404,-78.80567740811176,17.87294,89.30447
1508954226000.0,173200,43.00459014790693,-78.80545895058869,17.61391,90.20008
1508954227000.0,174200,43.00458981223677,-78.80524410429825,17.339092,90.60594
1508954228000.0,175200,43.004588292485344,-78.80503251133469,17.104166,90.77958
1508954229000.0,176200,43.00458371691291,-78.8048218882113,17.153778,92.10152
1508954230000.0,177200,43.00457397201721,-78.80461225478092,16.858486,94.37826
1508954231000.0,178200,43.004556669898996,-78.80440504657702,16.89169,98.56257
1508954232000.0,179200,43.00452780456659,-78.8041989995007,17.267178,103.77108
1508954233000.0,180200,43.00448702920884,-78.80399156099399,17.525154,106.83308999999998
1508954234000.0,181200,43.004441780784646,-78.80378873620442,16.662070999999994,107.49032
1508954235000.0,182200,43.00439872850308,-78.8035879003193,17.285994,106.36672
1508954236000.0,183200,43.00436268576991,-78.80337631351298,17.515439999999998,104.16082
1508954237000.0,184200,43.00433022066605,-78.8031593853085,17.282667,102.45267
1508954238000.0,185200,43.004304037376244,-78.8029506734316,17.06169,99.41247
1508954239000.0,186200,43.004285659892226,-78.80274301515298,17.18358,96.08772
1508954240000.0,187200,43.004272402888375,-78.80254165131448,16.121199,95.12305
1508954241000.0,188200,43.004269985123386,-78.80233288358588,16.915325,89.52861999999998
1508954242000.0,189200,43.00427428872259,-78.8021268068037,16.620276999999998,86.43666
1508954243000.0,190200,43.00428305541886,-78.80192241536156,16.440565,86.55105
1508954244000.0,191200,43.00428794173798,-78.8017293158174,15.761744,87.15791999999998
1508954245000.0,192200,43.004290821252965,-78.80153632759003,15.6988735,89.35758
1508954246000.0,193200,43.0042871792955,-78.80134447502115,15.43289,90.56477
1508954247000.0,194200,43.00428489829173,-78.80115584266777,15.239467,90.56563
1508954248000.0,195200,43.004284843579185,-78.80096720454719,15.38509,90.90783
1508954249000.0,196200,43.004283395539645,-78.80078104779507,15.050962,90.68605
1508954250000.0,197200,43.004279985086505,-78.80059901314495,14.727405,91.500374
1508954251000.0,198200,43.00427744566522,-78.8004250093095,14.110104000000002,91.221535
1508954252000.0,199200,43.00427157693793,-78.80025600042703,13.755387,92.17455
1508954253000.0,200200,43.004265515672074,-78.80008978126679,13.637178,92.23964
1508954254000.0,201200,43.004261376348225,-78.79992545583576,13.489663,92.18204
1508954255000.0,202200,43.00425776094446,-78.79976598635102,13.008289,92.30852
1508954256000.0,203200,43.00425565587626,-78.79961461430145,12.047705,91.07139
1508954257000.0,204200,43.00425482703979,-78.79947785795883,10.399653,90.68642
1508954258000.0,205200,43.004254631541755,-78.79935962040068,8.721119999999999,89.81228
1508954259000.0,206200,43.004254822447386,-78.79926344279636,6.8203006,89.49598
1508954260000.0,207200,43.00425479247715,-78.7991928369959,4.8050585,89.07417
1508954261000.0,208200,43.004253911182566,-78.79914193220104,3.4500058,88.077095
1508954262000.0,209200,43.00425319487504,-78.79910996682058,2.2253819,85.02592
1508954263000.0,210200,43.00424960819236,-78.79908490181974,2.156751,95.277824
1508954264000.0,211200,43.004244986525535,-78.79905729566171,2.2712946,97.772
1508954265000.0,212200,43.00424257744404,-78.79903329700761,1.5887836000000002,99.69151
1508954266000.0,213200,43.00424141459343,-78.7990193081067,0.0,49.845757
1508954271000.0,218200,43.004237616985215,-78.79900613753283,0.81385624,111.03611
1508954272000.0,219200,43.00423640457918,-78.79898503108112,1.7516778000000002,111.03611
1508954273000.0,220200,43.00423638642143,-78.79896053662347,1.7145585,111.03611
1508954274000.0,221200,43.004234876862434,-78.79894036818271,1.0533093999999998,92.79876
1508954275000.0,222200,43.0042323293816,-78.79892388705055,1.0403103,91.45346
1508954278000.0,225200,43.00422893838115,-78.79890390329417,0.8235788,78.74207
1508954279000.0,226200,43.00421861615989,-78.7988785993279,2.8387666,98.9148
1508954280000.0,227200,43.004192762849705,-78.79882903768471,6.0418379999999985,133.01523999999998
1508954281000.0,228200,43.00414533483387,-78.79878035317385,6.769781599999999,154.38641
1508954282000.0,229200,43.00407927646989,-78.7987554692943,8.046985000000001,173.41571000000005
1508954283000.0,230200,43.00399943741797,-78.7987540919452,9.739051,179.75871
1508954284000.0,231200,43.003907927727525,-78.79875970680236,10.933769,181.67441
1508954285000.0,232200,43.003806391619015,-78.79876648186261,11.750041,181.81297
1508954286000.0,233200,43.00369518116751,-78.79877284486864,12.744593,181.1593
1508954287000.0,234200,43.003576246573154,-78.79877820526205,13.60154,180.47394
1508954288000.0,235200,43.00344912561228,-78.79878205800205,14.588415,180.44211
1508954289000.0,236200,43.003314780751715,-78.79878390351313,15.281589000000002,180.14702
1508954290000.0,237200,43.003174729374216,-78.79878619584163,15.751829,180.28275
1508954291000.0,238200,43.003029695886745,-78.79878857047234,16.36479,180.40852
1508954292000.0,239200,43.00288271801509,-78.79878799619513,16.50506,179.15932
1508954293000.0,240200,43.0027330670256,-78.79878757828094,16.826045999999998,179.84496
1508954294000.0,241200,43.0025809547379,-78.7987896437076,17.042265,180.35448
1508954295000.0,242200,43.00242719747661,-78.7987919288683,17.039104000000002,180.09596000000005
1508954296000.0,243200,43.002274123364,-78.79879182632806,16.997989999999998,179.90868
1508954297000.0,244200,43.00212279310528,-78.79879136030819,16.705227,179.96452
1508954298000.0,245200,43.00197546835271,-78.79878989634746,16.189234,180.23593
1508954299000.0,246200,43.00183177045514,-78.79878774302118,15.919382,179.6074
1508954300000.0,247200,43.001692037530965,-78.7987840190894,15.520496,179.59767
1508954301000.0,248200,43.00155649800973,-78.79877912564274,15.076620000000002,178.27289
1508954302000.0,249200,43.001426273332996,-78.7987699180337,14.390135999999998,176.62558
1508954303000.0,250200,43.001301827171574,-78.79875711107995,13.779112,175.70987
1508954304000.0,251200,43.0011820230693,-78.7987446872597,13.236664,176.0136
1508954305000.0,252200,43.00106784478427,-78.79873606840764,12.309749,176.46854
1508954306000.0,253200,43.000962582310784,-78.798730735652,11.182094,177.33975
1508954307000.0,254200,43.00086887615952,-78.79872883613737,9.564916,178.4589
1508954308000.0,255200,43.000789520527924,-78.79872978750713,7.780029300000002,179.37263000000004
1508954309000.0,256200,43.00072605488963,-78.79873159479996,6.297022,179.87347
1508954310000.0,257200,43.000676352521154,-78.79873459730928,4.807222,179.99771
1508954311000.0,258200,43.000636859650704,-78.79873847751028,4.2934427,184.15828
1508954312000.0,259200,43.000605886596574,-78.79874079170378,2.785389,175.63283
1508954313000.0,260200,43.00058583583906,-78.79874046310292,1.9361503,178.52374
1508954314000.0,261200,43.00057260564808,-78.79874159528839,1.2054788,180.43222
1508954339000.0,286200,43.000562261468886,-78.7987414463332,0.81661296,133.65143999999998
1508954342000.0,289200,43.000552694023625,-78.79874090268471,0.7098566,155.70805
1508954344000.0,291200,43.0005426629096,-78.79874171770774,0.0,77.85403000000002
1508954350000.0,297200,43.000514068493736,-78.79874159472648,3.199743,178.22939
1508954351000.0,298200,43.00047748784503,-78.79873923012397,4.773287,182.42911
1508954352000.0,299200,43.000432142868156,-78.79873349665219,4.8661494,172.44733
1508954353000.0,300200,43.000384958782426,-78.79872752446242,5.156861,178.80028
1508954354000.0,301200,43.000334719251306,-78.79872578934405,5.541411,180.01022
1508954355000.0,302200,43.00028362385058,-78.7987270634847,5.5959062999999984,181.21758
1508954356000.0,303200,43.00023440403943,-78.79873035026905,5.2517010000000015,182.70015
1508954357000.0,304200,43.00018910369559,-78.7987311559995,4.5857544,176.37465
1508954358000.0,305200,43.000146297276494,-78.79872359834035,4.529795,167.6916
1508954359000.0,306200,43.000102864002464,-78.79870266965254,5.445073000000002,154.65152
1508954360000.0,307200,43.00005623598034,-78.79866030611241,6.6707826,139.49345
1508954361000.0,308200,43.000007652561024,-78.7985949097305,7.8986177,129.84183000000002
1508954362000.0,309200,42.99997255674042,-78.79850382782553,8.417074000000001,109.784996
1508954363000.0,310200,42.99995893190632,-78.79839122790109,9.33151,93.07588
1508954364000.0,311200,42.99996050617971,-78.79826354946084,10.301919,85.76711
1508954365000.0,312200,42.9999684317931,-78.79812764846329,10.414245,83.27892
1508954366000.0,313200,42.99997765678357,-78.7979931069939,10.583466,84.799965
1508954367000.0,314200,42.99998286818318,-78.79785797678257,10.554319,87.29007
1508954368000.0,315200,42.99998596729039,-78.79772510294319,10.399512,88.38843
1508954369000.0,316200,42.99998736568055,-78.79759406868929,10.367467,88.26284
1508954370000.0,317200,42.9999870990069,-78.79745947371902,10.830951,89.617325
1508954371000.0,318200,42.99998530231026,-78.79731934836241,11.589552,92.42384
1508954372000.0,319200,42.99998271945304,-78.79717379054807,12.0658865,91.266335
1508954373000.0,320200,42.99998000769972,-78.79701784523967,13.058957,90.639
1508954374000.0,321200,42.99997605713065,-78.79685181625409,13.842485,90.21219
1508954375000.0,322200,42.999971601893165,-78.79667705661723,14.460624,90.5129
1508954376000.0,323200,42.9999681520021,-78.79649800356809,14.507624,90.88675
1508954377000.0,324200,42.99996426516862,-78.79631445225067,14.999605,90.43636
1508954378000.0,325200,42.99996165919318,-78.79613278881479,14.560817000000002,90.15858
1508954379000.0,326200,42.999960071366814,-78.79595780213042,14.090688,89.97144
1508954380000.0,327200,42.99996024886794,-78.79578705289403,14.028893,89.09469
1508954381000.0,328200,42.99996080952561,-78.79561981944705,13.674902,90.00676
1508954382000.0,329200,42.99996093799134,-78.79545864873532,12.975203,90.22048
1508954383000.0,330200,42.99996261508829,-78.7953073464887,12.1012945,89.50663
1508954384000.0,331200,42.99996474927023,-78.7951683245456,11.066809,89.40884399999999
1508954385000.0,332200,42.99996676227757,-78.7950414171009,10.026406,90.16362
1508954386000.0,333200,42.999967256828356,-78.79492847918691,9.001718499999997,90.22107
1508954387000.0,334200,42.999967699764944,-78.79482834249356,7.955355,90.01531
1508954388000.0,335200,42.9999666517772,-78.79474029582423,6.769377,91.60091
1508954389000.0,336200,42.999965261039456,-78.79466658121045,5.4011846,88.51885
1508954390000.0,337200,42.99996424902691,-78.79460871332634,4.2978363,87.66346999999998
1508954391000.0,338200,42.99996178410525,-78.79456398714709,3.14969,97.06295
1508954392000.0,339200,42.999956908047075,-78.79453301482091,2.050815,90.73346
1508954393000.0,340200,42.99995348803713,-78.79451438901027,1.1594322,88.04098499999998
1508954401000.0,348200,42.999955161847275,-78.79449982874429,0.928294,50.87225
1508954402000.0,349200,42.99995866460878,-78.79448043561631,1.8931532,50.87225
1508954403000.0,350200,42.999960953597146,-78.79445043223156,2.3252504000000003,89.27316
1508954404000.0,351200,42.999961584507744,-78.79442456066482,1.4589766000000002,97.79585
1508954405000.0,352200,42.99996167579297,-78.79441106599769,0.0,48.897926
1508954409000.0,356200,42.99996330376935,-78.79439510495877,1.6074034,66.38505
1508954410000.0,357200,42.99996361658278,-78.79437017866195,1.8884754,66.38505
1508954411000.0,358200,42.999964354777745,-78.79434891922462,1.0944773,66.38505
1508954418000.0,365200,42.99996670941693,-78.79433451427703,0.7688471,61.820744
1508954419000.0,366200,42.99996854536902,-78.79431917122196,1.5156903,61.820744
1508954420000.0,367200,42.99997315819542,-78.7942927739368,2.7090573,75.21219
1508954421000.0,368200,42.99998683119308,-78.79425457055704,4.170568,55.516888
1508954422000.0,369200,43.000015737680215,-78.79421205138856,5.332379,40.05983
1508954423000.0,370200,43.00006257480012,-78.79417245717106,6.800007000000001,21.484674
1508954424000.0,371200,43.000124489807455,-78.79414762054671,8.156121,11.178118
1508954425000.0,372200,43.00020178367201,-78.79413103918485,9.184899,4.803049
1508954426000.0,373200,43.00029073723713,-78.79412223880831,10.157647,1.6482147
1508954427000.0,374200,43.000387102880104,-78.79412012979061,10.779977,359.65314
1508954428000.0,375200,43.00049057691961,-78.79412441055676,11.483338,358.4431
1508954429000.0,376200,43.000598968194936,-78.79413195188586,11.994029,358.38394
1508954430000.0,377200,43.00070652254689,-78.7941380648322,11.649381,359.12518
1508954431000.0,378200,43.00080725408611,-78.79413419877041,10.821215,6.950319
1508954432000.0,379200,43.00090420343999,-78.79411465196813,10.914629,11.148645
1508954433000.0,380200,43.00099607899203,-78.79407562433349,10.499872,22.772018
1508954434000.0,381200,43.001080554099076,-78.79401887933048,10.166445,29.937769
1508954435000.0,382200,43.00115481621609,-78.79395560892813,9.001402,35.014904
1508954436000.0,383200,43.001211617928384,-78.7938935036197,7.0569630000000005,42.95296
1508954437000.0,384200,43.001245429331185,-78.79383261274377,5.5159245000000015,61.683804
1508954438000.0,385200,43.00125363151643,-78.79377638661512,4.3620047999999985,87.4927
1508954439000.0,386200,43.00124377590189,-78.79372242250494,4.4251266,115.112144
1508954440000.0,387200,43.00121895615139,-78.79367597358262,4.479091,132.19337
1508954441000.0,388200,43.00118825108076,-78.79363430496336,4.4501038,133.23093
1508954442000.0,389200,43.00115900937696,-78.79358532989228,4.846311599999999,125.09749
1508954443000.0,390200,43.001143370230274,-78.7935238444184,5.8736067,97.55358
1508954444000.0,391200,43.00115302339322,-78.79344863225222,6.7263293000000015,64.97059
1508954445000.0,392200,43.001188813506545,-78.79337507009578,7.900942999999999,44.882538
1508954446000.0,393200,43.001242370029786,-78.79330593067941,8.555473,40.839237
1508954447000.0,394200,43.00130117599125,-78.79323567566121,8.806222,40.967705
1508954448000.0,395200,43.0013545936798,-78.7931570344981,8.6223545,48.04623400000001
1508954449000.0,396200,43.00140015270849,-78.79307351297534,8.350423,60.496426
1508954450000.0,397200,43.001428238514755,-78.79297924298339,8.057378,72.508514
1508954451000.0,398200,43.0014420895025,-78.79288621537528,7.89797,87.533775
1508954452000.0,399200,43.00144448850386,-78.79279060508475,7.8474894,90.52339
1508954453000.0,400200,43.00144504590286,-78.7926947871958,7.930801,92.436554
1508954454000.0,401200,43.00144282631281,-78.79259708421246,8.107880999999999,92.96208
1508954455000.0,402200,43.00144109823372,-78.79249737876782,8.125091000000001,92.15804
1508954456000.0,403200,43.001439879514244,-78.79239579927095,8.295691,90.274124
1508954457000.0,404200,43.00144361137409,-78.79229417593571,8.317892,87.6296
1508954458000.0,405200,43.001447591540575,-78.79218858330506,8.614106,87.66085
1508954459000.0,406200,43.00144819290598,-78.79207830582041,8.952195,91.38026
1508954460000.0,407200,43.001445738174006,-78.7919667461681,8.948119,92.90704
1508954461000.0,408200,43.00144425719957,-78.79185742856835,8.758979,91.07907
1508954462000.0,409200,43.00144226066802,-78.79174578062928,8.971521000000003,92.07138
1508954463000.0,410200,43.001440077115575,-78.7916348516102,9.000685,92.67526
1508954464000.0,411200,43.00143978543621,-78.79152493336747,9.130471,91.02714
1508954465000.0,412200,43.00143879865349,-78.79141318648854,9.285613,92.22735
1508954466000.0,413200,43.00144038078261,-78.7913027323827,9.045259,88.8904
1508954467000.0,414200,43.001442851814616,-78.79119574907655,8.669456,89.61085
1508954468000.0,415200,43.00144509947568,-78.79109561529177,8.206006,90.38685
1508954469000.0,416200,43.00144682473254,-78.79099924092922,8.056227999999999,89.04168
1508954470000.0,417200,43.00145024005148,-78.79090034862725,8.366635,87.78729
1508954471000.0,418200,43.001451322343826,-78.79079741701003,8.625836999999999,90.26434
1508954472000.0,419200,43.00145217789405,-78.7906918339091,8.596368,90.49243
1508954473000.0,420200,43.00145364427424,-78.79058548861164,8.518408,90.94926
1508954474000.0,421200,43.00145757787896,-78.79048715024443,7.9015265,89.90129
1508954475000.0,422200,43.00146041385316,-78.79039672603868,7.251953,91.02772
1508954476000.0,423200,43.00146284626822,-78.79031282835967,6.680831,89.34948
1508954477000.0,424200,43.0014659354659,-78.7902315364478,6.673688,88.83547
1508954478000.0,425200,43.00146927112234,-78.79014913019945,6.8885922000000015,88.50043000000002
1508954479000.0,426200,43.0014722420134,-78.79006120006139,7.365674,87.71105
1508954480000.0,427200,43.001475673949344,-78.78996740496629,7.657722,86.20768000000002
1508954481000.0,428200,43.00149312431924,-78.78987327462191,7.7020235,83.72060400000002
1508954482000.0,429200,43.00150765410991,-78.78977896195569,7.787986999999998,85.22180999999998
1508954483000.0,430200,43.00151687837222,-78.78968392084872,7.891420399999999,86.07796
1508954484000.0,431200,43.0015196427735,-78.78958440568573,8.092031,88.75399999999998
1508954485000.0,432200,43.00152027307167,-78.78948418619329,7.892858500000001,86.33308000000002
1508954486000.0,433200,43.001523981919156,-78.7893854813358,7.614795699999998,81.40994
1508954487000.0,434200,43.00153465949597,-78.78929415550853,7.4253589999999985,73.28533
1508954488000.0,435200,43.00155186054103,-78.7892074786418,7.337950699999999,64.12305
1508954489000.0,436200,43.00157975772932,-78.78913036430778,7.616267999999999,56.054153
1508954490000.0,437200,43.001618324259454,-78.78905792129744,7.579255,47.38751
1508954491000.0,438200,43.00165776944861,-78.78898638182301,7.358224400000001,53.727695
1508954492000.0,439200,43.001692851256884,-78.78891716360414,6.5165370000000005,53.24413000000001
1508954493000.0,440200,43.001719078864745,-78.7888496629887,6.208249,62.27565799999999
1508954494000.0,441200,43.00173706323435,-78.78878305163546,6.1267285000000005,70.78251
1508954495000.0,442200,43.001745533606055,-78.78870747262584,6.4688053,81.31268
1508954496000.0,443200,43.00174666773364,-78.78862890718395,6.6057467,88.38316
1508954497000.0,444200,43.00174380055235,-78.78854730480899,6.7881160000000005,91.90732
1508954498000.0,445200,43.00173978850811,-78.78847025838611,6.48531,91.1451
1508954499000.0,446200,43.00173776984986,-78.78839185041399,6.628995,90.638016
1508954500000.0,447200,43.00172963623341,-78.78830811824804,6.8817205,95.76232
1508954501000.0,448200,43.00172247033085,-78.78822252893654,7.072527,95.14979
1508954502000.0,449200,43.00171663486152,-78.78813509969257,7.0789037,94.81787
1508954503000.0,450200,43.00171371918106,-78.78805234747769,6.580633,93.87512
1508954504000.0,451200,43.00171557259928,-78.78798073286386,5.5334635,89.59748
1508954505000.0,452200,43.001718484802964,-78.78792243749555,4.1533685,89.15079
1508954506000.0,453200,43.00172132806842,-78.7878814370229,2.8474827,93.064545
1508954507000.0,454200,43.001722954262775,-78.78785371110565,2.0040944,87.286514
1508954508000.0,455200,43.001726112753744,-78.78783116840113,1.8357366,82.52551
1508954509000.0,456200,43.0017293728341,-78.78780499778945,2.3396473,86.17125
1508954510000.0,457200,43.001730799868355,-78.78776889751558,3.0701377,85.9535
1508954511000.0,458200,43.00172921742092,-78.78772555637636,3.6381252,97.43397
1508954512000.0,459200,43.00173099396983,-78.78766444970373,5.1646155999999985,85.09443
1508954513000.0,460200,43.00173561609891,-78.78759497831705,5.5959816,84.53828399999998
1508954514000.0,461200,43.00174022740725,-78.78751920590571,6.0343432,85.288605
1508954515000.0,462200,43.001744078881465,-78.78744171174597,6.0269080000000015,85.67576
1508954516000.0,463200,43.0017448557571,-78.78736665190766,5.921275,88.34812
1508954517000.0,464200,43.00174749919958,-78.7872870097802,6.134071,87.67623
1508954518000.0,465200,43.001742964472896,-78.78720724951476,6.05006,91.676636
1508954519000.0,466200,43.00174777019878,-78.78713420360205,5.7162924,88.469666
1508954520000.0,467200,43.00175281073132,-78.7870595729256,5.782394,87.865555
1508954521000.0,468200,43.00175163336864,-78.78698718075441,5.7997227,88.29725
1508954522000.0,469200,43.001742498054384,-78.78691568073793,5.7402425,90.45545
1508954523000.0,470200,43.00175016229784,-78.78684421196576,5.659035,90.2549
1508954524000.0,471200,43.00177173084808,-78.78678291882902,5.665097,88.842926
1508954525000.0,472200,43.00179168092518,-78.786707887999,5.755192299999999,91.07252
1508954526000.0,473200,43.00178338651343,-78.7866175499241,5.914198000000002,92.57487
1508954527000.0,474200,43.00177581013028,-78.78652999141586,6.1550894,94.80231
1508954528000.0,475200,43.00176575120515,-78.78644874524238,5.8358645,94.04421
1508954529000.0,476200,43.001756460284774,-78.7863770740253,5.099756200000002,92.8237
1508954530000.0,477200,43.001748536570396,-78.78631473655321,4.439071,93.47708
1508954531000.0,478200,43.00174009107514,-78.78626070098444,4.2844872,99.00072
1508954532000.0,479200,43.001732493585926,-78.78620828090602,4.283425299999998,94.233955
1508954533000.0,480200,43.001725597351026,-78.78615337129898,4.4215374,92.31203
1508954534000.0,481200,43.001716206035745,-78.78609548784388,4.4642415,94.51679
1508954535000.0,482200,43.001700567908074,-78.78603295473258,4.536277,101.81919
1508954536000.0,483200,43.001683813777845,-78.78597038754694,4.884508,107.52191
1508954537000.0,484200,43.001665872499075,-78.78591033782102,4.9213867,110.431915
1508954538000.0,485200,43.001647051423035,-78.78585441183981,4.4471793,116.351234
1508954539000.0,486200,43.00162937344842,-78.7858081514257,3.9079251,121.28481
1508954540000.0,487200,43.00161241816432,-78.78576888950506,3.263257,125.23819
1508954541000.0,488200,43.001593844448,-78.78573246709081,3.1309223,126.75253
1508954542000.0,489200,43.001578429631394,-78.78570443956656,2.5604126,129.61748
1508954543000.0,490200,43.00156580133845,-78.78568258966209,2.292355,127.29966
1508954544000.0,491200,43.00155457983266,-78.78566482701922,2.5307665,129.81978
1508954545000.0,492200,43.001541290091716,-78.78564480859067,2.6667101000000004,135.21936000000002
1508954546000.0,493200,43.001523907366504,-78.7856283786137,2.7538853,138.74397
1508954547000.0,494200,43.00150063928546,-78.7856069025164,2.847265,139.00903
1508954548000.0,495200,43.001473444745635,-78.7855782318899,3.1603491000000004,140.01783999999998
1508954549000.0,496200,43.0014443514052,-78.7855410200026,3.4668422,138.27255
1508954550000.0,497200,43.001416517435636,-78.7855101885627,3.449514,140.07085
1508954551000.0,498200,43.00139173951074,-78.78548596376412,3.143733,144.35674
1508954552000.0,499200,43.00136749323236,-78.78546363319455,3.1513135,147.46414
1508954553000.0,500200,43.00134319281804,-78.78543965251606,3.3015108,145.33122
1508954554000.0,501200,43.001316712581605,-78.7854162584194,3.6877694,153.66898999999995
1508954555000.0,502200,43.00128680934184,-78.78539600795612,3.5757036,156.80261000000004
1508954556000.0,503200,43.00125341482253,-78.78537902223128,3.906783,163.04047
1508954557000.0,504200,43.00121926211988,-78.78536534815949,3.8470513999999993,167.6231
1508954558000.0,505200,43.00118618081301,-78.78535294094448,3.859686,169.09548999999996
1508954559000.0,506200,43.00114870606525,-78.78535016409162,4.3952417,175.52692
1508954560000.0,507200,43.00111193943861,-78.78535038733945,4.450085,176.51692
1508954561000.0,508200,43.00107579825473,-78.78535113415127,4.6299877,178.68565
1508954562000.0,509200,43.00103522397316,-78.78535302693528,4.6867557,180.77179
1508954563000.0,510200,43.0009951411205,-78.78535511319522,4.7717447,181.61804
1508954564000.0,511200,43.0009546967806,-78.78535634711406,4.8066316,180.74646
1508954565000.0,512200,43.00091339343262,-78.78535640174574,4.8149533,181.1015
1508954566000.0,513200,43.00087433724991,-78.78535568005967,4.3753877,181.16548
1508954567000.0,514200,43.00084033141128,-78.78535457681855,3.6097434,177.94833
1508954568000.0,515200,43.00081278865344,-78.78535116251606,2.8297357999999995,180.0632
1508954569000.0,516200,43.0007953819585,-78.78534801707366,1.7519845,177.67836
1508954570000.0,517200,43.00078377622669,-78.78534426322352,0.96899265,180.15996
1508954588000.0,535200,43.00076731905137,-78.78534681443895,1.6505772,203.02046
1508954589000.0,536200,43.000750751527335,-78.78534556526479,2.251052,176.1175
1508954590000.0,537200,43.000726794328706,-78.78534349747609,3.0508275,176.19624
1508954591000.0,538200,43.00069786225749,-78.78534461844403,3.4792078,184.05217
1508954592000.0,539200,43.000666465460526,-78.78534570937187,3.4801073,177.10562
1508954593000.0,540200,43.000633448761604,-78.78534530515437,3.8261569,176.07352
1508954594000.0,541200,43.000598203872116,-78.78534758496755,4.007466,180.29666
1508954595000.0,542200,43.000564209760704,-78.78535141439322,3.6276386,181.42615
1508954596000.0,543200,43.00053618882897,-78.78535030465781,2.9464939,172.46461000000005
1508954597000.0,544200,43.00051188792281,-78.7853462984336,2.6507409,168.02815
1508954598000.0,545200,43.000487460631774,-78.78534132655291,2.7686324,170.23068
1508954599000.0,546200,43.00046185342978,-78.78534031499645,2.8523233,172.54834
1508954600000.0,547200,43.00043567957066,-78.78534091117436,2.7905579,175.43558000000004
1508954601000.0,548200,43.000410969115705,-78.78534120931606,2.6777768,174.31761
1508954602000.0,549200,43.0003859761638,-78.78533693889362,2.685315,170.17838
1508954603000.0,550200,43.00036147100082,-78.78533702330293,2.893848,174.40884
1508954604000.0,551200,43.00033331524397,-78.78534463473095,3.0356302000000004,180.32193
1508954605000.0,552200,43.000306286532705,-78.7853502156327,2.9038367000000003,183.08603
1508954606000.0,553200,43.00027554679218,-78.78535683751156,3.1962268,184.43854
1508954607000.0,554200,43.000239773750884,-78.78536063608803,3.4953833,186.33302
1508954608000.0,555200,43.00019972381339,-78.78536800488776,4.1645184,188.37642
1508954609000.0,556200,43.00015692031848,-78.78537740266245,4.873942,189.21136
1508954610000.0,557200,43.00010967047394,-78.78538707908095,5.0553155,188.04744
1508954611000.0,558200,43.00005979912097,-78.78539627607285,5.1440782999999985,189.044
1508954612000.0,559200,43.00001904490343,-78.78540320471423,4.178876399999999,184.1124
1508954613000.0,560200,42.99998619378066,-78.78540636689529,2.7730740000000003,179.42444
1508954614000.0,561200,42.9999669043254,-78.78540876598039,1.5965868,182.2593
1508954615000.0,562200,42.9999545007924,-78.78541661334721,1.1163297,183.46387
1508954616000.0,563200,42.999942770204584,-78.785426566934,1.2084427,184.91809
1508954617000.0,564200,42.999929179056,-78.78543308415472,1.5472848,181.29152
1508954618000.0,565200,42.99990852609468,-78.78543853225956,2.5151727000000004,182.59836
1508954619000.0,566200,42.99988493880722,-78.78544350024191,3.0426803,187.9476
1508954620000.0,567200,42.999860677146906,-78.78545350716482,3.2898424,201.33667
1508954621000.0,568200,42.99983687116429,-78.78547445543526,3.5731564,212.73611
1508954622000.0,569200,42.99982021349264,-78.78551437722179,3.9378724,241.15308
1508954623000.0,570200,42.99981068215232,-78.78556707791424,5.320093,258.94083
1508954624000.0,571200,42.999807853093856,-78.78563508798423,6.315376799999999,265.52747
1508954625000.0,572200,42.999808202906536,-78.78570824199427,7.181819,272.931
1508954626000.0,573200,42.999810385008935,-78.78578910524666,7.6718717,274.18652000000003
1508954627000.0,574200,42.99981628378296,-78.7858756510728,7.107785000000002,275.38345
1508954628000.0,575200,42.999823872704326,-78.78595739294626,6.4330196,274.1676
1508954629000.0,576200,42.99982794761239,-78.78602958135737,5.5120387000000015,272.43436
1508954630000.0,577200,42.99983138436455,-78.78609442717027,4.9379325,269.80307
1508954631000.0,578200,42.999832628782265,-78.78615344738344,4.805827,269.678
1508954632000.0,579200,42.999835876682965,-78.78620745567319,4.385868,274.76212000000004
1508954633000.0,580200,42.99983673667072,-78.78625464725405,3.9888608,272.38275
1508954634000.0,581200,42.9998379772866,-78.78629310974367,3.0528133,282.8617
1508954635000.0,582200,42.99983638211853,-78.78631460433056,1.5031089,281.7928
1508954639000.0,586200,42.99982143738706,-78.78632852973831,0.7378863,228.48781
1508954640000.0,587200,42.99981378351408,-78.78634250279015,1.4851242,228.48781
1508954641000.0,588200,42.99981069731739,-78.78637001229119,2.4024252999999995,275.8973
1508954642000.0,589200,42.99981194229227,-78.78640608557548,3.0693898,280.19675
1508954643000.0,590200,42.99981647339557,-78.78644579941556,3.0117807,282.8321200000001
1508954644000.0,591200,42.99982110756417,-78.78648521851,2.7276561000000004,278.95937999999995
1508954645000.0,592200,42.999824721453066,-78.78651744742581,2.1620615,274.34595
1508954646000.0,593200,42.999827474446754,-78.78654064518614,1.4201548000000002,278.00307999999995
1508954647000.0,594200,42.99982567176172,-78.78656377754741,1.088272,276.09213
1508954648000.0,595200,42.99982381082568,-78.78658127116172,1.040994,283.78323
1508954649000.0,596200,42.999826673997916,-78.78660328479188,1.681413,298.26706
1508954650000.0,597200,42.999834546257546,-78.78663768819061,2.7503182999999995,305.26175
1508954651000.0,598200,42.99984731384762,-78.78668207974096,3.6056511,302.39636
1508954652000.0,599200,42.999861530748866,-78.78673898031631,4.1898136,300.00284
1508954653000.0,600200,42.99988441636669,-78.7868113953728,5.1035580000000005,300.27383
1508954654000.0,601200,42.999913718898135,-78.78689397339639,6.0186205,300.26584
1508954655000.0,602200,42.999943818744974,-78.78697777582222,6.019646,298.47287
1508954656000.0,603200,42.99997215779987,-78.78705770142247,6.001197,297.71173
1508954657000.0,604200,42.99999816473989,-78.78713401374449,5.7652,296.43073
1508954658000.0,605200,43.0000234951395,-78.78720040780021,5.5296707000000005,296.14737
1508954659000.0,606200,43.00004427285226,-78.78725139197537,4.721955,296.57315
1508954660000.0,607200,43.00006238432703,-78.78729736751175,4.3357043,297.4332
1508954661000.0,608200,43.00006762020121,-78.7873244939047,2.8882883,288.5221
1508954662000.0,609200,43.00007558013383,-78.78735826160349,1.8451909,279.35626
1508954663000.0,610200,43.00008422266177,-78.78738928035338,2.29692,281.18967000000004
1508954664000.0,611200,43.00009182539626,-78.78742118338664,2.8734272,283.55798
1508954665000.0,612200,43.000111028247424,-78.78745985518981,2.9191968,289.6774
1508954666000.0,613200,43.00011907210946,-78.7874870063682,2.3313222,288.2838
1508954667000.0,614200,43.00012808704161,-78.7875048717958,0.25878662,281.84653
1508954668000.0,615200,43.00013446188076,-78.78751847004347,0.09707214,323.91226
1508954671000.0,618200,43.00013112904867,-78.78753660585387,0.77434564,276.1994
1508954672000.0,619200,43.00013446188076,-78.78751847004347,0.0,276.1994
1508954677000.0,624200,43.00013684586546,-78.7875449203359,1.0308998,276.1994
1508954678000.0,625200,43.0001392661267,-78.78758029902616,2.1045587,270.50085
1508954679000.0,626200,43.00014413559287,-78.78762385454571,2.8137896,270.4926
1508954680000.0,627200,43.00015459093793,-78.78766583590706,3.3870015,274.42343
1508954681000.0,628200,43.00015966225526,-78.78771970894901,3.8355172,276.5864
1508954682000.0,629200,43.000171262692994,-78.78776730425697,3.9079232,277.6234
1508954683000.0,630200,43.00017414353647,-78.78782409352334,4.4887,274.29602
1508954684000.0,631200,43.000174100699844,-78.78788680195335,5.4854650000000005,271.42368
1508954685000.0,632200,43.00017432774646,-78.78795819356284,6.064187,269.44562
1508954686000.0,633200,43.000173973180026,-78.78803433041402,5.9463205000000015,269.221
1508954687000.0,634200,43.00017308985887,-78.78810824083175,6.0087975999999985,268.72293
1508954688000.0,635200,43.00017181163866,-78.78818065920089,5.780784,269.25186
1508954689000.0,636200,43.000172173225145,-78.78825503140588,5.597897,271.09952000000004
1508954690000.0,637200,43.00017009089936,-78.78832611206153,5.331338,270.65598
1508954691000.0,638200,43.00016963192407,-78.78839716529893,5.915903,270.63867
1508954692000.0,639200,43.00017771547957,-78.788469681867,6.0947785,284.1162
1508954693000.0,640200,43.00019126039561,-78.7885457873649,6.233012,288.2363
1508954694000.0,641200,43.00019682133582,-78.7886211035996,6.3809323,292.9076
1508954695000.0,642200,43.00021656416581,-78.78869342451705,6.3226547,300.67523
1508954696000.0,643200,43.000240003830406,-78.78877190487957,6.6869397,305.94632
1508954697000.0,644200,43.00027205774008,-78.78885037954672,6.5812550000000005,308.12653
1508954698000.0,645200,43.00031163201684,-78.78893190517698,6.935510000000002,308.6202
1508954699000.0,646200,43.00035200571657,-78.78901149731625,7.0242830000000005,301.69562
1508954700000.0,647200,43.00038020195999,-78.78909407625272,7.352425599999999,289.0375
1508954701000.0,648200,43.00039210886518,-78.7891755673514,6.1912336,274.64047
1508954702000.0,649200,43.00038970790872,-78.78925194066953,5.821461,260.40472
1508954703000.0,650200,43.00038063288312,-78.78932072468105,5.5971384,250.19516
1508954704000.0,651200,43.00036502986216,-78.78938262841041,6.0503415999999985,243.42256
1508954705000.0,652200,43.000340654049204,-78.78944581004319,6.0588803,239.1779
1508954706000.0,653200,43.00030416539974,-78.78950845415058,6.6183777,225.75006
1508954707000.0,654200,43.00025442783201,-78.7895538591044,7.2147320000000015,204.11162
1508954708000.0,655200,43.000189220052775,-78.78957732442875,7.911089,188.48387
1508954709000.0,656200,43.00011208853727,-78.7895787847456,8.291839,177.96184
1508954710000.0,657200,43.00003239303631,-78.78956767764494,8.394094,175.47646
1508954711000.0,658200,42.99995140701365,-78.78955577970608,8.418026,176.95363999999995
1508954712000.0,659200,42.999868230505726,-78.78954763190535,8.6188545,179.63933
1508954713000.0,660200,42.99978766858537,-78.78955316057363,8.050018,187.0226
1508954714000.0,661200,42.99971641037146,-78.78957781698753,7.7505856,203.9491
1508954715000.0,662200,42.99965936188212,-78.78963118763149,7.8958883,226.97661
1508954716000.0,663200,42.99961195662739,-78.78970854877646,8.180119,238.77554
1508954717000.0,664200,42.99957637771845,-78.78979663767902,8.251771000000002,249.63257
1508954718000.0,665200,42.99955320712107,-78.78989666438396,8.959275,258.8418
1508954719000.0,666200,42.999535872070865,-78.79001059357701,9.562254,263.3062
1508954720000.0,667200,42.99952833265316,-78.79013410944003,10.430672,268.21707000000004
1508954721000.0,668200,42.9995298761562,-78.79027253232826,12.160258,273.05862
1508954722000.0,669200,42.999534391743815,-78.79042214810465,12.521686,273.00864
1508954723000.0,670200,42.999536914024254,-78.79057348401379,12.317233,272.98737
1508954724000.0,671200,42.999533785965795,-78.79070469251931,11.236391,270.90906
1508954725000.0,672200,42.99952878696072,-78.7908297619986,10.492754,269.04764
1508954726000.0,673200,42.999531440078705,-78.79095502654586,10.04639,266.02835
1508954727000.0,674200,42.9995334291269,-78.79108306981294,10.038082,267.285
1508954728000.0,675200,42.999536054270266,-78.79121280777207,10.254366,268.12173
1508954729000.0,676200,42.9995406048073,-78.79134478297075,10.34393,269.14963
1508954730000.0,677200,42.9995538349004,-78.79147808428995,10.359247,271.26834
1508954731000.0,678200,42.99956457628254,-78.7916035238095,10.104729,271.5194
1508954732000.0,679200,42.999570657953015,-78.79172888867858,10.030742,270.9624
1508954733000.0,680200,42.999572575691296,-78.79184704413403,9.508882,269.90637000000004
1508954734000.0,681200,42.99957099032925,-78.7919595004886,8.911,269.49866000000003
1508954735000.0,682200,42.99957071349144,-78.79206477177003,8.221248,271.61652000000004
1508954736000.0,683200,42.99957159776535,-78.7921613775304,7.8882527,274.3043
1508954737000.0,684200,42.999569569494284,-78.79225305666216,7.56129,275.99344
1508954738000.0,685200,42.999576081178894,-78.792343476594,7.641092299999999,281.45206
1508954739000.0,686200,42.99959219304182,-78.79243505101577,7.695997999999999,292.4522
1508954740000.0,687200,42.99962035120162,-78.79251388704837,6.6761794000000005,306.29413
1508954741000.0,688200,42.99965100144173,-78.79256280856809,4.7144694000000005,319.4706
1508954742000.0,689200,42.999674858052146,-78.79257925492973,2.3453321,329.40878
1508954743000.0,690200,42.99968929557439,-78.79257653094321,1.2436941,354.216
1508954746000.0,693200,42.99970980389552,-78.79258600501926,2.5471597000000004,340.09265
1508954747000.0,694200,42.99973547908803,-78.79259804239797,4.2754188,347.66577
1508954748000.0,695200,42.999776520736894,-78.79260811247885,5.078732,353.7499
1508954749000.0,696200,42.99982108070058,-78.79261480651735,4.5676446,352.166
1508954750000.0,697200,42.999857357311946,-78.79261827955057,3.365443,357.3151
1508954751000.0,698200,42.999884319665725,-78.7926153751723,2.413517,5.298612
1508954752000.0,699200,42.99989820826367,-78.79261163358147,0.72999245,351.49326
1508954763000.0,710200,42.9999171972217,-78.79260794415625,2.6107192,358.67975
1508954764000.0,711200,42.99994631930456,-78.79261164757752,4.109079,352.49158
1508954765000.0,712200,42.999988468768045,-78.79262251344103,5.1734147,349.11127
1508954766000.0,713200,43.000036462778255,-78.79264353216811,5.8117704,338.38275
1508954767000.0,714200,43.0000897304342,-78.79268298308163,7.3806796000000015,327.49677
1508954768000.0,715200,43.0001419095788,-78.79274935553931,7.9065,310.03583
1508954769000.0,716200,43.00018531007171,-78.79283661099191,8.366564,297.9685
1508954770000.0,717200,43.00021559616202,-78.79293887148971,9.151376,285.62973
1508954771000.0,718200,43.00023307273454,-78.79306218503994,10.250079,275.14618
1508954772000.0,719200,43.00024003587322,-78.79319452132222,10.7417965,267.26343
1508954773000.0,720200,43.00023915702781,-78.7933243363188,10.298017,266.97922
1508954774000.0,721200,43.00023759729615,-78.7934465735902,9.492688,270.6192
1508954775000.0,722200,43.00024076420129,-78.79355773110797,8.643486,275.86658
1508954776000.0,723200,43.000255085820754,-78.79365733307785,7.7061142999999985,289.75958
1508954777000.0,724200,43.00029021926985,-78.79373863603978,7.533241,311.61163
1508954778000.0,725200,43.00034599076093,-78.79379153620981,7.8716583,332.1785
1508954779000.0,726200,43.00041645824397,-78.79381912784244,7.924848599999999,350.43073
1508954780000.0,727200,43.000493735642394,-78.79382399952728,9.199047,359.05093
1508954781000.0,728200,43.00057821112291,-78.79381573807235,9.883945,2.859116
1508954782000.0,729200,43.00066466757327,-78.79379974661192,9.937599,5.765085
1508954783000.0,730200,43.000750441672494,-78.79378196229563,9.344212,7.4169583
1508954784000.0,731200,43.00083240794507,-78.7937582841657,8.952556,14.165389
1508954785000.0,732200,43.00090869166303,-78.79371822305895,8.498083,24.967539
1508954786000.0,733200,43.00097781126116,-78.79366491770072,8.338094,32.79273
1508954787000.0,734200,43.00104053009829,-78.79360711926914,7.669975999999999,35.941586
1508954788000.0,735200,43.00109867512244,-78.79355875552392,6.886112,24.758635
1508954789000.0,736200,43.00115668429815,-78.793539056145,5.8727946,1.4666488000000002
1508954790000.0,737200,43.0012063372824,-78.79355185855506,5.4036703,330.7781700000001
1508954791000.0,738200,43.001243670946465,-78.79359004696589,4.979585,316.13538
1508954792000.0,739200,43.001271036219904,-78.79363251921326,3.6173024,308.9667
1508954793000.0,740200,43.00128636204458,-78.79366463033048,1.9648551,304.8872
1508954794000.0,741200,43.0012916049285,-78.79367918055074,0.5898411,297.1988
1508954797000.0,744200,43.00128665882449,-78.79370534618505,2.476948,295.93912
1508954798000.0,745200,43.00127939452055,-78.7937488546609,4.5577583,259.82245
1508954799000.0,746200,43.001265378404156,-78.79381798446089,6.691476,248.62976
1508954800000.0,747200,43.00123285400278,-78.79390342938358,8.433748,234.20207
1508954801000.0,748200,43.001172073133574,-78.79399050102684,9.90401,219.92561
1508954802000.0,749200,43.00108933975421,-78.79407272556337,11.321882,212.77242
1508954803000.0,750200,43.00099384798582,-78.79414558328541,12.065022,203.00749
1508954804000.0,751200,43.000886045882424,-78.79419659823688,12.451294,194.37518
1508954805000.0,752200,43.00077150086808,-78.79422480503091,12.557699,184.6702
1508954806000.0,753200,43.000653320377594,-78.79423174768667,12.322145,178.99841
1508954807000.0,754200,43.000540091774255,-78.79422562261058,11.986222,176.29443
1508954808000.0,755200,43.00043233394453,-78.79421377854203,11.348604,175.263
1508954809000.0,756200,43.0003359661571,-78.79420235947387,9.807289,176.72081
1508954810000.0,757200,43.00025606701244,-78.79419640164505,7.815417999999998,177.71408
1508954811000.0,758200,43.00020148204529,-78.7941948441837,4.598818,184.51411
1508954812000.0,759200,43.000173187068555,-78.79419253013697,2.2695339,173.59483
1508954816000.0,763200,43.00018183189218,-78.79418678569556,0.44541806,15.005493
1508954820000.0,767200,43.0001597032328,-78.79420074054022,3.5995975,242.65535
1508954821000.0,768200,43.00012898803253,-78.79422906260727,4.7142544,218.06012
1508954822000.0,769200,43.00010005670306,-78.79428322176177,5.8744836,242.29404
1508954823000.0,770200,43.0000856177261,-78.79436007382911,7.0300593,267.43332000000004
1508954824000.0,771200,43.000085634356985,-78.7944593435529,8.389149,272.75397000000004
1508954825000.0,772200,43.00008895565798,-78.79457373113611,9.65231,273.2466
1508954826000.0,773200,43.0000954586989,-78.79470262169227,10.6599245,273.50806
1508954827000.0,774200,43.00010129191739,-78.79484529313402,11.879768,271.95013
1508954828000.0,775200,43.00010550041371,-78.79500163692579,12.775815,271.07974
1508954829000.0,776200,43.00010644849112,-78.7951643239703,13.250246,270.46603
1508954830000.0,777200,43.000108329344386,-78.79533320938994,13.507506,271.2873
1508954831000.0,778200,43.00010800206972,-78.7955015860755,13.217676,268.9068
1508954832000.0,779200,43.00010789082269,-78.79566661384129,13.028396,270.735
1508954833000.0,780200,43.00010961511833,-78.79582552326194,12.183369,270.65466000000004
1508954834000.0,781200,43.00010913151184,-78.79597357293683,11.289479,269.79892
1508954835000.0,782200,43.000107994544365,-78.79610610962594,9.930916,270.66208
1508954836000.0,783200,43.00010905338893,-78.796219897106,8.600489999999999,269.97305
1508954837000.0,784200,43.00010846349252,-78.7963163451871,7.280595,269.58746
1508954838000.0,785200,43.00010739140687,-78.79639136467208,5.24137,271.63055
1508954839000.0,786200,43.000107700775565,-78.79643881700416,3.0169627999999995,273.56415
1508954840000.0,787200,43.00010802828885,-78.79645744146836,0.93515843,284.93707
1508954842000.0,789200,43.000105892126996,-78.79642641137603,1.3408756000000002,51.536983
1508954843000.0,790200,43.00010493480463,-78.79640684998509,0.9557959,81.93632
1508954878000.0,825200,43.00010279176226,-78.79642782836731,2.7193108,299.2579
1508954879000.0,826200,43.000101886704854,-78.79647510011614,4.814471,267.42715
1508954880000.0,827200,43.00010236001168,-78.79654959795137,6.6928678,272.51962000000003
1508954881000.0,828200,43.000104835998364,-78.79664793929585,8.730601,270.91483
1508954882000.0,829200,43.00010628412281,-78.79676689134327,9.888997,269.05832000000004
1508954883000.0,830200,43.000107833466416,-78.79689868177891,11.058267,268.673
1508954884000.0,831200,43.000106307659856,-78.79704369152711,11.880485,268.3464
1508954885000.0,832200,43.000101966529954,-78.79719517665256,12.10714,268.03894
1508954886000.0,833200,43.000096156385915,-78.79735068413899,12.652877,267.22852
1508954887000.0,834200,43.00009201841547,-78.79750808230908,12.741598,269.21738
1508954888000.0,835200,43.00009084073464,-78.79766520102969,12.593461,269.61765
1508954889000.0,836200,43.00009049523936,-78.79782001354828,12.341854,270.1279
1508954890000.0,837200,43.00009111524689,-78.79797148596704,11.782965,270.16278
1508954891000.0,838200,43.00008933851697,-78.79811087290643,10.923356,267.96735
1508954892000.0,839200,43.000088173503016,-78.79823628597347,9.324659,271.43573
1508954893000.0,840200,43.00009008541858,-78.7983426054408,7.7857512999999985,272.1312
1508954894000.0,841200,43.000093024325714,-78.79842817624674,6.1014647,272.6648
1508954895000.0,842200,43.000097169582986,-78.79848880477822,3.9566934,279.85022000000004
1508954896000.0,843200,43.00010175434201,-78.79852224237565,1.8939472,282.8727
1508954900000.0,847200,43.000109426134216,-78.7985124661193,0.5703125,335.54788
1508954901000.0,848200,43.000117513236894,-78.79852195461288,2.713582,315.50732
1508954902000.0,849200,43.00013982045991,-78.79855650350089,5.027786,308.5594
1508954903000.0,850200,43.00017959248661,-78.7986014626634,6.612775,328.95215
1508954904000.0,851200,43.0002424660167,-78.7986375330912,8.444980000000001,344.0313700000001
1508954905000.0,852200,43.00032419957054,-78.79866048243565,10.032796,354.30145
1508954906000.0,853200,43.000424858270904,-78.79866694969802,11.614393,0.07721669
1508954907000.0,854200,43.000541460755215,-78.798666007923,13.2674,1.2837203
1508954908000.0,855200,43.000673298785756,-78.79866395202664,14.713048,0.9614627
1508954909000.0,856200,43.00081313007657,-78.798660080869,15.420876500000002,1.2678832
1508954910000.0,857200,43.00095623215218,-78.79865681079043,16.082037,359.52484
1508954911000.0,858200,43.001102267231566,-78.79865362179707,16.688576,1.099471
1508954912000.0,859200,43.00125124584411,-78.79865222083556,16.527548,359.53165
1508954913000.0,860200,43.001402653726366,-78.79865446305209,17.194656,359.6717
1508954914000.0,861200,43.00155817622405,-78.79865507574202,17.690136,0.052424055
1508954915000.0,862200,43.00171833658445,-78.79865350241914,18.344744,0.24433295
1508954916000.0,863200,43.00188471228122,-78.79865099300581,18.99673,0.3235375
1508954917000.0,864200,43.002056251506005,-78.79864863818298,19.275787,0.26996390000000003
1508954918000.0,865200,43.00223127942886,-78.79864575708443,19.633238,0.21535333
1508954919000.0,866200,43.00240977599345,-78.79864339947234,19.80824,359.98782
1508954920000.0,867200,43.002590021132704,-78.79864183782229,19.868786,0.024847787000000003
1508954921000.0,868200,43.002771336056654,-78.79864242813132,20.09729,359.663
1508954922000.0,869200,43.002952935383604,-78.79864496953617,20.163015,359.2877
1508954923000.0,870200,43.00313393294446,-78.79864645793003,20.074936,359.9543
1508954924000.0,871200,43.00331438492464,-78.79864746874307,20.072699,359.70703
1508954925000.0,872200,43.00349443180982,-78.79864992593126,20.0727,359.69562
1508954926000.0,873200,43.00367405922085,-78.79865220594634,20.017263,359.67886
1508954927000.0,874200,43.00385326609435,-78.79865361822073,20.146875,359.92545
1508954928000.0,875200,43.00403240063762,-78.7986558622386,19.857151,359.3229
1508954929000.0,876200,43.00421032691808,-78.79865856722091,19.953243,359.40543
1508954930000.0,877200,43.00438733140873,-78.79866106591342,19.812382,359.3665
1508954931000.0,878200,43.004566756319655,-78.79866417833684,20.230314,358.75076
1508954932000.0,879200,43.004743547360974,-78.79867014009773,19.560188,358.21375
1508954933000.0,880200,43.00491477239378,-78.79867795407324,18.974302,358.011
1508954934000.0,881200,43.0050824304663,-78.79868728917025,18.713953,357.29282
1508954935000.0,882200,43.0052472106975,-78.79869946146694,18.339333,356.891
1508954936000.0,883200,43.005407658163186,-78.79871171937361,17.960712,356.92325
1508954937000.0,884200,43.00556635593419,-78.79872416127337,17.745518,356.6952
1508954938000.0,885200,43.00572328291207,-78.79873591480406,17.45342,357.03906
1508954939000.0,886200,43.00588097177364,-78.79874688414249,17.722051999999994,357.11304
1508954940000.0,887200,43.00604104552571,-78.79875994017144,18.056097,356.75143
1508954941000.0,888200,43.00619766289728,-78.79877281589526,17.098029999999998,356.3912
1508954942000.0,889200,43.00635248709386,-78.79877881571339,17.174570000000006,359.16492
1508954943000.0,890200,43.006505210113495,-78.79878193343478,16.947218,359.07343
1508954944000.0,891200,43.006655966752795,-78.79878006336894,16.749520999999998,359.9227
1508954945000.0,892200,43.00680514833658,-78.79877610580348,16.27051,359.47153
1508954946000.0,893200,43.00694949568797,-78.79877425268351,15.590392,359.45688
1508954947000.0,894200,43.00708516184763,-78.7987727396453,14.557266,359.2920200000001
1508954948000.0,895200,43.00720847169609,-78.79877131428535,13.026674,359.31165
1508954949000.0,896200,43.00731867561572,-78.79877183679653,11.542411,359.2008
1508954950000.0,897200,43.00741574129757,-78.79877641579655,10.493886,357.73135
1508954951000.0,898200,43.007500600729294,-78.79878375855787,9.150274,359.18228
1508954952000.0,899200,43.0075746949308,-78.79878814291041,7.9708934,359.77798
1508954953000.0,900200,43.00764176846547,-78.79879004573472,7.1048217000000005,0.38572264
1508954954000.0,901200,43.00769606515837,-78.79879593078219,5.481589,354.64447
1508954955000.0,902200,43.00773873413498,-78.79880160828618,4.4911455999999985,359.8737
1508954956000.0,903200,43.007771647114744,-78.79880547835106,3.1909757,358.80487
1508954957000.0,904200,43.00779303204143,-78.79881063973414,1.9654447,358.81354
1508954958000.0,905200,43.00780329463442,-78.7988159275308,0.0,0.0
1508954972000.0,919200,43.00781312564876,-78.79882055498446,1.7284523999999997,359.3218700000001
1508954973000.0,920200,43.007836584075726,-78.79882239859641,3.3055224,359.86295
1508954974000.0,921200,43.00787230349771,-78.79882560478677,4.607402,357.0533
1508954975000.0,922200,43.007920459396324,-78.79882907387423,6.2291107000000006,359.00632
1508954976000.0,923200,43.00798159340642,-78.79883135135599,7.4281893,358.66693
1508954977000.0,924200,43.00805272654917,-78.79883197511698,8.267175,359.97543
1508954978000.0,925200,43.00813425157338,-78.79883119026844,9.291151,0.05385668
1508954979000.0,926200,43.008228007322394,-78.79883054656565,10.7194395,359.4108
1508954980000.0,927200,43.008332017418134,-78.79883188674724,11.480173,359.02246
1508954981000.0,928200,43.008441503127955,-78.79883422673109,12.006308,359.20566
1508954982000.0,929200,43.0085545650244,-78.79883781597752,12.451605,358.6714
1508954983000.0,930200,43.008670748254616,-78.79884094665186,12.948213,358.3741
1508954984000.0,931200,43.00878902570778,-78.798845720673,13.032696,358.16962
1508954985000.0,932200,43.00890775236943,-78.79884875002328,13.180573,358.81097
1508954986000.0,933200,43.009027451301385,-78.79884993882054,13.403253,359.5191700000001
1508954987000.0,934200,43.009149395976074,-78.79885019856712,13.635286,359.86523
1508954988000.0,935200,43.009272692168494,-78.79885315623774,13.573294,358.5235600000001
1508954989000.0,936200,43.00939662391154,-78.79885792031719,13.885109,358.4016
1508954990000.0,937200,43.009522110561036,-78.79886258966509,13.833542,358.58145
1508954991000.0,938200,43.0096476306884,-78.79886657422952,13.856125,358.5533
1508954992000.0,939200,43.00977358975973,-78.79887004923023,14.082887,359.00848
1508954993000.0,940200,43.009902185620454,-78.7988712185893,14.492145,359.5141
1508954994000.0,941200,43.01003281423477,-78.79887557767456,14.483101,357.65237
1508954995000.0,942200,43.01016463533387,-78.7988807933978,14.512495,358.38947
1508954996000.0,943200,43.010299434915936,-78.7988878608042,14.949143,357.6441700000001
1508954997000.0,944200,43.010433293626306,-78.79889354740786,14.879537,359.02075
1508954998000.0,945200,43.01056743639289,-78.79889815744045,14.775032,359.8822
1508954999000.0,946200,43.010700877786114,-78.79889828200928,14.717942,1.1444372
1508955000000.0,947200,43.010831641152585,-78.79889965717918,14.425545,358.9354
1508955001000.0,948200,43.01096275900812,-78.79890398783297,14.818951,358.8347
1508955002000.0,949200,43.01109719877019,-78.79890814923256,15.007720999999998,358.7988
1508955003000.0,950200,43.0112319090297,-78.79891203801539,15.014939000000002,358.83362
1508955004000.0,951200,43.01136686525423,-78.79891361857045,15.130969,359.8538200000001
1508955005000.0,952200,43.011501624281976,-78.79891562900552,14.8687105,359.32233
1508955006000.0,953200,43.01163545986949,-78.79891795629855,14.797898000000002,359.11072
1508955007000.0,954200,43.01176750926064,-78.79891990893698,14.475498000000002,359.5121
1508955008000.0,955200,43.01189834710659,-78.798922112028,14.48754,359.4088700000001
1508955009000.0,956200,43.012028893810644,-78.79892325019861,14.510975,359.76578
1508955010000.0,957200,43.01216092928614,-78.79892329277253,14.713117,359.9723
1508955011000.0,958200,43.012293319226735,-78.79892461001037,14.770504999999998,359.5816
1508955012000.0,959200,43.01242477498654,-78.79892738046678,14.441355,359.13806
1508955013000.0,960200,43.01255592216842,-78.79892860374423,14.372678,0.78474075
1508955014000.0,961200,43.012683945464886,-78.79893087479552,13.813887,358.69672
1508955015000.0,962200,43.01280830530225,-78.79893385994363,13.277072,359.04636
1508955016000.0,963200,43.01293012345647,-78.79893657674995,13.681388,359.95975
1508955017000.0,964200,43.013054068730106,-78.79893822666253,13.819176,359.54068
1508955018000.0,965200,43.013181610217934,-78.79893988279164,14.5195465,359.72836
1508955019000.0,966200,43.013315198119,-78.79893913459435,15.267724,0.26203892
1508955020000.0,967200,43.01345347954047,-78.79894200937164,15.675679999999998,358.69055
1508955021000.0,968200,43.013596559059344,-78.79894715861879,16.159048000000002,358.70413
1508955022000.0,969200,43.013743760107964,-78.79895093600061,16.558393,359.1099
1508955023000.0,970200,43.01389201559564,-78.79895337564331,16.473824,359.52518
1508955024000.0,971200,43.01403931710778,-78.79895379362702,16.401413,359.81604
1508955025000.0,972200,43.01418824787172,-78.79895340541988,16.737268,359.6869
1508955026000.0,973200,43.01433947202474,-78.79895361220784,16.904549,359.85977
1508955027000.0,974200,43.01449192690127,-78.79895277556756,17.105667,359.9209600000001
1508955028000.0,975200,43.01464636798231,-78.79895122390894,17.259556,0.11548166
1508955029000.0,976200,43.01480063207664,-78.79894963583368,17.185965,0.20670429
1508955030000.0,977200,43.01495438109715,-78.79894881341919,17.04636,0.24565394
1508955031000.0,978200,43.01510719830717,-78.79894717729088,17.0906,0.2811765
1508955032000.0,979200,43.01526089442605,-78.79894648519436,17.209757,0.2957442
1508955033000.0,980200,43.01541749100283,-78.79894627984295,17.52275,0.18172726
1508955034000.0,981200,43.01557389449064,-78.79894503745666,17.346462,0.7684069
1508955035000.0,982200,43.015731915900346,-78.79894246677438,17.664423,0.59218276
1508955036000.0,983200,43.01589208937699,-78.79894307105246,17.97799,359.61063
1508955037000.0,984200,43.0160551681225,-78.79894549238011,18.25563,359.4264
1508955038000.0,985200,43.01621955456724,-78.79894785850487,18.227472,359.1876200000001
1508955039000.0,986200,43.01638452479181,-78.79895115497244,18.305424,359.20523
1508955040000.0,987200,43.016550389201726,-78.79895438407101,18.426418,359.21924
1508955041000.0,988200,43.0167180024243,-78.79895656725185,18.514542,359.6609
1508955042000.0,989200,43.01688607278663,-78.79895815580284,18.775084,359.36887
1508955043000.0,990200,43.01705636499722,-78.7989604794528,18.939226,359.6031200000001
1508955044000.0,991200,43.017227865528604,-78.79896387603459,19.10971,358.9492
1508955045000.0,992200,43.01739894377629,-78.79896972969186,19.057882,358.9216600000001
1508955046000.0,993200,43.017569381420316,-78.79898139749396,19.15605,356.1182
1508955047000.0,994200,43.017732052618406,-78.79898648584863,17.568756,1.1495007
1508955048000.0,995200,43.01788751526922,-78.79897873540389,17.393711,2.760211
1508955049000.0,996200,43.018042491761,-78.79897512345836,17.666368,1.9081782
1508955050000.0,997200,43.018195180304815,-78.79897248097923,17.366322,0.95290947
1508955051000.0,998200,43.01834795119579,-78.79897448351478,17.35541,1.1720464
1508955052000.0,999200,43.01850624859165,-78.79897187396494,17.368732,1.1815103
1508955053000.0,1000200,43.01865039676198,-78.79896824956197,16.578098,0.801371
1508955054000.0,1001200,43.01877333121996,-78.79898168090631,14.784274,358.85538
1508955055000.0,1002200,43.01888942992113,-78.79899281461127,13.21609,359.94977
1508955056000.0,1003200,43.019000856128585,-78.79899554630528,11.447202,0.07120849
1508955057000.0,1004200,43.01910414274519,-78.79899807480882,9.901073,359.79715
1508955058000.0,1005200,43.01919239185352,-78.7989978668507,8.627303,359.53043
1508955059000.0,1006200,43.01927143721349,-78.79899900317224,7.6018667,359.34256
1508955060000.0,1007200,43.019341769359684,-78.79900189822976,6.671882000000001,359.9936
1508955061000.0,1008200,43.01940064429951,-78.79900134014913,5.915591,358.37695
1508955062000.0,1009200,43.019451355388576,-78.79900159622112,5.342282,358.87604
1508955063000.0,1010200,43.01949758733633,-78.79899978551471,5.0316215,0.43914047
1508955064000.0,1011200,43.019538613526564,-78.79899697591914,4.2634144,358.29547
1508955065000.0,1012200,43.01957152654048,-78.79899445042695,3.4292033,0.015931746
1508955066000.0,1013200,43.01959701324239,-78.79899179909475,2.6932387,1.9279195
1508955067000.0,1014200,43.01961730139367,-78.79898938366203,1.948206,358.745
1508955068000.0,1015200,43.01963206676359,-78.79898801718926,1.3399236,1.479965
1508955069000.0,1016200,43.01964111251156,-78.79898661714837,0.64852166,6.015177
1508955085000.0,1032200,43.019652691771896,-78.79898349981467,1.5213038,4.2974834
1508955086000.0,1033200,43.019676752787056,-78.79898169669339,3.0788121,0.78260094
1508955087000.0,1034200,43.019716046409314,-78.79897954191918,4.569131400000002,359.9102
1508955088000.0,1035200,43.01976866223292,-78.7989782634653,6.289159,359.5254
1508955089000.0,1036200,43.01983408261562,-78.79897665381195,7.519997999999998,0.5153104000000001
1508955090000.0,1037200,43.01991161667622,-78.79897365048166,9.069085,0.28118837
1508955091000.0,1038200,43.02000274081147,-78.79897311840837,10.134744,359.27026
1508955092000.0,1039200,43.020100029791315,-78.79897265694879,10.879908,359.32944
1508955093000.0,1040200,43.02020279649581,-78.79897495349992,11.387293,358.54285
1508955094000.0,1041200,43.02031274290288,-78.79897935322178,12.414989,358.2188700000001
1508955095000.0,1042200,43.02043341791227,-78.79898301560141,13.337542,358.79782
1508955096000.0,1043200,43.02056023386545,-78.79898653234645,13.89652,359.36493
1508955097000.0,1044200,43.02069074339349,-78.79898850035809,14.471073,359.7285
1508955098000.0,1045200,43.02082429115357,-78.79898992968086,14.834862,359.64465
1508955099000.0,1046200,43.02096050030781,-78.79899249191905,15.134663,359.18744
1508955100000.0,1047200,43.021098246635475,-78.79899569961667,15.326344,358.8668
1508955101000.0,1048200,43.02123677374768,-78.79899892877313,15.536063,359.3027600000001
1508955102000.0,1049200,43.0213752349323,-78.79900160650638,15.589842,359.3906
1508955103000.0,1050200,43.02151320411621,-78.7990021445505,15.567227,359.89362
1508955104000.0,1051200,43.021649733390895,-78.79900131688073,15.305236,359.56836
1508955105000.0,1052200,43.02178527248592,-78.79900149339613,15.185967000000002,359.3307200000001
1508955106000.0,1053200,43.02192229905889,-78.79900161922652,15.588582,359.8217
1508955107000.0,1054200,43.0220632835276,-78.79899995654567,16.014534,0.49601713
1508955108000.0,1055200,43.022207220592016,-78.79899588872615,16.15222,0.70989454
1508955109000.0,1056200,43.02235505405833,-78.7989924585788,16.793625,0.17480406
1508955110000.0,1057200,43.02250796357378,-78.79898975425206,17.012793,0.30025887
1508955111000.0,1058200,43.022663570599136,-78.79898611179361,17.316217,0.5529759
1508955112000.0,1059200,43.02281857503565,-78.79898350824052,16.993254,0.096374504
1508955113000.0,1060200,43.022976047231744,-78.79898185581496,17.48189,0.86458045
1508955114000.0,1061200,43.02313588570707,-78.79898160657143,17.698393,359.69125
1508955115000.0,1062200,43.02329823560687,-78.79898221003221,17.930674,0.39975187
1508955116000.0,1063200,43.02346232081517,-78.79898155093717,17.97194,0.42945245
1508955117000.0,1064200,43.023626807767066,-78.79898332663774,18.000542000000006,359.8494
1508955118000.0,1065200,43.02378955119221,-78.79898884395048,17.762167,358.5893200000001
1508955119000.0,1066200,43.02394962227454,-78.79899747051175,17.35795,358.12738
1508955120000.0,1067200,43.02410458752757,-78.79900899709276,17.022057999999998,356.67987
1508955121000.0,1068200,43.024256472349386,-78.79902190330509,16.79328,356.72302
1508955122000.0,1069200,43.02440647775956,-78.79903307606519,16.521399,357.59128
1508955123000.0,1070200,43.02455312820521,-78.79904241135034,16.163385,357.4031700000001
1508955124000.0,1071200,43.024696881843326,-78.79905078346484,15.934229,358.1321700000001
1508955125000.0,1072200,43.02483743477746,-78.79905572518133,15.700321,358.9620700000001
1508955126000.0,1073200,43.024976903677924,-78.79905842236609,15.771686,359.3208
1508955127000.0,1074200,43.025117007841565,-78.79905926115859,15.749059,359.481
1508955128000.0,1075200,43.02525788979019,-78.79905747101621,15.851812,0.7409587
1508955129000.0,1076200,43.02540124676368,-78.79905450328901,16.09913,1.0222305
1508955130000.0,1077200,43.025548067353256,-78.79905197146691,16.611338,0.4416909000000001
1508955131000.0,1078200,43.02569976324109,-78.7990541289773,17.010166,358.98938
1508955132000.0,1079200,43.02584793944735,-78.79905982911117,16.10161,358.30075
1508955133000.0,1080200,43.02598536347884,-78.79906617950499,14.720222,357.94788
1508955134000.0,1081200,43.02610825572803,-78.79907351261966,12.849811,356.75406
1508955135000.0,1082200,43.0262114876899,-78.79908206003952,10.611063,356.0619
1508955136000.0,1083200,43.026293374424455,-78.79908906686425,8.120593,355.42184
1508955137000.0,1084200,43.02635271635364,-78.79909199399657,5.5329885,357.25098
1508955138000.0,1085200,43.026390740814236,-78.79909179547839,3.8459094,1.6200305
1508955139000.0,1086200,43.02641734541229,-78.79909070680631,2.8954020000000003,356.40955
1508955140000.0,1087200,43.026435763853264,-78.79909271604042,1.856987,354.4459
1508955141000.0,1088200,43.02644550651429,-78.79909327673461,0.6479274,359.36227
1508955181000.0,1128200,43.02645611060206,-78.79909210055516,1.8726327,359.97195
1508955182000.0,1129200,43.02648408390457,-78.79909088666578,4.1620407,359.59644
1508955183000.0,1130200,43.02653320534858,-78.79909197787701,6.533507299999999,356.8513
1508955184000.0,1131200,43.02660036694066,-78.79909685907327,8.224525,356.74054
1508955185000.0,1132200,43.02668193176503,-78.79910161163468,9.698548,357.04446
1508955186000.0,1133200,43.02677392107376,-78.79910556969945,10.621592,358.0003700000001
1508955187000.0,1134200,43.02687498445857,-78.79911121070356,11.431386,357.58807
1508955188000.0,1135200,43.02698258658664,-78.799116808514,11.995781,358.28394
1508955189000.0,1136200,43.0270937554564,-78.79912309910729,12.157367,357.19766
1508955190000.0,1137200,43.02720717455593,-78.79913115301261,12.588198,357.31454
1508955191000.0,1138200,43.027325197427494,-78.79913966208763,13.218045000000002,357.36835
1508955192000.0,1139200,43.0274480626188,-78.79915048164231,13.728661,356.61496
1508955193000.0,1140200,43.027574490271284,-78.79916032023786,14.134133,356.92188
1508955194000.0,1141200,43.02770352050085,-78.79917049643109,14.444466,356.1393
1508955195000.0,1142200,43.02783491325829,-78.79918213278151,14.578101,356.11606
1508955196000.0,1143200,43.02796803407527,-78.79919203488518,14.754047,356.53912
1508955197000.0,1144200,43.02810465837856,-78.79920324749749,14.941466,356.26797
1508955198000.0,1145200,43.028243118726586,-78.7992154478369,15.198446,356.44876
1508955199000.0,1146200,43.02838184426485,-78.79922701720882,15.424002,356.15823
1508955200000.0,1147200,43.02852366107832,-78.79923737645731,15.675554,357.04724
1508955201000.0,1148200,43.02866657343084,-78.79924751972213,15.52131,356.7519999999999
1508955202000.0,1149200,43.02880886079787,-78.7992555595887,15.376489,357.6038
1508955203000.0,1150200,43.02894947048439,-78.7992588817349,15.5383215,358.46695
1508955204000.0,1151200,43.02909236987559,-78.79926181383522,16.003853,358.5540200000001
1508955205000.0,1152200,43.02924075941307,-78.79926648374499,16.62501,358.025
1508955206000.0,1153200,43.029392475591386,-78.79927326040125,16.855293,357.30338
1508955207000.0,1154200,43.02954652230864,-78.79928206629286,17.284023,357.2046
1508955208000.0,1155200,43.02970335267553,-78.79929260762641,17.546357999999998,356.84894
1508955209000.0,1156200,43.02986212976959,-78.79930331385302,17.849094,357.5214
1508955210000.0,1157200,43.030021479027006,-78.79931238172512,17.756245,357.5431
1508955211000.0,1158200,43.03017982868353,-78.79931931407313,17.739666,358.7516
1508955212000.0,1159200,43.0303394528121,-78.79932638324348,17.953301999999994,357.4404
1508955213000.0,1160200,43.030498149985846,-78.79933640645737,17.731752,358.2011
1508955214000.0,1161200,43.03065487662958,-78.79934359026885,17.537403,359.5855
1508955215000.0,1162200,43.03081239751571,-78.7993502415776,17.798178,358.7151
1508955216000.0,1163200,43.03097057523616,-78.79935645921121,17.682957000000005,359.0296
1508955217000.0,1164200,43.03112859555315,-78.79936352032084,17.809845000000006,358.23706
1508955218000.0,1165200,43.031289166718814,-78.7993721781138,18.067957,357.74335
1508955219000.0,1166200,43.03145285147542,-78.79938169200729,18.306755,357.6715
1508955220000.0,1167200,43.03161703137002,-78.79939179753816,18.454048,357.66153
1508955221000.0,1168200,43.031783499059,-78.79940343658375,18.664978,357.35645
1508955222000.0,1169200,43.03195208911239,-78.7994167014973,18.978012,356.68918
1508955223000.0,1170200,43.032121916915074,-78.79943276692221,19.011223,356.12225
1508955224000.0,1171200,43.032291782571,-78.79945185318184,18.932543,355.70682
1508955225000.0,1172200,43.03246155104105,-78.7994722959103,19.012747,355.3889
1508955226000.0,1173200,43.032631431267106,-78.79949102250538,18.715614,355.93915
1508955227000.0,1174200,43.032798199583425,-78.79950841180724,18.222374,356.58997
1508955228000.0,1175200,43.03296278130811,-78.79952245927409,18.186554,356.9777200000001
1508955229000.0,1176200,43.033123911284456,-78.79953021698158,17.669588,358.73154
1508955230000.0,1177200,43.033282220520704,-78.79953815081231,17.556278,357.8162200000001
1508955231000.0,1178200,43.033437396691895,-78.79954585009854,16.949726000000002,358.24268
1508955232000.0,1179200,43.03358626820966,-78.79955405918449,16.246548,357.3801
1508955233000.0,1180200,43.03372979856012,-78.79956298597189,15.450597,358.01196
1508955234000.0,1181200,43.03386166645121,-78.79957066353442,14.210234,357.04007
1508955235000.0,1182200,43.03398408065004,-78.79958020979221,13.01689,356.85168
1508955236000.0,1183200,43.03409304707832,-78.79958843385094,11.537325,356.84814
1508955237000.0,1184200,43.03418677889043,-78.79959507527342,9.792046,357.58585
1508955238000.0,1185200,43.034265983044854,-78.79959979300256,8.263464,356.8884
1508955239000.0,1186200,43.03433258457802,-78.79960228900393,6.9072520000000015,358.56018
1508955240000.0,1187200,43.03438417827433,-78.79960451052669,5.061948,355.64865
1508955241000.0,1188200,43.03441936388085,-78.79960640600001,3.2439108,356.55594
1508955242000.0,1189200,43.03443718428888,-78.79960710970103,1.4224958,0.17614287
1508955252000.0,1199200,43.03444700871336,-78.7996038233308,1.0865103,359.44324
1508955253000.0,1200200,43.034465745429976,-78.79960210073202,3.3407311,1.6897904
1508955254000.0,1201200,43.034501850948324,-78.7996003716743,5.0872392999999985,357.79013
1508955255000.0,1202200,43.034549933564094,-78.79960718255383,6.2273635999999986,349.27823
1508955256000.0,1203200,43.03460307158312,-78.79963275616845,6.756906,332.7358700000001
1508955257000.0,1204200,43.03465871957836,-78.79969219530139,8.864927999999997,317.2478
1508955258000.0,1205200,43.03470812549725,-78.79978210806674,9.446216,299.11667
1508955259000.0,1206200,43.03473535396088,-78.79990466369475,11.225941,279.25192000000004
1508955260000.0,1207200,43.03474293968386,-78.80004962065371,11.568766,268.42902000000004
1508955261000.0,1208200,43.03473761772506,-78.800210119277,13.26965,265.15515
1508955262000.0,1209200,43.034726649868176,-78.80038706667433,14.233457,265.81042
1508955263000.0,1210200,43.034719833914785,-78.8005742769179,15.245475,268.89023
1508955264000.0,1211200,43.03471817934553,-78.80077249361607,16.098412,269.7622
1508955265000.0,1212200,43.03471883169065,-78.80098053712288,16.643885,270.36575
1508955266000.0,1213200,43.03472284968199,-78.8011940721198,17.157938,270.79327
1508955267000.0,1214200,43.03472763495901,-78.80141186887683,17.405533,270.9782
1508955268000.0,1215200,43.03473320685921,-78.80163019201835,17.439981,270.37094
1508955269000.0,1216200,43.03473929329747,-78.80184675740841,17.487413,270.94067
1508955270000.0,1217200,43.03474465678885,-78.80206476602899,17.583254,271.0435
1508955271000.0,1218200,43.0347491147181,-78.80228448921477,17.824314,271.30725
1508955272000.0,1219200,43.03475445766117,-78.80250603725052,17.994685999999994,271.38397000000003
1508955273000.0,1220200,43.034756522725885,-78.80273063619904,18.288597,270.01355
1508955274000.0,1221200,43.034760606130206,-78.80296088896594,18.741474,271.6854
1508955275000.0,1222200,43.03476612827728,-78.80319434036954,18.894466,271.14786000000004
1508955276000.0,1223200,43.034770387372895,-78.8034318904689,19.323841,271.1329
1508955277000.0,1224200,43.034775713535296,-78.80367147327067,19.52848,270.8254
1508955278000.0,1225200,43.03478029407317,-78.80391327208469,19.60564,271.0899
1508955279000.0,1226200,43.034783624662715,-78.80415644145566,19.76615,270.33484
1508955280000.0,1227200,43.0347873826796,-78.80439999156035,19.635794,270.4291
1508955280999.0,1228200,43.03479219939417,-78.80464171967034,19.529182,271.41522000000003
1508955281999.0,1229200,43.03480017829616,-78.80487922002153,19.281727,271.8225
1508955282999.0,1230200,43.03480563640535,-78.80511398770042,19.114878,271.1294
1508955283999.0,1231200,43.03481286298973,-78.80534377635583,18.640144,272.011
1508955284999.0,1232200,43.034819993524685,-78.80555926096851,16.943556,271.88055
1508955285999.0,1233200,43.03482704318888,-78.80575061155386,14.553795,272.05716
1508955286999.0,1234200,43.03483306380549,-78.8059093059284,11.911353,271.8789
1508955287999.0,1235200,43.03483738095297,-78.80603810721263,10.082378,270.5274
1508955288999.0,1236200,43.03483903369249,-78.80614468067826,8.161438,268.52795
1508955289999.0,1237200,43.03483896182858,-78.80622632656369,6.3743534,269.0498
1508955290999.0,1238200,43.034838722915744,-78.80628421635143,4.347632,268.21677
1508955291999.0,1239200,43.03484092131014,-78.80631574292434,2.206672,272.26608
1508955302999.0,1250200,43.034844162108776,-78.80635317514742,2.6778727000000004,270.00598
1508955303999.0,1251200,43.03484487937843,-78.80639918864779,4.221793,268.21494
1508955304999.0,1252200,43.03484492360061,-78.8064644093799,5.638048,271.13644
1508955305999.0,1253200,43.03484777487303,-78.80654710689672,6.9529424,271.3264
1508955306999.0,1254200,43.03485060716754,-78.80664336687735,8.097178999999999,270.06012000000004
1508955307999.0,1255200,43.034853592776315,-78.80675331587457,9.129753,271.55032
1508955308999.0,1256200,43.03485629739329,-78.80687575601131,10.3485,271.10193
1508955309999.0,1257200,43.03485971435094,-78.80701107419596,11.382977,272.05533
1508955310999.0,1258200,43.034863257969725,-78.80715442442677,11.943874,271.65976
1508955311999.0,1259200,43.03486884950478,-78.80730435661481,12.46098,271.3727
1508955312999.0,1260200,43.034872325287374,-78.8074593585724,12.751455,270.67654
1508955313999.0,1261200,43.0348740447289,-78.80761726172956,12.786802,270.48264
1508955314999.0,1262200,43.03487700768317,-78.80777531023216,12.785084,271.50522
1508955315999.0,1263200,43.03487873088008,-78.80793365897419,13.05022,269.9075
1508955316999.0,1264200,43.03487833382979,-78.80809501516252,13.410323000000002,269.23355
1508955317999.0,1265200,43.03487916195183,-78.80826134459942,13.759459,270.7626
1508955318999.0,1266200,43.03488299234147,-78.80843043309252,13.833346,272.50113
1508955319999.0,1267200,43.03489119260092,-78.80860004202195,14.0257635,273.98813
1508955320999.0,1268200,43.034900154191504,-78.80876842668013,13.440085,276.12198
1508955321999.0,1269200,43.03491573005979,-78.80892882974622,12.889152,278.1483
1508955322999.0,1270200,43.03493599148476,-78.80908554009227,12.8972225,280.75354
1508955323999.0,1271200,43.03496004528987,-78.809245755946,13.486194,281.41700000000003
1508955324999.0,1272200,43.03498289855471,-78.80941365124691,14.160377,280.41968
1508955325999.0,1273200,43.0350047751084,-78.80958869873177,14.672755,279.51068
1508955326999.0,1274200,43.03502611145459,-78.80977064256322,15.208621,279.98825
1508955327999.0,1275200,43.035051020013405,-78.80995711826611,15.580221,281.9284
1508955328999.0,1276200,43.035081697316905,-78.81014587355907,15.91225,283.99988
1508955329999.0,1277200,43.035118748630865,-78.81033926035363,16.375992,286.1226200000001
1508955330999.0,1278200,43.03516220210143,-78.81053628900523,16.818947,287.9979600000001
1508955331999.0,1279200,43.035211402574255,-78.81073437293999,17.161022,289.67963
1508955332999.0,1280200,43.03526475553701,-78.81093469513708,17.38475,291.5402
1508955333999.0,1281200,43.03532321684146,-78.81113431410789,17.583523,293.14005
1508955334999.0,1282200,43.03538531645242,-78.81133463794366,17.874924,294.00073
1508955335999.0,1283200,43.03545124033039,-78.81153729950435,18.222641,294.06244
1508955336999.0,1284200,43.03551930095684,-78.81174334533883,18.496368,294.18088
1508955337999.0,1285200,43.035582232706396,-78.81195156603285,18.594454,293.32382
1508955338999.0,1286200,43.035645187535245,-78.812164320362,18.809593,293.03
1508955339999.0,1287200,43.035709719914244,-78.81238016675438,19.048653,293.44998
1508955340999.0,1288200,43.035773614443045,-78.81259591758973,18.86608,292.76294
1508955341999.0,1289200,43.0358334451534,-78.8128116187721,18.555847,291.37097
1508955342999.0,1290200,43.03588956988389,-78.81302757204138,18.483831,289.7048
1508955343999.0,1291200,43.03594287810909,-78.8132458149867,18.478794,288.28683
1508955344999.0,1292200,43.035994710045316,-78.81346771399593,18.452005,286.51248
1508955345999.0,1293200,43.0360401594419,-78.81368953306564,18.198137,284.48663
1508955346999.0,1294200,43.03607798955413,-78.81390962373558,18.042557,282.07315
1508955347999.0,1295200,43.036107926411226,-78.81412752676731,17.673914,279.83908
1508955348999.0,1296200,43.03613272938775,-78.81434093085264,17.368639,278.4832
1508955349999.0,1297200,43.03615289082245,-78.81454950486315,17.10748,277.36417
1508955350999.0,1298200,43.036167855124425,-78.81475623901225,17.215567,275.68033
1508955351999.0,1299200,43.036178650339444,-78.81496634886467,17.401537,273.53683
1508955352999.0,1300200,43.03618623606372,-78.81517964499173,17.56008,272.02985
1508955353999.0,1301200,43.036192791186544,-78.81539247366183,17.426441,271.9731
1508955354999.0,1302200,43.03619639381075,-78.81560876695214,17.697779,270.78885
1508955355999.0,1303200,43.03619649939783,-78.81583130381678,17.9692,269.04614
1508955356999.0,1304200,43.03619408429616,-78.8160506911705,17.563244,268.03677000000005
1508955357999.0,1305200,43.036192097395364,-78.81626441367865,17.094067000000006,268.55923
1508955358999.0,1306200,43.036190951688994,-78.81647103418408,16.65352,268.43756
1508955359999.0,1307200,43.03618855164177,-78.81667093133875,16.011744,268.3805
1508955360999.0,1308200,43.03618775204885,-78.81686416277043,15.149136,269.18256
1508955361999.0,1309200,43.03618654351093,-78.81703892834051,13.551069,269.2787
1508955362999.0,1310200,43.036185373132156,-78.81720068294919,12.801128,269.43436
1508955363999.0,1311200,43.036182109304335,-78.81735954796648,12.723134,267.23212
1508955364999.0,1312200,43.03617658880572,-78.81752455994679,13.422735,267.35037
1508955365999.0,1313200,43.03617313025259,-78.81769976281385,14.496329,268.68655
1508955366999.0,1314200,43.036172761733674,-78.81788410484404,15.33163,269.91324
1508955367999.0,1315200,43.03617442885543,-78.8180827302615,16.339869,270.48224
1508955368999.0,1316200,43.036175706469386,-78.81829010465125,16.979364,270.36353
1508955369999.0,1317200,43.03617748882522,-78.81850700474091,17.564545000000006,270.0444
1508955370999.0,1318200,43.03617953527298,-78.81872885937855,17.901001,270.03067000000004
1508955371999.0,1319200,43.03618256651742,-78.81895180987517,17.877527,270.15253
1508955372999.0,1320200,43.03618569196777,-78.81917159340931,17.367698999999998,269.39548
1508955373999.0,1321200,43.03618711202613,-78.81938594863051,17.078735,268.56152000000003
1508955374999.0,1322200,43.03618675190119,-78.81959719175364,16.569391,268.57492
1508955375999.0,1323200,43.03618349381381,-78.81980069381872,15.886519,268.21658
1508955376999.0,1324200,43.03617974499221,-78.82000034609666,15.773748,268.46365
1508955377999.0,1325200,43.036177072913205,-78.82019929705834,15.877068,269.18512000000004
1508955378999.0,1326200,43.036176541830166,-78.82039867365219,15.8111,269.80328
1508955379999.0,1327200,43.036174033310225,-78.8205914077997,15.366022,268.88565
1508955380999.0,1328200,43.03617182709966,-78.82078057909764,15.025053,269.19275
1508955381999.0,1329200,43.03616994840961,-78.82096715305975,14.814252,269.9525
1508955382999.0,1330200,43.0361690867002,-78.82114954573528,14.573721,269.98267000000004
1508955383999.0,1331200,43.03616798822807,-78.82132801783847,14.221596,269.87506
1508955384999.0,1332200,43.036165868980866,-78.82150210718845,13.908328,269.53845
1508955385999.0,1333200,43.03616348708079,-78.82166839234587,13.20936,270.95108
1508955386999.0,1334200,43.036161239497325,-78.8218210562178,11.88157,270.9683
1508955387999.0,1335200,43.036159501530435,-78.8219585585512,10.583399,270.1568
1508955388999.0,1336200,43.03615821472182,-78.82207914613578,9.174809,269.27533
1508955389999.0,1337200,43.036157430993,-78.82218209157719,7.8443613,270.77335
1508955390999.0,1338200,43.03615737338722,-78.8222663723748,6.198228,272.16272000000004
1508955391999.0,1339200,43.03615749707241,-78.82233054508599,4.64789,277.6477
1508955392999.0,1340200,43.03616861576122,-78.82237685413853,3.699904,295.40335
1508955393999.0,1341200,43.03618913044728,-78.82240379450577,3.0105147,321.62338
1508955394999.0,1342200,43.03621191003771,-78.82241774694884,3.1650784,332.4935
1508955395999.0,1343200,43.036236552046795,-78.82243045104313,3.1911397,331.5174
1508955396999.0,1344200,43.0362587998768,-78.82244575459946,3.0387552,327.3941700000001
1508955397999.0,1345200,43.03627182366658,-78.82246008828828,2.1231162999999995,312.60046
1508955398999.0,1346200,43.0362827741797,-78.82248013938246,2.6692295,296.49704
1508955399999.0,1347200,43.03629128542349,-78.82251224951669,3.084034,287.84915
1508955400999.0,1348200,43.036299335479356,-78.82254819525109,3.0275917000000003,287.97437
1508955401999.0,1349200,43.03630892857964,-78.82258050102739,2.635197,297.6302
1508955402999.0,1350200,43.03632101471731,-78.82260260229847,2.0125825,324.09705
1508955403999.0,1351200,43.036338387728605,-78.8226145559047,2.021987,344.3879
1508955404999.0,1352200,43.03635569329204,-78.82261889765356,2.0116563000000003,2.346892
1508955405999.0,1353200,43.03637147779873,-78.82261976778219,1.7238966,359.61273
1508955406999.0,1354200,43.03638439956065,-78.82262009020832,1.3020459999999998,359.36887
1508955407999.0,1355200,43.03639620330032,-78.8226226611933,1.3525398000000002,356.77484
1508955408999.0,1356200,43.03640931290043,-78.82262499150144,1.3666280000000002,355.4934
1508955409999.0,1357200,43.0364194978477,-78.82262846285516,0.9117841,346.9316
