system_time,timestamp,lat,lon,speed,bearing
2300,1508898534000.0,43.00330954905461,-78.78793566442141,0.18999888,0.0
2400,,,,,
2500,,,,,
2600,,,,,
2700,,,,,
2800,,,,,
2900,,,,,
3000,,,,,
3100,,,,,
3200,,,,,
3300,1508898535399.0,43.003426017410106,-78.78797076400285,0.43172485,0.0
3400,,,,,
3500,,,,,
3600,,,,,
3700,,,,,
3800,,,,,
3900,,,,,
4000,,,,,
4100,,,,,
4200,,,,,
4300,1508898536000.0,43.0034228006484,-78.78799269277589,0.48501474,0.0
4400,,,,,
4500,,,,,
4600,,,,,
4700,,,,,
4800,,,,,
4900,1508898537000.0,43.00343852900907,-78.78796980707187,0.4671625,0.0
5000,,,,,
5100,,,,,
5200,,,,,
5300,,,,,
5400,,,,,
5500,,,,,
5600,,,,,
5700,,,,,
5800,,,,,
5900,1508898538000.0,43.003398689982546,-78.78798811254086,0.32015637,0.0
6000,,,,,
6100,,,,,
6200,,,,,
6300,,,,,
6400,,,,,
6500,,,,,
6600,,,,,
6700,,,,,
6800,,,,,
6900,,,,,
7000,,,,,
7100,,,,,
7200,,,,,
7300,,,,,
7400,,,,,
7500,,,,,
7600,,,,,
7700,,,,,
7800,,,,,
7900,,,,,
8000,,,,,
8100,,,,,
8200,,,,,
8300,,,,,
8400,,,,,
8500,,,,,
8600,,,,,
8700,,,,,
8800,,,,,
8900,,,,,
9000,,,,,
9100,,,,,
9200,,,,,
9300,,,,,
9400,,,,,
9500,,,,,
9600,,,,,
9700,,,,,
9800,,,,,
9900,,,,,
10000,,,,,
10100,,,,,
10200,,,,,
10300,,,,,
10400,,,,,
10500,,,,,
10600,,,,,
10700,,,,,
10800,,,,,
10900,,,,,
11000,,,,,
11100,,,,,
11200,,,,,
11300,,,,,
11400,,,,,
11500,,,,,
11600,,,,,
11700,,,,,
11800,,,,,
11900,,,,,
12000,,,,,
12100,,,,,
12200,,,,,
12300,,,,,
12400,,,,,
12500,,,,,
12600,,,,,
12700,,,,,
12800,,,,,
12900,,,,,
13000,,,,,
13100,,,,,
13200,,,,,
13300,,,,,
13400,,,,,
13500,,,,,
13600,,,,,
13700,,,,,
13800,,,,,
13900,1508898546000.0,43.003408425011166,-78.78798542372705,0.975887,8.162231
14000,,,,,
14100,,,,,
14200,,,,,
14300,,,,,
14400,,,,,
14500,,,,,
14600,,,,,
14700,,,,,
14800,,,,,
14900,,,,,
15000,,,,,
15100,,,,,
15200,,,,,
15300,,,,,
15400,,,,,
15500,,,,,
15600,,,,,
15700,,,,,
15800,,,,,
15900,1508898548000.0,43.00341741404213,-78.78799001572258,0.18153371,8.162231
16000,,,,,
16100,,,,,
16200,,,,,
16300,,,,,
16400,,,,,
16500,,,,,
16600,,,,,
16700,,,,,
16800,,,,,
16900,,,,,
17000,,,,,
17100,,,,,
17200,,,,,
17300,,,,,
17400,,,,,
17500,,,,,
17600,,,,,
17700,,,,,
17800,,,,,
17900,,,,,
18000,,,,,
18100,,,,,
18200,,,,,
18300,,,,,
18400,,,,,
18500,,,,,
18600,,,,,
18700,,,,,
18800,,,,,
18900,,,,,
19000,,,,,
19100,,,,,
19200,,,,,
19300,,,,,
19400,,,,,
19500,,,,,
19600,,,,,
19700,,,,,
19800,,,,,
19900,,,,,
20000,,,,,
20100,,,,,
20200,,,,,
20300,,,,,
20400,,,,,
20500,,,,,
20600,,,,,
20700,,,,,
20800,,,,,
20900,1508898553000.0,43.00342437616074,-78.78801525826772,1.7490871,266.1004
21000,,,,,
21100,,,,,
21200,,,,,
21300,,,,,
21400,,,,,
21500,,,,,
21600,,,,,
21700,,,,,
21800,,,,,
21900,1508898554000.0,43.003429045356704,-78.78804573589892,2.9748902000000004,277.81845
22000,,,,,
22100,,,,,
22200,,,,,
22300,,,,,
22400,,,,,
22500,,,,,
22600,,,,,
22700,,,,,
22800,,,,,
22900,1508898555000.0,43.00343888765113,-78.78809325850277,4.8352559999999984,278.81616
23000,,,,,
23100,,,,,
23200,,,,,
23300,,,,,
23400,,,,,
23500,,,,,
23600,,,,,
23700,,,,,
23800,,,,,
23900,1508898556000.0,43.0034519130267,-78.78816212115105,6.4067755,276.51334
24000,,,,,
24100,,,,,
24200,,,,,
24300,,,,,
24400,,,,,
24500,,,,,
24600,,,,,
24700,,,,,
24800,,,,,
24900,1508898557000.0,43.003465768351965,-78.78824541144407,7.630897,274.3264
25000,,,,,
25100,,,,,
25200,,,,,
25300,,,,,
25400,,,,,
25500,,,,,
25600,,,,,
25700,,,,,
25800,,,,,
25900,1508898558000.0,43.00347990080638,-78.78834078534922,8.32156,272.8704
26000,,,,,
26100,,,,,
26200,,,,,
26300,,,,,
26400,,,,,
26500,,,,,
26600,,,,,
26700,,,,,
26800,,,,,
26900,1508898559000.0,43.003491560664436,-78.78843926305028,8.584832,271.40936
27000,,,,,
27100,,,,,
27200,,,,,
27300,,,,,
27400,,,,,
27500,,,,,
27600,,,,,
27700,,,,,
27800,,,,,
27900,1508898560000.0,43.00350095320889,-78.78853758793089,8.295736999999999,269.10873
28000,,,,,
28100,,,,,
28200,,,,,
28300,,,,,
28400,,,,,
28500,,,,,
28600,,,,,
28700,,,,,
28800,,,,,
28900,1508898561000.0,43.00350654270315,-78.78863581326145,8.131146000000001,267.50485
29000,,,,,
29100,,,,,
29200,,,,,
29300,,,,,
29400,,,,,
29500,,,,,
29600,,,,,
29700,,,,,
29800,,,,,
29900,1508898562000.0,43.00350969202997,-78.78873015576349,7.907893,267.7674
30000,,,,,
30100,,,,,
30200,,,,,
30300,,,,,
30400,,,,,
30500,,,,,
30600,,,,,
30700,,,,,
30800,,,,,
30900,1508898563000.0,43.00351139487445,-78.78882014687031,7.515167,266.48358
31000,,,,,
31100,,,,,
31200,,,,,
31300,,,,,
31400,,,,,
31500,,,,,
31600,,,,,
31700,,,,,
31800,,,,,
31900,1508898564000.0,43.003513135457105,-78.7889071962546,6.9753084,270.1885
32000,,,,,
32100,,,,,
32200,,,,,
32300,,,,,
32400,,,,,
32500,,,,,
32600,,,,,
32700,,,,,
32800,,,,,
32900,1508898565000.0,43.003519833390534,-78.78898275127881,6.3335930000000005,272.13275
33000,,,,,
33100,,,,,
33200,,,,,
33300,,,,,
33400,,,,,
33500,,,,,
33600,,,,,
33700,,,,,
33800,,,,,
33900,1508898566000.0,43.00353172076945,-78.78904969109351,5.348845,289.02744
34000,,,,,
34100,,,,,
34200,,,,,
34300,,,,,
34400,,,,,
34500,,,,,
34600,,,,,
34700,,,,,
34800,,,,,
34900,1508898567000.0,43.003565444403094,-78.78909688695704,5.4867992,318.15033
35000,,,,,
35100,,,,,
35200,,,,,
35300,,,,,
35400,,,,,
35500,,,,,
35600,,,,,
35700,,,,,
35800,,,,,
35900,1508898568000.0,43.0036215589818,-78.78912278484566,6.4735746,341.59476
36000,,,,,
36100,,,,,
36200,,,,,
36300,,,,,
36400,,,,,
36500,,,,,
36600,,,,,
36700,,,,,
36800,,,,,
36900,1508898569000.0,43.003692226302995,-78.78912700321872,7.1364226,356.9608
37000,,,,,
37100,,,,,
37200,,,,,
37300,,,,,
37400,,,,,
37500,,,,,
37600,,,,,
37700,,,,,
37800,,,,,
37900,1508898570000.0,43.00377439295981,-78.7891169858792,8.092066,4.380286
38000,,,,,
38100,,,,,
38200,,,,,
38300,,,,,
38400,,,,,
38500,,,,,
38600,,,,,
38700,,,,,
38800,,,,,
38900,1508898571000.0,43.003863062855416,-78.78909895115945,8.993678,5.483045
39000,,,,,
39100,,,,,
39200,,,,,
39300,,,,,
39400,,,,,
39500,,,,,
39600,,,,,
39700,,,,,
39800,,,,,
39900,1508898572000.0,43.00395174254368,-78.78908020621904,8.906334,6.2228002999999985
40000,,,,,
40100,,,,,
40200,,,,,
40300,,,,,
40400,,,,,
40500,,,,,
40600,,,,,
40700,,,,,
40800,,,,,
40900,1508898573000.0,43.004029742620105,-78.78906133522865,7.5540604999999985,5.1970434
41000,,,,,
41100,,,,,
41200,,,,,
41300,,,,,
41400,,,,,
41500,,,,,
41600,,,,,
41700,,,,,
41800,,,,,
41900,1508898574000.0,43.00409468880822,-78.78904879399,5.77402,2.282567
42000,,,,,
42100,,,,,
42200,,,,,
42300,,,,,
42400,,,,,
42500,,,,,
42600,,,,,
42700,,,,,
42800,,,,,
42900,1508898575000.0,43.00414126081604,-78.78904971368654,4.3978496,348.93875
43000,,,,,
43100,,,,,
43200,,,,,
43300,,,,,
43400,,,,,
43500,,,,,
43600,,,,,
43700,,,,,
43800,,,,,
43900,1508898576000.0,43.00417586898673,-78.78906943406375,3.846188,320.675
44000,,,,,
44100,,,,,
44200,,,,,
44300,,,,,
44400,,,,,
44500,,,,,
44600,,,,,
44700,,,,,
44800,,,,,
44900,1508898577000.0,43.00419803276645,-78.78911043324706,4.3050985,295.49915
45000,,,,,
45100,,,,,
45200,,,,,
45300,,,,,
45400,,,,,
45500,,,,,
45600,,,,,
45700,,,,,
45800,,,,,
45900,1508898578000.0,43.00421080480535,-78.78917099854353,5.322083,277.15973
46000,,,,,
46100,,,,,
46200,,,,,
46300,,,,,
46400,,,,,
46500,,,,,
46600,,,,,
46700,,,,,
46800,,,,,
46900,1508898579000.0,43.00421782975553,-78.78924476173025,5.636133,273.95038
47000,,,,,
47100,,,,,
47200,,,,,
47300,,,,,
47400,,,,,
47500,,,,,
47600,,,,,
47700,,,,,
47800,,,,,
47900,1508898580000.0,43.00422255408754,-78.78931444917616,5.0437098,274.06018
48000,,,,,
48100,,,,,
48200,,,,,
48300,,,,,
48400,,,,,
48500,,,,,
48600,,,,,
48700,,,,,
48800,,,,,
48900,1508898581000.0,43.00422309079608,-78.78937363529694,4.0424953000000015,267.60882999999995
49000,,,,,
49100,,,,,
49200,,,,,
49300,,,,,
49400,,,,,
49500,,,,,
49600,,,,,
49700,,,,,
49800,,,,,
49900,1508898582000.0,43.00422207305151,-78.78942798156808,4.0460987,271.05667
50000,,,,,
50100,,,,,
50200,,,,,
50300,,,,,
50400,,,,,
50500,,,,,
50600,,,,,
50700,,,,,
50800,,,,,
50900,1508898583000.0,43.00422697216764,-78.78948020215213,3.849231,290.19702
51000,,,,,
51100,,,,,
51200,,,,,
51300,,,,,
51400,,,,,
51500,,,,,
51600,,,,,
51700,,,,,
51800,,,,,
51900,1508898584000.0,43.00424958037701,-78.78952516305381,4.90808,316.5402200000001
52000,,,,,
52100,,,,,
52200,,,,,
52300,,,,,
52400,,,,,
52500,,,,,
52600,,,,,
52700,,,,,
52800,,,,,
52900,1508898585000.0,43.004291822769545,-78.78955997280049,5.880798,336.2389
53000,,,,,
53100,,,,,
53200,,,,,
53300,,,,,
53400,,,,,
53500,,,,,
53600,,,,,
53700,,,,,
53800,,,,,
53900,1508898586000.0,43.00435325732046,-78.78958501976633,7.071993400000001,345.5734
54000,,,,,
54100,,,,,
54200,,,,,
54300,,,,,
54400,,,,,
54500,,,,,
54600,,,,,
54700,,,,,
54800,,,,,
54900,1508898587000.0,43.00443083121329,-78.78960178051133,8.617984,352.33807
55000,,,,,
55100,,,,,
55200,,,,,
55300,,,,,
55400,,,,,
55500,,,,,
55600,,,,,
55700,,,,,
55800,,,,,
55900,1508898588000.0,43.00451557461132,-78.78961270566244,9.69091,354.76804
56000,,,,,
56100,,,,,
56200,,,,,
56300,,,,,
56400,,,,,
56500,,,,,
56600,,,,,
56700,,,,,
56800,,,,,
56900,1508898589000.0,43.004607124364384,-78.78961972098513,10.261558,356.56506
57000,,,,,
57100,,,,,
57200,,,,,
57300,,,,,
57400,,,,,
57500,,,,,
57600,,,,,
57700,,,,,
57800,,,,,
57900,1508898590000.0,43.004700806878226,-78.78962227392323,10.075006,358.88086
58000,,,,,
58100,,,,,
58200,,,,,
58300,,,,,
58400,,,,,
58500,,,,,
58600,,,,,
58700,,,,,
58800,,,,,
58900,1508898591000.0,43.00479417768017,-78.78961887533508,10.105443,1.0605966999999998
59000,,,,,
59100,,,,,
59200,,,,,
59300,,,,,
59400,,,,,
59500,,,,,
59600,,,,,
59700,,,,,
59800,,,,,
59900,1508898592000.0,43.00488255400466,-78.78961239982803,9.139938,2.0706367
60000,,,,,
60100,,,,,
60200,,,,,
60300,,,,,
60400,,,,,
60500,,,,,
60600,,,,,
60700,,,,,
60800,,,,,
60900,1508898593000.0,43.00496045358953,-78.78960695799995,7.9866834,1.1371542
61000,,,,,
61100,,,,,
61200,,,,,
61300,,,,,
61400,,,,,
61500,,,,,
61600,,,,,
61700,,,,,
61800,,,,,
61900,1508898594000.0,43.0050219539606,-78.78960303416781,6.077083,2.067134
62000,,,,,
62100,,,,,
62200,,,,,
62300,,,,,
62400,,,,,
62500,,,,,
62600,,,,,
62700,,,,,
62800,,,,,
62900,1508898595000.0,43.0050678113765,-78.78959893571711,4.7109947,1.7344272
63000,,,,,
63100,,,,,
63200,,,,,
63300,,,,,
63400,,,,,
63500,,,,,
63600,,,,,
63700,,,,,
63800,,,,,
63900,1508898596000.0,43.00510047512174,-78.78959732079383,3.5558302000000004,2.5841327
64000,,,,,
64100,,,,,
64200,,,,,
64300,,,,,
64400,,,,,
64500,,,,,
64600,,,,,
64700,,,,,
64800,,,,,
64900,1508898597000.0,43.005120800715936,-78.78959474759766,2.1928103,3.3142486000000004
65000,,,,,
65100,,,,,
65200,,,,,
65300,,,,,
65400,,,,,
65500,,,,,
65600,,,,,
65700,,,,,
65800,,,,,
65900,1508898598000.0,43.00512998668506,-78.78959575876497,0.9082182,356.92084
66000,,,,,
66100,,,,,
66200,,,,,
66300,,,,,
66400,,,,,
66500,,,,,
66600,,,,,
66700,,,,,
66800,,,,,
66900,,,,,
67000,,,,,
67100,,,,,
67200,,,,,
67300,,,,,
67400,,,,,
67500,,,,,
67600,,,,,
67700,,,,,
67800,,,,,
67900,,,,,
68000,,,,,
68100,,,,,
68200,,,,,
68300,,,,,
68400,,,,,
68500,,,,,
68600,,,,,
68700,,,,,
68800,,,,,
68900,,,,,
69000,,,,,
69100,,,,,
69200,,,,,
69300,,,,,
69400,,,,,
69500,,,,,
69600,,,,,
69700,,,,,
69800,,,,,
69900,,,,,
70000,,,,,
70100,,,,,
70200,,,,,
70300,,,,,
70400,,,,,
70500,,,,,
70600,,,,,
70700,,,,,
70800,,,,,
70900,,,,,
71000,,,,,
71100,,,,,
71200,,,,,
71300,,,,,
71400,,,,,
71500,,,,,
71600,,,,,
71700,,,,,
71800,,,,,
71900,1508898604000.0,43.005140270749074,-78.78960409525394,2.5219815,353.7490200000001
72000,,,,,
72100,,,,,
72200,,,,,
72300,,,,,
72400,,,,,
72500,,,,,
72600,,,,,
72700,,,,,
72800,,,,,
72900,1508898605000.0,43.00516668409125,-78.78961044356171,4.192689,353.5458700000001
73000,,,,,
73100,,,,,
73200,,,,,
73300,,,,,
73400,,,,,
73500,,,,,
73600,,,,,
73700,,,,,
73800,,,,,
73900,1508898606000.0,43.00520923385991,-78.78961880600329,5.9540744000000005,351.2142
74000,,,,,
74100,,,,,
74200,,,,,
74300,,,,,
74400,,,,,
74500,,,,,
74600,,,,,
74700,,,,,
74800,,,,,
74900,1508898607000.0,43.00526592243903,-78.78963418100966,7.108891000000002,345.74084
75000,,,,,
75100,,,,,
75200,,,,,
75300,,,,,
75400,,,,,
75500,,,,,
75600,,,,,
75700,,,,,
75800,,,,,
75900,1508898608000.0,43.005328866333066,-78.78966210684358,8.091287,341.1338
76000,,,,,
76100,,,,,
76200,,,,,
76300,,,,,
76400,,,,,
76500,,,,,
76600,,,,,
76700,,,,,
76800,,,,,
76900,1508898609000.0,43.005393946673784,-78.78970919785961,8.509829,330.26697
77000,,,,,
77100,,,,,
77200,,,,,
77300,,,,,
77400,,,,,
77500,,,,,
77600,,,,,
77700,,,,,
77800,,,,,
77900,1508898610000.0,43.00545435660765,-78.78977406185345,8.999772,316.58603
78000,,,,,
78100,,,,,
78200,,,,,
78300,,,,,
78400,,,,,
78500,,,,,
78600,,,,,
78700,,,,,
78800,,,,,
78900,1508898611000.0,43.00550657411507,-78.78986827421583,9.878186,302.0876
79000,,,,,
79100,,,,,
79200,,,,,
79300,,,,,
79400,,,,,
79500,,,,,
79600,,,,,
79700,,,,,
79800,,,,,
79900,1508898612000.0,43.005543208563545,-78.78999477909319,11.380567,283.77554
80000,,,,,
80100,,,,,
80200,,,,,
80300,,,,,
80400,,,,,
80500,,,,,
80600,,,,,
80700,,,,,
80800,,,,,
80900,1508898613000.0,43.00555932096493,-78.79014491654925,12.033295,276.20343
81000,,,,,
81100,,,,,
81200,,,,,
81300,,,,,
81400,,,,,
81500,,,,,
81600,,,,,
81700,,,,,
81800,,,,,
81900,1508898614000.0,43.00556419994346,-78.79030340581104,13.045262,270.05383
82000,,,,,
82100,,,,,
82200,,,,,
82300,,,,,
82400,,,,,
82500,,,,,
82600,,,,,
82700,,,,,
82800,,,,,
82900,1508898615000.0,43.00556056068879,-78.79046992805385,13.433554,269.43213
83000,,,,,
83100,,,,,
83200,,,,,
83300,,,,,
83400,,,,,
83500,,,,,
83600,,,,,
83700,,,,,
83800,,,,,
83900,1508898616000.0,43.005557790050375,-78.79064016607326,13.920531,269.91763
84000,,,,,
84100,,,,,
84200,,,,,
84300,,,,,
84400,,,,,
84500,,,,,
84600,,,,,
84700,,,,,
84800,,,,,
84900,1508898617000.0,43.00555715743844,-78.79081462999766,14.216817,270.512
85000,,,,,
85100,,,,,
85200,,,,,
85300,,,,,
85400,,,,,
85500,,,,,
85600,,,,,
85700,,,,,
85800,,,,,
85900,1508898618000.0,43.00555705360539,-78.7909920322277,14.677976,269.99103
86000,,,,,
86100,,,,,
86200,,,,,
86300,,,,,
86400,,,,,
86500,,,,,
86600,,,,,
86700,,,,,
86800,,,,,
86900,1508898619000.0,43.005557576543595,-78.79117494300455,15.042281,270.29898
87000,,,,,
87100,,,,,
87200,,,,,
87300,,,,,
87400,,,,,
87500,,,,,
87600,,,,,
87700,,,,,
87800,,,,,
87900,1508898620000.0,43.00555942144988,-78.79136123437912,15.332752,271.43985
88000,,,,,
88100,,,,,
88200,,,,,
88300,,,,,
88400,,,,,
88500,,,,,
88600,,,,,
88700,,,,,
88800,,,,,
88900,1508898621000.0,43.0055611374381,-78.79155154280654,15.596817,271.27042
89000,,,,,
89100,,,,,
89200,,,,,
89300,,,,,
89400,,,,,
89500,,,,,
89600,,,,,
89700,,,,,
89800,,,,,
89900,1508898622000.0,43.00556292529153,-78.79174584316705,15.875353,271.08362
90000,,,,,
90100,,,,,
90200,,,,,
90300,,,,,
90400,,,,,
90500,,,,,
90600,,,,,
90700,,,,,
90800,,,,,
90900,1508898623000.0,43.00556167722245,-78.79194461546615,16.051413,269.49863
91000,,,,,
91100,,,,,
91200,,,,,
91300,,,,,
91400,,,,,
91500,,,,,
91600,,,,,
91700,,,,,
91800,,,,,
91900,1508898624000.0,43.00555763509694,-78.79214668565868,16.327116,268.08054
92000,,,,,
92100,,,,,
92200,,,,,
92300,,,,,
92400,,,,,
92500,,,,,
92600,,,,,
92700,,,,,
92800,,,,,
92900,1508898625000.0,43.00555016961828,-78.79235297361812,16.578722,267.57132
93000,,,,,
93100,,,,,
93200,,,,,
93300,,,,,
93400,,,,,
93500,,,,,
93600,,,,,
93700,,,,,
93800,,,,,
93900,1508898626000.0,43.00554041267069,-78.79256169053146,16.861609,267.0369
94000,,,,,
94100,,,,,
94200,,,,,
94300,,,,,
94400,,,,,
94500,,,,,
94600,,,,,
94700,,,,,
94800,,,,,
94900,1508898627000.0,43.005529365711716,-78.79277464619791,17.154139999999998,266.11972000000003
95000,,,,,
95100,,,,,
95200,,,,,
95300,,,,,
95400,,,,,
95500,,,,,
95600,,,,,
95700,,,,,
95800,,,,,
95900,1508898628000.0,43.00551429302086,-78.7929906178858,17.643862,264.75668
96000,,,,,
96100,,,,,
96200,,,,,
96300,,,,,
96400,,,,,
96500,,,,,
96600,,,,,
96700,,,,,
96800,,,,,
96900,1508898629000.0,43.00549140664136,-78.79320869075981,17.662482999999995,261.33597000000003
97000,,,,,
97100,,,,,
97200,,,,,
97300,,,,,
97400,,,,,
97500,,,,,
97600,,,,,
97700,,,,,
97800,,,,,
97900,1508898630000.0,43.00546131400564,-78.7934263799041,18.00345,258.98013
98000,,,,,
98100,,,,,
98200,,,,,
98300,,,,,
98400,,,,,
98500,,,,,
98600,,,,,
98700,,,,,
98800,,,,,
98900,1508898631000.0,43.00542509198903,-78.79364295046845,17.79126,257.61685
99000,,,,,
99100,,,,,
99200,,,,,
99300,,,,,
99400,,,,,
99500,,,,,
99600,,,,,
99700,,,,,
99800,,,,,
99900,1508898632000.0,43.00538361329858,-78.79386062439258,18.300747,257.29373
100000,,,,,
100100,,,,,
100200,,,,,
100300,,,,,
100400,,,,,
100500,,,,,
100600,,,,,
100700,,,,,
100800,,,,,
100900,1508898633000.0,43.00533992187642,-78.79408038227916,18.523731,255.60341
101000,,,,,
101100,,,,,
101200,,,,,
101300,,,,,
101400,,,,,
101500,,,,,
101600,,,,,
101700,,,,,
101800,,,,,
101900,1508898634000.0,43.005291129655504,-78.79430125190234,18.666206,253.48328
102000,,,,,
102100,,,,,
102200,,,,,
102300,,,,,
102400,,,,,
102500,,,,,
102600,,,,,
102700,,,,,
102800,,,,,
102900,1508898635000.0,43.00523673406931,-78.79452054122686,18.720642,251.01619
103000,,,,,
103100,,,,,
103200,,,,,
103300,,,,,
103400,,,,,
103500,,,,,
103600,,,,,
103700,,,,,
103800,,,,,
103900,1508898636000.0,43.00517626017581,-78.79473683934556,18.671972,249.08713
104000,,,,,
104100,,,,,
104200,,,,,
104300,,,,,
104400,,,,,
104500,,,,,
104600,,,,,
104700,,,,,
104800,,,,,
104900,1508898637000.0,43.00511249967908,-78.7949503463128,18.631897,246.78535
105000,,,,,
105100,,,,,
105200,,,,,
105300,,,,,
105400,,,,,
105500,,,,,
105600,,,,,
105700,,,,,
105800,,,,,
105900,1508898638000.0,43.005040704535524,-78.79515619312633,18.367002,243.27347000000003
106000,,,,,
106100,,,,,
106200,,,,,
106300,,,,,
106400,,,,,
106500,,,,,
106600,,,,,
106700,,,,,
106800,,,,,
106900,1508898639000.0,43.00496019455328,-78.79535965438208,18.980413,241.05072
107000,,,,,
107100,,,,,
107200,,,,,
107300,,,,,
107400,,,,,
107500,,,,,
107600,,,,,
107700,,,,,
107800,,,,,
107900,1508898640000.0,43.00487333608397,-78.79556329085678,19.349884,238.38965
108000,,,,,
108100,,,,,
108200,,,,,
108300,,,,,
108400,,,,,
108500,,,,,
108600,,,,,
108700,,,,,
108800,,,,,
108900,1508898641000.0,43.00477303290253,-78.7957576934382,19.2948,233.86261
109000,,,,,
109100,,,,,
109200,,,,,
109300,,,,,
109400,,,,,
109500,,,,,
109600,,,,,
109700,,,,,
109800,,,,,
109900,1508898642000.0,43.004662747781104,-78.79594143925497,19.326689,229.24771
110000,,,,,
110100,,,,,
110200,,,,,
110300,,,,,
110400,,,,,
110500,,,,,
110600,,,,,
110700,,,,,
110800,,,,,
110900,1508898643000.0,43.00454451202186,-78.79611226677116,19.209267,225.0343
111000,,,,,
111100,,,,,
111200,,,,,
111300,,,,,
111400,,,,,
111500,,,,,
111600,,,,,
111700,,,,,
111800,,,,,
111900,1508898644000.0,43.00441624526104,-78.79627111688913,19.043818,220.6786
112000,,,,,
112100,,,,,
112200,,,,,
112300,,,,,
112400,,,,,
112500,,,,,
112600,,,,,
112700,,,,,
112800,,,,,
112900,1508898645000.0,43.00427952986249,-78.7964141605952,19.015144,216.9216
113000,,,,,
113100,,,,,
113200,,,,,
113300,,,,,
113400,,,,,
113500,,,,,
113600,,,,,
113700,,,,,
113800,,,,,
113900,1508898646000.0,43.00414068502363,-78.79654399135892,18.456581,215.21729
114000,,,,,
114100,,,,,
114200,,,,,
114300,,,,,
114400,,,,,
114500,,,,,
114600,,,,,
114700,,,,,
114800,,,,,
114900,1508898647000.0,43.00400049265779,-78.79666406546279,18.541817,211.48106
115000,,,,,
115100,,,,,
115200,,,,,
115300,,,,,
115400,,,,,
115500,,,,,
115600,,,,,
115700,,,,,
115800,,,,,
115900,1508898648000.0,43.00385431547567,-78.79677342353942,18.708754000000006,208.41539
116000,,,,,
116100,,,,,
116200,,,,,
116300,,,,,
116400,,,,,
116500,,,,,
116600,,,,,
116700,,,,,
116800,,,,,
116900,1508898649000.0,43.00370454028874,-78.7968650518033,18.28054,203.33853
117000,,,,,
117100,,,,,
117200,,,,,
117300,,,,,
117400,,,,,
117500,,,,,
117600,,,,,
117700,,,,,
117800,,,,,
117900,1508898650000.0,43.003549405169984,-78.79694109436419,18.54388,200.46725
118000,,,,,
118100,,,,,
118200,,,,,
118300,,,,,
118400,,,,,
118500,,,,,
118600,,,,,
118700,,,,,
118800,,,,,
118900,1508898651000.0,43.00338910562191,-78.79700552155464,18.682362,196.62944
119000,,,,,
119100,,,,,
119200,,,,,
119300,,,,,
119400,,,,,
119500,,,,,
119600,,,,,
119700,,,,,
119800,,,,,
119900,1508898652000.0,43.003225934524146,-78.79705680452703,18.269035,192.4653
120000,,,,,
120100,,,,,
120200,,,,,
120300,,,,,
120400,,,,,
120500,,,,,
120600,,,,,
120700,,,,,
120800,,,,,
120900,1508898653000.0,43.00306033440017,-78.79709424362424,18.497818,189.47539
121000,,,,,
121100,,,,,
121200,,,,,
121300,,,,,
121400,,,,,
121500,,,,,
121600,,,,,
121700,,,,,
121800,,,,,
121900,1508898654000.0,43.002890262346895,-78.79712172893133,18.45949,185.92818
122000,,,,,
122100,,,,,
122200,,,,,
122300,,,,,
122400,,,,,
122500,,,,,
122600,,,,,
122700,,,,,
122800,,,,,
122900,1508898655000.0,43.00271905390563,-78.79713749906382,18.712317,183.65636
123000,,,,,
123100,,,,,
123200,,,,,
123300,,,,,
123400,,,,,
123500,,,,,
123600,,,,,
123700,,,,,
123800,,,,,
123900,1508898656000.0,43.0025475190819,-78.79714144314757,18.694304,180.88716
124000,,,,,
124100,,,,,
124200,,,,,
124300,,,,,
124400,,,,,
124500,,,,,
124600,,,,,
124700,,,,,
124800,,,,,
124900,1508898657000.0,43.00237695052164,-78.79713637038184,18.550915,178.00856000000005
125000,,,,,
125100,,,,,
125200,,,,,
125300,,,,,
125400,,,,,
125500,,,,,
125600,,,,,
125700,,,,,
125800,,,,,
125900,1508898658000.0,43.00220629570608,-78.79712322530763,18.428938,176.84134
126000,,,,,
126100,,,,,
126200,,,,,
126300,,,,,
126400,,,,,
126500,,,,,
126600,,,,,
126700,,,,,
126800,,,,,
126900,1508898659000.0,43.00204172348528,-78.79710884083096,17.915567000000006,176.53014
127000,,,,,
127100,,,,,
127200,,,,,
127300,,,,,
127400,,,,,
127500,,,,,
127600,,,,,
127700,,,,,
127800,,,,,
127900,1508898660000.0,43.00188200882266,-78.79709338420399,17.385519,176.0089
128000,,,,,
128100,,,,,
128200,,,,,
128300,,,,,
128400,,,,,
128500,,,,,
128600,,,,,
128700,,,,,
128800,,,,,
128900,1508898661000.0,43.00172588373137,-78.79707580787998,16.83635,175.59787
129000,,,,,
129100,,,,,
129200,,,,,
129300,,,,,
129400,,,,,
129500,,,,,
129600,,,,,
129700,,,,,
129800,,,,,
129900,1508898662000.0,43.00157411095748,-78.79706098068395,16.604515,176.45658999999995
130000,,,,,
130100,,,,,
130200,,,,,
130300,,,,,
130400,,,,,
130500,,,,,
130600,,,,,
130700,,,,,
130800,,,,,
130900,1508898663000.0,43.0014251699459,-78.79704964240312,16.314325,177.0762
131000,,,,,
131100,,,,,
131200,,,,,
131300,,,,,
131400,,,,,
131500,,,,,
131600,,,,,
131700,,,,,
131800,,,,,
131900,1508898664000.0,43.00127893326021,-78.79704272363807,16.039656,178.5632
132000,,,,,
132100,,,,,
132200,,,,,
132300,,,,,
132400,,,,,
132500,,,,,
132600,,,,,
132700,,,,,
132800,,,,,
132900,1508898665000.0,43.001136393406476,-78.79704091080808,15.600697,180.32957
133000,,,,,
133100,,,,,
133200,,,,,
133300,,,,,
133400,,,,,
133500,,,,,
133600,,,,,
133700,,,,,
133800,,,,,
133900,1508898666000.0,43.001000026958025,-78.79704233630412,14.809759,180.71887
134000,,,,,
134100,,,,,
134200,,,,,
134300,,,,,
134400,,,,,
134500,,,,,
134600,,,,,
134700,,,,,
134800,,,,,
134900,1508898667000.0,43.00086884504881,-78.79704248814353,14.500435,179.88284
135000,,,,,
135100,,,,,
135200,,,,,
135300,,,,,
135400,,,,,
135500,,,,,
135600,,,,,
135700,,,,,
135800,,,,,
135900,1508898668000.0,43.000743697665825,-78.79704423339332,13.627314000000002,181.9095
136000,,,,,
136100,,,,,
136200,,,,,
136300,,,,,
136400,,,,,
136500,,,,,
136600,,,,,
136700,,,,,
136800,,,,,
136900,1508898669000.0,43.00062645944995,-78.79704621364114,12.578056,179.24233999999996
137000,,,,,
137100,,,,,
137200,,,,,
137300,,,,,
137400,,,,,
137500,,,,,
137600,,,,,
137700,,,,,
137800,,,,,
137900,1508898670000.0,43.00052267977751,-78.79704157794724,10.98276,180.0173
138000,,,,,
138100,,,,,
138200,,,,,
138300,,,,,
138400,,,,,
138500,,,,,
138600,,,,,
138700,,,,,
138800,,,,,
138900,1508898671000.0,43.0004272315886,-78.79704260513375,10.543413,182.25252
139000,,,,,
139100,,,,,
139200,,,,,
139300,,,,,
139400,,,,,
139500,,,,,
139600,,,,,
139700,,,,,
139800,,,,,
139900,1508898672000.0,43.00033875402816,-78.79704719799756,9.64006,183.00441
140000,,,,,
140100,,,,,
140200,,,,,
140300,,,,,
140400,,,,,
140500,,,,,
140600,,,,,
140700,,,,,
140800,,,,,
140900,1508898673000.0,43.00026016860929,-78.79705453092619,8.281934,185.66606
141000,,,,,
141100,,,,,
141200,,,,,
141300,,,,,
141400,,,,,
141500,,,,,
141600,,,,,
141700,,,,,
141800,,,,,
141900,1508898674000.0,43.00019676062522,-78.7970696506815,6.6484704,194.07791
142000,,,,,
142100,,,,,
142200,,,,,
142300,,,,,
142400,,,,,
142500,,,,,
142600,,,,,
142700,,,,,
142800,,,,,
142900,1508898675000.0,43.00014753602336,-78.7970967083501,5.7059026,203.3486
143000,,,,,
143100,,,,,
143200,,,,,
143300,,,,,
143400,,,,,
143500,,,,,
143600,,,,,
143700,,,,,
143800,,,,,
143900,1508898676000.0,43.000109761394796,-78.79714032141459,5.5670676,225.95673
144000,,,,,
144100,,,,,
144200,,,,,
144300,,,,,
144400,,,,,
144500,,,,,
144600,,,,,
144700,,,,,
144800,,,,,
144900,1508898677000.0,43.00008406679287,-78.79720562530042,6.4181323,247.23137000000003
145000,,,,,
145100,,,,,
145200,,,,,
145300,,,,,
145400,,,,,
145500,,,,,
145600,,,,,
145700,,,,,
145800,,,,,
145900,1508898678000.0,43.000073844790315,-78.79729281299052,7.6073312999999985,266.17267000000004
146000,,,,,
146100,,,,,
146200,,,,,
146300,,,,,
146400,,,,,
146500,,,,,
146600,,,,,
146700,,,,,
146800,,,,,
146900,1508898679000.0,43.00007979638204,-78.79740028196859,8.578652,276.91592
147000,,,,,
147100,,,,,
147200,,,,,
147300,,,,,
147400,,,,,
147500,,,,,
147600,,,,,
147700,,,,,
147800,,,,,
147900,1508898680000.0,43.000095179707785,-78.79751418358258,9.13731,277.30618
148000,,,,,
148100,,,,,
148200,,,,,
148300,,,,,
148400,,,,,
148500,,,,,
148600,,,,,
148700,,,,,
148800,,,,,
148900,1508898681000.0,43.00010754078518,-78.79763083523247,9.570468,272.7341
149000,,,,,
149100,,,,,
149200,,,,,
149300,,,,,
149400,,,,,
149500,,,,,
149600,,,,,
149700,,,,,
149800,,,,,
149900,1508898682000.0,43.00011202336161,-78.7977501253116,9.631042,269.19818
150000,,,,,
150100,,,,,
150200,,,,,
150300,,,,,
150400,,,,,
150500,,,,,
150600,,,,,
150700,,,,,
150800,,,,,
150900,1508898683000.0,43.00011114746014,-78.7978667132621,9.153917,268.66217
151000,,,,,
151100,,,,,
151200,,,,,
151300,,,,,
151400,,,,,
151500,,,,,
151600,,,,,
151700,,,,,
151800,,,,,
151900,1508898684000.0,43.0001107509984,-78.79797689266452,8.449554,269.57372999999995
152000,,,,,
152100,,,,,
152200,,,,,
152300,,,,,
152400,,,,,
152500,,,,,
152600,,,,,
152700,,,,,
152800,,,,,
152900,1508898685000.0,43.0001123281692,-78.79807755475855,7.4010487,270.3506
153000,,,,,
153100,,,,,
153200,,,,,
153300,,,,,
153400,,,,,
153500,,,,,
153600,,,,,
153700,,,,,
153800,,,,,
153900,1508898686000.0,43.00011448768765,-78.79816085252115,5.8785667,273.14633
154000,,,,,
154100,,,,,
154200,,,,,
154300,,,,,
154400,,,,,
154500,,,,,
154600,,,,,
154700,,,,,
154800,,,,,
154900,1508898687000.0,43.0001162849473,-78.79822341422229,4.3493614,274.8837
155000,,,,,
155100,,,,,
155200,,,,,
155300,,,,,
155400,,,,,
155500,,,,,
155600,,,,,
155700,,,,,
155800,,,,,
155900,1508898688000.0,43.000117984640866,-78.7982668985785,3.017543,278.02875
156000,,,,,
156100,,,,,
156200,,,,,
156300,,,,,
156400,,,,,
156500,,,,,
156600,,,,,
156700,,,,,
156800,,,,,
156900,1508898689000.0,43.00011742543517,-78.79829031537327,1.1041204,261.1844
157000,,,,,
157100,,,,,
157200,,,,,
157300,,,,,
157400,,,,,
157500,,,,,
157600,,,,,
157700,,,,,
157800,,,,,
157900,,,,,
158000,,,,,
158100,,,,,
158200,,,,,
158300,,,,,
158400,,,,,
158500,,,,,
158600,,,,,
158700,,,,,
158800,,,,,
158900,,,,,
159000,,,,,
159100,,,,,
159200,,,,,
159300,,,,,
159400,,,,,
159500,,,,,
159600,,,,,
159700,,,,,
159800,,,,,
159900,,,,,
160000,,,,,
160100,,,,,
160200,,,,,
160300,,,,,
160400,,,,,
160500,,,,,
160600,,,,,
160700,,,,,
160800,,,,,
160900,,,,,
161000,,,,,
161100,,,,,
161200,,,,,
161300,,,,,
161400,,,,,
161500,,,,,
161600,,,,,
161700,,,,,
161800,,,,,
161900,,,,,
162000,,,,,
162100,,,,,
162200,,,,,
162300,,,,,
162400,,,,,
162500,,,,,
162600,,,,,
162700,,,,,
162800,,,,,
162900,,,,,
163000,,,,,
163100,,,,,
163200,,,,,
163300,,,,,
163400,,,,,
163500,,,,,
163600,,,,,
163700,,,,,
163800,,,,,
163900,,,,,
164000,,,,,
164100,,,,,
164200,,,,,
164300,,,,,
164400,,,,,
164500,,,,,
164600,,,,,
164700,,,,,
164800,,,,,
164900,,,,,
165000,,,,,
165100,,,,,
165200,,,,,
165300,,,,,
165400,,,,,
165500,,,,,
165600,,,,,
165700,,,,,
165800,,,,,
165900,1508898698000.0,43.00011378982647,-78.79830880697091,1.4044545,321.29706
166000,,,,,
166100,,,,,
166200,,,,,
166300,,,,,
166400,,,,,
166500,,,,,
166600,,,,,
166700,,,,,
166800,,,,,
166900,1508898699000.0,43.000116762894095,-78.79833309770655,2.4196289,281.5619200000001
167000,,,,,
167100,,,,,
167200,,,,,
167300,,,,,
167400,,,,,
167500,,,,,
167600,,,,,
167700,,,,,
167800,,,,,
167900,1508898700000.0,43.000118989503335,-78.79837402779363,3.9604158,271.86353
168000,,,,,
168100,,,,,
168200,,,,,
168300,,,,,
168400,,,,,
168500,,,,,
168600,,,,,
168700,,,,,
168800,,,,,
168900,1508898701000.0,43.00011942334047,-78.79843165166669,5.032043,272.48398
169000,,,,,
169100,,,,,
169200,,,,,
169300,,,,,
169400,,,,,
169500,,,,,
169600,,,,,
169700,,,,,
169800,,,,,
169900,1508898702000.0,43.000124335641615,-78.79849866299526,5.808939499999998,280.45575
170000,,,,,
170100,,,,,
170200,,,,,
170300,,,,,
170400,,,,,
170500,,,,,
170600,,,,,
170700,,,,,
170800,,,,,
170900,1508898703000.0,43.00013551124889,-78.7985600973673,4.4405637,287.3806
171000,,,,,
171100,,,,,
171200,,,,,
171300,,,,,
171400,,,,,
171500,,,,,
171600,,,,,
171700,,,,,
171800,,,,,
171900,1508898704000.0,43.000163039831456,-78.79861150900489,6.0674844000000006,321.1704
172000,,,,,
172100,,,,,
172200,,,,,
172300,,,,,
172400,,,,,
172500,,,,,
172600,,,,,
172700,,,,,
172800,,,,,
172900,1508898705000.0,43.000215141607256,-78.79864721540656,7.1717296,342.80908
173000,,,,,
173100,,,,,
173200,,,,,
173300,,,,,
173400,,,,,
173500,,,,,
173600,,,,,
173700,,,,,
173800,,,,,
173900,1508898706000.0,43.00028479695097,-78.79866231758852,8.381019,354.9309
174000,,,,,
174100,,,,,
174200,,,,,
174300,,,,,
174400,,,,,
174500,,,,,
174600,,,,,
174700,,,,,
174800,,,,,
174900,1508898707000.0,43.00036755299215,-78.79866133894438,9.798767,0.911259
175000,,,,,
175100,,,,,
175200,,,,,
175300,,,,,
175400,,,,,
175500,,,,,
175600,,,,,
175700,,,,,
175800,,,,,
175900,1508898708000.0,43.00046188542019,-78.79865533363318,10.845674,1.5360665
176000,,,,,
176100,,,,,
176200,,,,,
176300,,,,,
176400,,,,,
176500,,,,,
176600,,,,,
176700,,,,,
176800,,,,,
176900,1508898709000.0,43.00056476837301,-78.79864839131581,11.66483,1.5043547
177000,,,,,
177100,,,,,
177200,,,,,
177300,,,,,
177400,,,,,
177500,,,,,
177600,,,,,
177700,,,,,
177800,,,,,
177900,1508898710000.0,43.00067625249852,-78.7986425046293,12.368431,0.84728396
178000,,,,,
178100,,,,,
178200,,,,,
178300,,,,,
178400,,,,,
178500,,,,,
178600,,,,,
178700,,,,,
178800,,,,,
178900,1508898711000.0,43.00079656363121,-78.7986381259278,13.361406,0.19174552
179000,,,,,
179100,,,,,
179200,,,,,
179300,,,,,
179400,,,,,
179500,,,,,
179600,,,,,
179700,,,,,
179800,,,,,
179900,1508898712000.0,43.00092478899168,-78.798634871244,14.214579,359.95264
180000,,,,,
180100,,,,,
180200,,,,,
180300,,,,,
180400,,,,,
180500,,,,,
180600,,,,,
180700,,,,,
180800,,,,,
180900,1508898713000.0,43.001058403268694,-78.79863367779744,14.77657,359.94183
181000,,,,,
181100,,,,,
181200,,,,,
181300,,,,,
181400,,,,,
181500,,,,,
181600,,,,,
181700,,,,,
181800,,,,,
181900,1508898714000.0,43.001199174860496,-78.79863292491,15.438017000000002,359.7633
182000,,,,,
182100,,,,,
182200,,,,,
182300,,,,,
182400,,,,,
182500,,,,,
182600,,,,,
182700,,,,,
182800,,,,,
182900,1508898715000.0,43.001344176259316,-78.79863291392948,15.868338,0.06482682
183000,,,,,
183100,,,,,
183200,,,,,
183300,,,,,
183400,,,,,
183500,,,,,
183600,,,,,
183700,,,,,
183800,,,,,
183900,1508898716000.0,43.00149227034139,-78.7986318069102,16.259017999999998,1.0005298
184000,,,,,
184100,,,,,
184200,,,,,
184300,,,,,
184400,,,,,
184500,,,,,
184600,,,,,
184700,,,,,
184800,,,,,
184900,1508898717000.0,43.00164327894432,-78.7986302211162,16.673702,0.2012904
185000,,,,,
185100,,,,,
185200,,,,,
185300,,,,,
185400,,,,,
185500,,,,,
185600,,,,,
185700,,,,,
185800,,,,,
185900,1508898718000.0,43.00179709252859,-78.7986293471418,17.08023,359.6219
186000,,,,,
186100,,,,,
186200,,,,,
186300,,,,,
186400,,,,,
186500,,,,,
186600,,,,,
186700,,,,,
186800,,,,,
186900,1508898719000.0,43.00195138190087,-78.7986268733131,16.796785,0.5660196
187000,,,,,
187100,,,,,
187200,,,,,
187300,,,,,
187400,,,,,
187500,,,,,
187600,,,,,
187700,,,,,
187800,,,,,
187900,1508898720000.0,43.00210376695029,-78.7986240403512,17.0051,0.38010514
188000,,,,,
188100,,,,,
188200,,,,,
188300,,,,,
188400,,,,,
188500,,,,,
188600,,,,,
188700,,,,,
188800,,,,,
188900,1508898721000.0,43.00225844207353,-78.79862258452275,17.279013,359.955
189000,,,,,
189100,,,,,
189200,,,,,
189300,,,,,
189400,,,,,
189500,,,,,
189600,,,,,
189700,,,,,
189800,,,,,
189900,1508898722000.0,43.002413758150006,-78.7986220716659,17.249289,359.95764
190000,,,,,
190100,,,,,
190200,,,,,
190300,,,,,
190400,,,,,
190500,,,,,
190600,,,,,
190700,,,,,
190800,,,,,
190900,1508898723000.0,43.00256752046282,-78.79862344816955,16.93003,359.21875
191000,,,,,
191100,,,,,
191200,,,,,
191300,,,,,
191400,,,,,
191500,,,,,
191600,,,,,
191700,,,,,
191800,,,,,
191900,1508898724000.0,43.00271800029232,-78.79862675257343,16.589056,358.70767
192000,,,,,
192100,,,,,
192200,,,,,
192300,,,,,
192400,,,,,
192500,,,,,
192600,,,,,
192700,,,,,
192800,,,,,
192900,1508898725000.0,43.00286502685529,-78.7986328993763,16.069855,357.5321
193000,,,,,
193100,,,,,
193200,,,,,
193300,,,,,
193400,,,,,
193500,,,,,
193600,,,,,
193700,,,,,
193800,,,,,
193900,1508898726000.0,43.00300523820339,-78.7986431951606,15.202823,356.42773
194000,,,,,
194100,,,,,
194200,,,,,
194300,,,,,
194400,,,,,
194500,,,,,
194600,,,,,
194700,,,,,
194800,,,,,
194900,1508898727000.0,43.00313692731973,-78.79865476950724,14.204761499999998,356.49316
195000,,,,,
195100,,,,,
195200,,,,,
195300,,,,,
195400,,,,,
195500,,,,,
195600,,,,,
195700,,,,,
195800,,,,,
195900,1508898728000.0,43.003261249334,-78.79866315269906,13.575491,358.41733
196000,,,,,
196100,,,,,
196200,,,,,
196300,,,,,
196400,,,,,
196500,,,,,
196600,,,,,
196700,,,,,
196800,,,,,
196900,1508898729000.0,43.00338071590114,-78.79867111720974,13.085596,356.7752700000001
197000,,,,,
197100,,,,,
197200,,,,,
197300,,,,,
197400,,,,,
197500,,,,,
197600,,,,,
197700,,,,,
197800,,,,,
197900,1508898730000.0,43.00349234526697,-78.79867860988459,11.992584,358.35736
198000,,,,,
198100,,,,,
198200,,,,,
198300,,,,,
198400,,,,,
198500,,,,,
198600,,,,,
198700,,,,,
198800,,,,,
198900,1508898731000.0,43.0035939906977,-78.79868182665477,11.12063,359.49588
199000,,,,,
199100,,,,,
199200,,,,,
199300,,,,,
199400,,,,,
199500,,,,,
199600,,,,,
199700,,,,,
199800,,,,,
199900,1508898732000.0,43.003687328720034,-78.79868177593718,9.981048,359.7811
200000,,,,,
200100,,,,,
200200,,,,,
200300,,,,,
200400,,,,,
200500,,,,,
200600,,,,,
200700,,,,,
200800,,,,,
200900,1508898733000.0,43.00377126175567,-78.79868115982842,8.772076,0.2244899
201000,,,,,
201100,,,,,
201200,,,,,
201300,,,,,
201400,,,,,
201500,,,,,
201600,,,,,
201700,,,,,
201800,,,,,
201900,1508898734000.0,43.0038458897534,-78.79868007795059,7.8276105,0.06369491
202000,,,,,
202100,,,,,
202200,,,,,
202300,,,,,
202400,,,,,
202500,,,,,
202600,,,,,
202700,,,,,
202800,,,,,
202900,1508898735000.0,43.003912176245116,-78.79867787947273,7.2410784,2.7855263
203000,,,,,
203100,,,,,
203200,,,,,
203300,,,,,
203400,,,,,
203500,,,,,
203600,,,,,
203700,,,,,
203800,,,,,
203900,1508898736000.0,43.00396823701743,-78.79867611813829,5.598219,0.13328208
204000,,,,,
204100,,,,,
204200,,,,,
204300,,,,,
204400,,,,,
204500,,,,,
204600,,,,,
204700,,,,,
204800,,,,,
204900,1508898737000.0,43.00401222662919,-78.79867674628889,4.393323400000001,359.4443
205000,,,,,
205100,,,,,
205200,,,,,
205300,,,,,
205400,,,,,
205500,,,,,
205600,,,,,
205700,,,,,
205800,,,,,
205900,1508898738000.0,43.004046155103985,-78.79867754402117,3.4961123,0.012644519
206000,,,,,
206100,,,,,
206200,,,,,
206300,,,,,
206400,,,,,
206500,,,,,
206600,,,,,
206700,,,,,
206800,,,,,
206900,1508898739000.0,43.004070775422704,-78.79867856610667,2.3937817000000003,359.49704
207000,,,,,
207100,,,,,
207200,,,,,
207300,,,,,
207400,,,,,
207500,,,,,
207600,,,,,
207700,,,,,
207800,,,,,
207900,1508898740000.0,43.004085163559196,-78.79867936194931,1.1238655,358.29913
208000,,,,,
208100,,,,,
208200,,,,,
208300,,,,,
208400,,,,,
208500,,,,,
208600,,,,,
208700,,,,,
208800,,,,,
208900,,,,,
209000,,,,,
209100,,,,,
209200,,,,,
209300,,,,,
209400,,,,,
209500,,,,,
209600,,,,,
209700,,,,,
209800,,,,,
209900,,,,,
210000,,,,,
210100,,,,,
210200,,,,,
210300,,,,,
210400,,,,,
210500,,,,,
210600,,,,,
210700,,,,,
210800,,,,,
210900,,,,,
211000,,,,,
211100,,,,,
211200,,,,,
211300,,,,,
211400,,,,,
211500,,,,,
211600,,,,,
211700,,,,,
211800,,,,,
211900,,,,,
212000,,,,,
212100,,,,,
212200,,,,,
212300,,,,,
212400,,,,,
212500,,,,,
212600,,,,,
212700,,,,,
212800,,,,,
212900,,,,,
213000,,,,,
213100,,,,,
213200,,,,,
213300,,,,,
213400,,,,,
213500,,,,,
213600,,,,,
213700,,,,,
213800,,,,,
213900,,,,,
214000,,,,,
214100,,,,,
214200,,,,,
214300,,,,,
214400,,,,,
214500,,,,,
214600,,,,,
214700,,,,,
214800,,,,,
214900,,,,,
215000,,,,,
215100,,,,,
215200,,,,,
215300,,,,,
215400,,,,,
215500,,,,,
215600,,,,,
215700,,,,,
215800,,,,,
215900,,,,,
216000,,,,,
216100,,,,,
216200,,,,,
216300,,,,,
216400,,,,,
216500,,,,,
216600,,,,,
216700,,,,,
216800,,,,,
216900,,,,,
217000,,,,,
217100,,,,,
217200,,,,,
217300,,,,,
217400,,,,,
217500,,,,,
217600,,,,,
217700,,,,,
217800,,,,,
217900,,,,,
218000,,,,,
218100,,,,,
218200,,,,,
218300,,,,,
218400,,,,,
218500,,,,,
218600,,,,,
218700,,,,,
218800,,,,,
218900,,,,,
219000,,,,,
219100,,,,,
219200,,,,,
219300,,,,,
219400,,,,,
219500,,,,,
219600,,,,,
219700,,,,,
219800,,,,,
219900,,,,,
220000,,,,,
220100,,,,,
220200,,,,,
220300,,,,,
220400,,,,,
220500,,,,,
220600,,,,,
220700,,,,,
220800,,,,,
220900,,,,,
221000,,,,,
221100,,,,,
221200,,,,,
221300,,,,,
221400,,,,,
221500,,,,,
221600,,,,,
221700,,,,,
221800,,,,,
221900,,,,,
222000,,,,,
222100,,,,,
222200,,,,,
222300,,,,,
222400,,,,,
222500,,,,,
222600,,,,,
222700,,,,,
222800,,,,,
222900,,,,,
223000,,,,,
223100,,,,,
223200,,,,,
223300,,,,,
223400,,,,,
223500,,,,,
223600,,,,,
223700,,,,,
223800,,,,,
223900,,,,,
224000,,,,,
224100,,,,,
224200,,,,,
224300,,,,,
224400,,,,,
224500,,,,,
224600,,,,,
224700,,,,,
224800,,,,,
224900,1508898757000.0,43.00410792664706,-78.79868202092867,3.0209522,1.497527
225000,,,,,
225100,,,,,
225200,,,,,
225300,,,,,
225400,,,,,
225500,,,,,
225600,,,,,
225700,,,,,
225800,,,,,
225900,1508898758000.0,43.004138360471906,-78.79868500017764,4.5588675,359.09708
226000,,,,,
226100,,,,,
226200,,,,,
226300,,,,,
226400,,,,,
226500,,,,,
226600,,,,,
226700,,,,,
226800,,,,,
226900,1508898759000.0,43.004182606217725,-78.79869060944101,5.63532,353.6726
227000,,,,,
227100,,,,,
227200,,,,,
227300,,,,,
227400,,,,,
227500,,,,,
227600,,,,,
227700,,,,,
227800,,,,,
227900,1508898760000.0,43.00423093543912,-78.79870966274385,6.103559,336.63995
228000,,,,,
228100,,,,,
228200,,,,,
228300,,,,,
228400,,,,,
228500,,,,,
228600,,,,,
228700,,,,,
228800,,,,,
228900,1508898761000.0,43.00427849349944,-78.79874905493577,6.5722713000000015,318.13733
229000,,,,,
229100,,,,,
229200,,,,,
229300,,,,,
229400,,,,,
229500,,,,,
229600,,,,,
229700,,,,,
229800,,,,,
229900,1508898762000.0,43.004315086557725,-78.79880962310159,6.928,303.63644
230000,,,,,
230100,,,,,
230200,,,,,
230300,,,,,
230400,,,,,
230500,,,,,
230600,,,,,
230700,,,,,
230800,,,,,
230900,1508898763000.0,43.00434073334458,-78.79889167625177,7.677952,284.0035
231000,,,,,
231100,,,,,
231200,,,,,
231300,,,,,
231400,,,,,
231500,,,,,
231600,,,,,
231700,,,,,
231800,,,,,
231900,1508898764000.0,43.004350871504144,-78.79898820954995,8.427846,271.10867
232000,,,,,
232100,,,,,
232200,,,,,
232300,,,,,
232400,,,,,
232500,,,,,
232600,,,,,
232700,,,,,
232800,,,,,
232900,1508898765000.0,43.004349298503264,-78.79909893363502,9.288328,266.3089
233000,,,,,
233100,,,,,
233200,,,,,
233300,,,,,
233400,,,,,
233500,,,,,
233600,,,,,
233700,,,,,
233800,,,,,
233900,1508898766000.0,43.00434499693257,-78.79921723535158,9.7551775,267.95193
234000,,,,,
234100,,,,,
234200,,,,,
234300,,,,,
234400,,,,,
234500,,,,,
234600,,,,,
234700,,,,,
234800,,,,,
234900,1508898767000.0,43.004342263023204,-78.79934635534495,10.92488,268.06583
235000,,,,,
235100,,,,,
235200,,,,,
235300,,,,,
235400,,,,,
235500,,,,,
235600,,,,,
235700,,,,,
235800,,,,,
235900,1508898768000.0,43.00433995272539,-78.7994884286749,11.828999,269.6269
236000,,,,,
236100,,,,,
236200,,,,,
236300,,,,,
236400,,,,,
236500,,,,,
236600,,,,,
236700,,,,,
236800,,,,,
236900,1508898769000.0,43.004340129055976,-78.79964054315795,12.506872,271.2298
237000,,,,,
237100,,,,,
237200,,,,,
237300,,,,,
237400,,,,,
237500,,,,,
237600,,,,,
237700,,,,,
237800,,,,,
237900,1508898770000.0,43.00434107151799,-78.79980258986338,13.212659,271.4686
238000,,,,,
238100,,,,,
238200,,,,,
238300,,,,,
238400,,,,,
238500,,,,,
238600,,,,,
238700,,,,,
238800,,,,,
238900,1508898771000.0,43.00434551432512,-78.79996973594413,13.4518385,273.20963
239000,,,,,
239100,,,,,
239200,,,,,
239300,,,,,
239400,,,,,
239500,,,,,
239600,,,,,
239700,,,,,
239800,,,,,
239900,1508898772000.0,43.00434978196304,-78.80014237347247,13.988399,273.0612
240000,,,,,
240100,,,,,
240200,,,,,
240300,,,,,
240400,,,,,
240500,,,,,
240600,,,,,
240700,,,,,
240800,,,,,
240900,1508898773000.0,43.004353709329855,-78.80032113160856,14.43671,272.16498
241000,,,,,
241100,,,,,
241200,,,,,
241300,,,,,
241400,,,,,
241500,,,,,
241600,,,,,
241700,,,,,
241800,,,,,
241900,1508898774000.0,43.00435393275643,-78.80050589451659,14.965834,270.03894
242000,,,,,
242100,,,,,
242200,,,,,
242300,,,,,
242400,,,,,
242500,,,,,
242600,,,,,
242700,,,,,
242800,,,,,
242900,1508898775000.0,43.00434921486382,-78.80069916587027,15.403674,268.82642000000004
243000,,,,,
243100,,,,,
243200,,,,,
243300,,,,,
243400,,,,,
243500,,,,,
243600,,,,,
243700,,,,,
243800,,,,,
243900,1508898776000.0,43.0043445632494,-78.80089688056165,15.898270000000002,269.57364
244000,,,,,
244100,,,,,
244200,,,,,
244300,,,,,
244400,,,,,
244500,,,,,
244600,,,,,
244700,,,,,
244800,,,,,
244900,1508898777000.0,43.00434216696407,-78.80110009102916,16.403893,270.4293
245000,,,,,
245100,,,,,
245200,,,,,
245300,,,,,
245400,,,,,
245500,,,,,
245600,,,,,
245700,,,,,
245800,,,,,
245900,1508898778000.0,43.004340540954935,-78.80130829981076,16.965363,270.56345
246000,,,,,
246100,,,,,
246200,,,,,
246300,,,,,
246400,,,,,
246500,,,,,
246600,,,,,
246700,,,,,
246800,,,,,
246900,1508898779000.0,43.00434012478616,-78.80152004879075,17.025072,271.23712
247000,,,,,
247100,,,,,
247200,,,,,
247300,,,,,
247400,,,,,
247500,,,,,
247600,,,,,
247700,,,,,
247800,,,,,
247900,1508898780000.0,43.004340302593526,-78.80172980030358,16.899681,270.5296
248000,,,,,
248100,,,,,
248200,,,,,
248300,,,,,
248400,,,,,
248500,,,,,
248600,,,,,
248700,,,,,
248800,,,,,
248900,1508898781000.0,43.004342446608455,-78.80193477201423,16.284187,272.1602
249000,,,,,
249100,,,,,
249200,,,,,
249300,,,,,
249400,,,,,
249500,,,,,
249600,,,,,
249700,,,,,
249800,,,,,
249900,1508898782000.0,43.00434470898573,-78.80213306731355,15.866801,270.07617
250000,,,,,
250100,,,,,
250200,,,,,
250300,,,,,
250400,,,,,
250500,,,,,
250600,,,,,
250700,,,,,
250800,,,,,
250900,1508898783000.0,43.00434464749461,-78.80232828298362,15.694634,270.7516
251000,,,,,
251100,,,,,
251200,,,,,
251300,,,,,
251400,,,,,
251500,,,,,
251600,,,,,
251700,,,,,
251800,,,,,
251900,1508898784000.0,43.00434701084257,-78.80252165620755,15.696928,271.96548
252000,,,,,
252100,,,,,
252200,,,,,
252300,,,,,
252400,,,,,
252500,,,,,
252600,,,,,
252700,,,,,
252800,,,,,
252900,1508898785000.0,43.00435070596205,-78.80271921878872,16.2576,272.432
253000,,,,,
253100,,,,,
253200,,,,,
253300,,,,,
253400,,,,,
253500,,,,,
253600,,,,,
253700,,,,,
253800,,,,,
253900,1508898786000.0,43.00435317542061,-78.8029227271786,16.912982999999997,270.08722
254000,,,,,
254100,,,,,
254200,,,,,
254300,,,,,
254400,,,,,
254500,,,,,
254600,,,,,
254700,,,,,
254800,,,,,
254900,1508898787000.0,43.00435977165557,-78.80312742567995,16.562642999999998,274.2399
255000,,,,,
255100,,,,,
255200,,,,,
255300,,,,,
255400,,,,,
255500,,,,,
255600,,,,,
255700,,,,,
255800,,,,,
255900,1508898788000.0,43.004376754918134,-78.80332831982662,16.191595,279.6593
256000,,,,,
256100,,,,,
256200,,,,,
256300,,,,,
256400,,,,,
256500,,,,,
256600,,,,,
256700,,,,,
256800,,,,,
256900,1508898789000.0,43.00440611676369,-78.80352584432745,15.949407,285.1275
257000,,,,,
257100,,,,,
257200,,,,,
257300,,,,,
257400,,,,,
257500,,,,,
257600,,,,,
257700,,,,,
257800,,,,,
257900,1508898790000.0,43.00444598153143,-78.80371502609475,16.145364999999998,286.1767
258000,,,,,
258100,,,,,
258200,,,,,
258300,,,,,
258400,,,,,
258500,,,,,
258600,,,,,
258700,,,,,
258800,,,,,
258900,1508898791000.0,43.004484437040176,-78.80389891621104,15.210837,286.4075
259000,,,,,
259100,,,,,
259200,,,,,
259300,,,,,
259400,,,,,
259500,,,,,
259600,,,,,
259700,,,,,
259800,,,,,
259900,1508898792000.0,43.00452179683794,-78.80407802112404,15.359136,285.7543
260000,,,,,
260100,,,,,
260200,,,,,
260300,,,,,
260400,,,,,
260500,,,,,
260600,,,,,
260700,,,,,
260800,,,,,
260900,1508898793000.0,43.00456277519946,-78.80425805534324,15.303907,286.75027
261000,,,,,
261100,,,,,
261200,,,,,
261300,,,,,
261400,,,,,
261500,,,,,
261600,,,,,
261700,,,,,
261800,,,,,
261900,1508898794000.0,43.00459646786639,-78.8044434579437,15.135958,282.4845
262000,,,,,
262100,,,,,
262200,,,,,
262300,,,,,
262400,,,,,
262500,,,,,
262600,,,,,
262700,,,,,
262800,,,,,
262900,1508898795000.0,43.00462491952703,-78.80462687690239,14.982226999999998,278.49692000000005
263000,,,,,
263100,,,,,
263200,,,,,
263300,,,,,
263400,,,,,
263500,,,,,
263600,,,,,
263700,,,,,
263800,,,,,
263900,1508898796000.0,43.004639918296306,-78.80481013868653,14.53583,274.70355
264000,,,,,
264100,,,,,
264200,,,,,
264300,,,,,
264400,,,,,
264500,,,,,
264600,,,,,
264700,,,,,
264800,,,,,
264900,1508898797000.0,43.00464536111225,-78.80498848564638,14.099949,271.92203
265000,,,,,
265100,,,,,
265200,,,,,
265300,,,,,
265400,,,,,
265500,,,,,
265600,,,,,
265700,,,,,
265800,,,,,
265900,1508898798000.0,43.00464575453695,-78.80515850422474,13.6803,268.61102
266000,,,,,
266100,,,,,
266200,,,,,
266300,,,,,
266400,,,,,
266500,,,,,
266600,,,,,
266700,,,,,
266800,,,,,
266900,1508898799000.0,43.00464217555337,-78.80532312692219,13.251764,267.94687000000005
267000,,,,,
267100,,,,,
267200,,,,,
267300,,,,,
267400,,,,,
267500,,,,,
267600,,,,,
267700,,,,,
267800,,,,,
267900,1508898800000.0,43.00463506545041,-78.80548485104516,13.019915,268.00955
268000,,,,,
268100,,,,,
268200,,,,,
268300,,,,,
268400,,,,,
268500,,,,,
268600,,,,,
268700,,,,,
268800,,,,,
268900,1508898801000.0,43.00463455535059,-78.80564548207559,13.167142000000002,268.80978
269000,,,,,
269100,,,,,
269200,,,,,
269300,,,,,
269400,,,,,
269500,,,,,
269600,,,,,
269700,,,,,
269800,,,,,
269900,1508898802000.0,43.004634800454006,-78.8058031960398,12.530771,268.3579
270000,,,,,
270100,,,,,
270200,,,,,
270300,,,,,
270400,,,,,
270500,,,,,
270600,,,,,
270700,,,,,
270800,,,,,
270900,1508898803000.0,43.00463285132224,-78.80595511769387,12.107613,268.8988
271000,,,,,
271100,,,,,
271200,,,,,
271300,,,,,
271400,,,,,
271500,,,,,
271600,,,,,
271700,,,,,
271800,,,,,
271900,1508898804000.0,43.00463232025729,-78.80610364603857,12.032977,269.61102
272000,,,,,
272100,,,,,
272200,,,,,
272300,,,,,
272400,,,,,
272500,,,,,
272600,,,,,
272700,,,,,
272800,,,,,
272900,1508898805000.0,43.004634056117325,-78.80625483206833,12.478989,270.90732
273000,,,,,
273100,,,,,
273200,,,,,
273300,,,,,
273400,,,,,
273500,,,,,
273600,,,,,
273700,,,,,
273800,,,,,
273900,1508898806000.0,43.004636385590885,-78.80641549604512,13.465163,271.7267
274000,,,,,
274100,,,,,
274200,,,,,
274300,,,,,
274400,,,,,
274500,,,,,
274600,,,,,
274700,,,,,
274800,,,,,
274900,1508898807000.0,43.004635598188116,-78.8065873305856,14.333759,270.2245
275000,,,,,
275100,,,,,
275200,,,,,
275300,,,,,
275400,,,,,
275500,,,,,
275600,,,,,
275700,,,,,
275800,,,,,
275900,1508898808000.0,43.00463587498074,-78.80676806639076,15.005714,269.7938
276000,,,,,
276100,,,,,
276200,,,,,
276300,,,,,
276400,,,,,
276500,,,,,
276600,,,,,
276700,,,,,
276800,,,,,
276900,1508898809000.0,43.004635402190296,-78.80695491692863,15.451029,269.52472
277000,,,,,
277100,,,,,
277200,,,,,
277300,,,,,
277400,,,,,
277500,,,,,
277600,,,,,
277700,,,,,
277800,,,,,
277900,1508898810000.0,43.004634140649785,-78.80714879557324,16.01059,269.45047
278000,,,,,
278100,,,,,
278200,,,,,
278300,,,,,
278400,,,,,
278500,,,,,
278600,,,,,
278700,,,,,
278800,,,,,
278900,1508898811000.0,43.004631090667075,-78.80734601519289,15.993656,268.1592
279000,,,,,
279100,,,,,
279200,,,,,
279300,,,,,
279400,,,,,
279500,,,,,
279600,,,,,
279700,,,,,
279800,,,,,
279900,1508898812000.0,43.0046280624069,-78.80754637423809,16.375559,268.71823
280000,,,,,
280100,,,,,
280200,,,,,
280300,,,,,
280400,,,,,
280500,,,,,
280600,,,,,
280700,,,,,
280800,,,,,
280900,1508898813000.0,43.004625529315156,-78.80775017407491,16.740910999999997,268.97784
281000,,,,,
281100,,,,,
281200,,,,,
281300,,,,,
281400,,,,,
281500,,,,,
281600,,,,,
281700,,,,,
281800,,,,,
281900,1508898814000.0,43.00462457359353,-78.8079579651205,17.1306,269.24637
282000,,,,,
282100,,,,,
282200,,,,,
282300,,,,,
282400,,,,,
282500,,,,,
282600,,,,,
282700,,,,,
282800,,,,,
282900,1508898815000.0,43.00462380593113,-78.80816944395558,17.262648000000002,269.5097
283000,,,,,
283100,,,,,
283200,,,,,
283300,,,,,
283400,,,,,
283500,,,,,
283600,,,,,
283700,,,,,
283800,,,,,
283900,1508898816000.0,43.004624023573115,-78.80838260784023,17.404888,269.16803
284000,,,,,
284100,,,,,
284200,,,,,
284300,,,,,
284400,,,,,
284500,,,,,
284600,,,,,
284700,,,,,
284800,,,,,
284900,1508898817000.0,43.00462368086425,-78.80859723508405,17.441925,269.4106
285000,,,,,
285100,,,,,
285200,,,,,
285300,,,,,
285400,,,,,
285500,,,,,
285600,,,,,
285700,,,,,
285800,,,,,
285900,1508898818000.0,43.00462373104373,-78.80881252756886,17.565699,269.01633
286000,,,,,
286100,,,,,
286200,,,,,
286300,,,,,
286400,,,,,
286500,,,,,
286600,,,,,
286700,,,,,
286800,,,,,
286900,1508898819000.0,43.004624344347754,-78.8090267102851,17.537855,269.32928
287000,,,,,
287100,,,,,
287200,,,,,
287300,,,,,
287400,,,,,
287500,,,,,
287600,,,,,
287700,,,,,
287800,,,,,
287900,1508898820000.0,43.004623469411705,-78.80923977773917,17.38958,269.41006
288000,,,,,
288100,,,,,
288200,,,,,
288300,,,,,
288400,,,,,
288500,,,,,
288600,,,,,
288700,,,,,
288800,,,,,
288900,1508898821000.0,43.004624754695996,-78.80945081911189,17.225548,270.44116
289000,,,,,
289100,,,,,
289200,,,,,
289300,,,,,
289400,,,,,
289500,,,,,
289600,,,,,
289700,,,,,
289800,,,,,
289900,1508898822000.0,43.00462789679905,-78.80966158040644,17.254145,270.46222
290000,,,,,
290100,,,,,
290200,,,,,
290300,,,,,
290400,,,,,
290500,,,,,
290600,,,,,
290700,,,,,
290800,,,,,
290900,1508898823000.0,43.00462930119605,-78.80987261598938,17.32023,269.9794
291000,,,,,
291100,,,,,
291200,,,,,
291300,,,,,
291400,,,,,
291500,,,,,
291600,,,,,
291700,,,,,
291800,,,,,
291900,1508898824000.0,43.00462779402551,-78.81008639255981,17.630426,268.53555
292000,,,,,
292100,,,,,
292200,,,,,
292300,,,,,
292400,,,,,
292500,,,,,
292600,,,,,
292700,,,,,
292800,,,,,
292900,1508898825000.0,43.004625520550356,-78.81030238086184,17.577759,269.07855
293000,,,,,
293100,,,,,
293200,,,,,
293300,,,,,
293400,,,,,
293500,,,,,
293600,,,,,
293700,,,,,
293800,,,,,
293900,1508898826000.0,43.004624499593156,-78.81051853654286,17.584146,269.56772
294000,,,,,
294100,,,,,
294200,,,,,
294300,,,,,
294400,,,,,
294500,,,,,
294600,,,,,
294700,,,,,
294800,,,,,
294900,1508898827000.0,43.00462460244261,-78.81073506041984,17.60841,270.1804
295000,,,,,
295100,,,,,
295200,,,,,
295300,,,,,
295400,,,,,
295500,,,,,
295600,,,,,
295700,,,,,
295800,,,,,
295900,1508898828000.0,43.004626514670626,-78.8109506367492,17.566025,270.40323
296000,,,,,
296100,,,,,
296200,,,,,
296300,,,,,
296400,,,,,
296500,,,,,
296600,,,,,
296700,,,,,
296800,,,,,
296900,1508898829000.0,43.00462685428545,-78.81116313815564,17.144222,269.44147000000004
297000,,,,,
297100,,,,,
297200,,,,,
297300,,,,,
297400,,,,,
297500,,,,,
297600,,,,,
297700,,,,,
297800,,,,,
297900,1508898830000.0,43.004627829570055,-78.81137030660871,16.789665,270.06805
298000,,,,,
298100,,,,,
298200,,,,,
298300,,,,,
298400,,,,,
298500,,,,,
298600,,,,,
298700,,,,,
298800,,,,,
298900,1508898831000.0,43.00463031865218,-78.81157229203825,16.260517,272.12277
299000,,,,,
299100,,,,,
299200,,,,,
299300,,,,,
299400,,,,,
299500,,,,,
299600,,,,,
299700,,,,,
299800,,,,,
299900,1508898832000.0,43.004639279517775,-78.81177067436863,16.223398,275.1945
300000,,,,,
300100,,,,,
300200,,,,,
300300,,,,,
300400,,,,,
300500,,,,,
300600,,,,,
300700,,,,,
300800,,,,,
300900,1508898833000.0,43.00465638410532,-78.81196741351387,16.179942999999998,278.00504
301000,,,,,
301100,,,,,
301200,,,,,
301300,,,,,
301400,,,,,
301500,,,,,
301600,,,,,
301700,,,,,
301800,,,,,
301900,1508898834000.0,43.00468567586402,-78.81216102751736,16.01137,283.48352
302000,,,,,
302100,,,,,
302200,,,,,
302300,,,,,
302400,,,,,
302500,,,,,
302600,,,,,
302700,,,,,
302800,,,,,
302900,1508898835000.0,43.0047285283249,-78.812351659672,16.125602999999998,289.14838
303000,,,,,
303100,,,,,
303200,,,,,
303300,,,,,
303400,,,,,
303500,,,,,
303600,,,,,
303700,,,,,
303800,,,,,
303900,1508898836000.0,43.00478408482228,-78.81253819827799,16.288116,294.06223
304000,,,,,
304100,,,,,
304200,,,,,
304300,,,,,
304400,,,,,
304500,,,,,
304600,,,,,
304700,,,,,
304800,,,,,
304900,1508898837000.0,43.00485465883902,-78.81271832940438,16.550539,298.85806
305000,,,,,
305100,,,,,
305200,,,,,
305300,,,,,
305400,,,,,
305500,,,,,
305600,,,,,
305700,,,,,
305800,,,,,
305900,1508898838000.0,43.00493438102626,-78.8128960763252,16.617929999999998,302.7044
306000,,,,,
306100,,,,,
306200,,,,,
306300,,,,,
306400,,,,,
306500,,,,,
306600,,,,,
306700,,,,,
306800,,,,,
306900,1508898839000.0,43.005023243968154,-78.81306565777743,16.922287,307.74078
307000,,,,,
307100,,,,,
307200,,,,,
307300,,,,,
307400,,,,,
307500,,,,,
307600,,,,,
307700,,,,,
307800,,,,,
307900,1508898840000.0,43.005124546686076,-78.81322557997834,17.183155,312.6274
308000,,,,,
308100,,,,,
308200,,,,,
308300,,,,,
308400,,,,,
308500,,,,,
308600,,,,,
308700,,,,,
308800,,,,,
308900,1508898841000.0,43.00523325480052,-78.81337258716904,16.90338,316.33328
309000,,,,,
309100,,,,,
309200,,,,,
309300,,,,,
309400,,,,,
309500,,,,,
309600,,,,,
309700,,,,,
309800,,,,,
309900,1508898842000.0,43.00534727045586,-78.81351110359857,16.921754999999994,317.18866
310000,,,,,
310100,,,,,
310200,,,,,
310300,,,,,
310400,,,,,
310500,,,,,
310600,,,,,
310700,,,,,
310800,,,,,
310900,1508898843000.0,43.00546176174168,-78.81364839551712,17.004734,317.48938
311000,,,,,
311100,,,,,
311200,,,,,
311300,,,,,
311400,,,,,
311500,,,,,
311600,,,,,
311700,,,,,
311800,,,,,
311900,1508898844000.0,43.005575877353536,-78.81378689033842,17.121351,317.8442
312000,,,,,
312100,,,,,
312200,,,,,
312300,,,,,
312400,,,,,
312500,,,,,
312600,,,,,
312700,,,,,
312800,,,,,
312900,1508898845000.0,43.005690862535936,-78.81392559843712,17.235266,316.80316
313000,,,,,
313100,,,,,
313200,,,,,
313300,,,,,
313400,,,,,
313500,,,,,
313600,,,,,
313700,,,,,
313800,,,,,
313900,1508898846000.0,43.005805213344345,-78.81406846197359,17.488762,316.19775
314000,,,,,
314100,,,,,
314200,,,,,
314300,,,,,
314400,,,,,
314500,,,,,
314600,,,,,
314700,,,,,
314800,,,,,
314900,1508898847000.0,43.00591946035775,-78.81421613142345,17.453295,316.10284
315000,,,,,
315100,,,,,
315200,,,,,
315300,,,,,
315400,,,,,
315500,,,,,
315600,,,,,
315700,,,,,
315800,,,,,
315900,1508898848000.0,43.006034692433396,-78.8143636093963,17.699118,316.2924799999999
316000,,,,,
316100,,,,,
316200,,,,,
316300,,,,,
316400,,,,,
316500,,,,,
316600,,,,,
316700,,,,,
316800,,,,,
316900,1508898849000.0,43.00614697420449,-78.8145094719803,16.980349,316.3483
317000,,,,,
317100,,,,,
317200,,,,,
317300,,,,,
317400,,,,,
317500,,,,,
317600,,,,,
317700,,,,,
317800,,,,,
317900,1508898850000.0,43.006255872445024,-78.81465336437266,16.896901999999994,315.95975
318000,,,,,
318100,,,,,
318200,,,,,
318300,,,,,
318400,,,,,
318500,,,,,
318600,,,,,
318700,,,,,
318800,,,,,
318900,1508898851000.0,43.006364150121925,-78.81479726186092,16.729101,315.77155
319000,,,,,
319100,,,,,
319200,,,,,
319300,,,,,
319400,,,,,
319500,,,,,
319600,,,,,
319700,,,,,
319800,,,,,
319900,1508898852000.0,43.006471411410104,-78.81493803234908,16.660574,316.85608
320000,,,,,
320100,,,,,
320200,,,,,
320300,,,,,
320400,,,,,
320500,,,,,
320600,,,,,
320700,,,,,
320800,,,,,
320900,1508898853000.0,43.00658073514908,-78.81507169348613,16.202779999999994,319.70193
321000,,,,,
321100,,,,,
321200,,,,,
321300,,,,,
321400,,,,,
321500,,,,,
321600,,,,,
321700,,,,,
321800,,,,,
321900,1508898854000.0,43.00669536737289,-78.81519414859035,16.80024,324.8019
322000,,,,,
322100,,,,,
322200,,,,,
322300,,,,,
322400,,,,,
322500,,,,,
322600,,,,,
322700,,,,,
322800,,,,,
322900,1508898855000.0,43.006820976321336,-78.81530577269739,16.908413,328.8065
323000,,,,,
323100,,,,,
323200,,,,,
323300,,,,,
323400,,,,,
323500,,,,,
323600,,,,,
323700,,,,,
323800,,,,,
323900,1508898856000.0,43.006952488799286,-78.81540259567204,16.79061,333.7988
324000,,,,,
324100,,,,,
324200,,,,,
324300,,,,,
324400,,,,,
324500,,,,,
324600,,,,,
324700,,,,,
324800,,,,,
324900,1508898857000.0,43.007090418223456,-78.81548201172106,16.857128,339.05634
325000,,,,,
325100,,,,,
325200,,,,,
325300,,,,,
325400,,,,,
325500,,,,,
325600,,,,,
325700,,,,,
325800,,,,,
325900,1508898858000.0,43.00723788189183,-78.81554908792516,17.487406,342.06772
326000,,,,,
326100,,,,,
326200,,,,,
326300,,,,,
326400,,,,,
326500,,,,,
326600,,,,,
326700,,,,,
326800,,,,,
326900,1508898859000.0,43.007392036424825,-78.8156098741323,17.939882,343.8225
327000,,,,,
327100,,,,,
327200,,,,,
327300,,,,,
327400,,,,,
327500,,,,,
327600,,,,,
327700,,,,,
327800,,,,,
327900,1508898860000.0,43.00754882420497,-78.8156707383304,18.104729000000006,343.32306
328000,,,,,
328100,,,,,
328200,,,,,
328300,,,,,
328400,,,,,
328500,,,,,
328600,,,,,
328700,,,,,
328800,,,,,
328900,1508898861000.0,43.007705903457854,-78.815734596402,18.158958,342.99048
329000,,,,,
329100,,,,,
329200,,,,,
329300,,,,,
329400,,,,,
329500,,,,,
329600,,,,,
329700,,,,,
329800,,,,,
329900,1508898862000.0,43.00786355843549,-78.81580078839934,18.334024,342.21472
330000,,,,,
330100,,,,,
330200,,,,,
330300,,,,,
330400,,,,,
330500,,,,,
330600,,,,,
330700,,,,,
330800,,,,,
330900,1508898863000.0,43.008021303829715,-78.81587017993178,18.50454,341.56525
331000,,,,,
331100,,,,,
331200,,,,,
331300,,,,,
331400,,,,,
331500,,,,,
331600,,,,,
331700,,,,,
331800,,,,,
331900,1508898864000.0,43.00818183778157,-78.81594245026923,18.540953,341.5821
332000,,,,,
332100,,,,,
332200,,,,,
332300,,,,,
332400,,,,,
332500,,,,,
332600,,,,,
332700,,,,,
332800,,,,,
332900,1508898865000.0,43.00834036997165,-78.81601568107692,18.283620000000006,341.15305
333000,,,,,
333100,,,,,
333200,,,,,
333300,,,,,
333400,,,,,
333500,,,,,
333600,,,,,
333700,,,,,
333800,,,,,
333900,1508898866000.0,43.00849633026184,-78.81608941844172,18.122047,341.3529
334000,,,,,
334100,,,,,
334200,,,,,
334300,,,,,
334400,,,,,
334500,,,,,
334600,,,,,
334700,,,,,
334800,,,,,
334900,1508898867000.0,43.00865115913534,-78.8161602423175,18.09429,342.07965
335000,,,,,
335100,,,,,
335200,,,,,
335300,,,,,
335400,,,,,
335500,,,,,
335600,,,,,
335700,,,,,
335800,,,,,
335900,1508898868000.0,43.00880460103547,-78.8162283338061,17.856811999999994,342.44153
336000,,,,,
336100,,,,,
336200,,,,,
336300,,,,,
336400,,,,,
336500,,,,,
336600,,,,,
336700,,,,,
336800,,,,,
336900,1508898869000.0,43.00895728453093,-78.81629930033252,17.697226999999994,341.8835
337000,,,,,
337100,,,,,
337200,,,,,
337300,,,,,
337400,,,,,
337500,,,,,
337600,,,,,
337700,,,,,
337800,,,,,
337900,1508898870000.0,43.009109974869716,-78.81637114810748,17.912329999999994,341.43137
338000,,,,,
338100,,,,,
338200,,,,,
338300,,,,,
338400,,,,,
338500,,,,,
338600,,,,,
338700,,,,,
338800,,,,,
338900,1508898871000.0,43.00926154103488,-78.81644410146785,17.72334,341.17392
339000,,,,,
339100,,,,,
339200,,,,,
339300,,,,,
339400,,,,,
339500,,,,,
339600,,,,,
339700,,,,,
339800,,,,,
339900,1508898872000.0,43.009411870275926,-78.81651693578169,17.421598,341.03604
340000,,,,,
340100,,,,,
340200,,,,,
340300,,,,,
340400,,,,,
340500,,,,,
340600,,,,,
340700,,,,,
340800,,,,,
340900,1508898873000.0,43.00956094371929,-78.81658897949006,17.520704000000002,340.88855
341000,,,,,
341100,,,,,
341200,,,,,
341300,,,,,
341400,,,,,
341500,,,,,
341600,,,,,
341700,,,,,
341800,,,,,
341900,1508898874000.0,43.00971168402152,-78.81666316040145,17.66176,341.0909
342000,,,,,
342100,,,,,
342200,,,,,
342300,,,,,
342400,,,,,
342500,,,,,
342600,,,,,
342700,,,,,
342800,,,,,
342900,1508898875000.0,43.009862340761664,-78.81673204409533,17.478594,342.44095
343000,,,,,
343100,,,,,
343200,,,,,
343300,,,,,
343400,,,,,
343500,,,,,
343600,,,,,
343700,,,,,
343800,,,,,
343900,1508898876000.0,43.0100120193675,-78.8167904681763,16.923824,346.62982
344000,,,,,
344100,,,,,
344200,,,,,
344300,,,,,
344400,,,,,
344500,,,,,
344600,,,,,
344700,,,,,
344800,,,,,
344900,1508898877000.0,43.01016198195461,-78.81683239435655,16.466133,351.59488
345000,,,,,
345100,,,,,
345200,,,,,
345300,,,,,
345400,,,,,
345500,,,,,
345600,,,,,
345700,,,,,
345800,,,,,
345900,1508898878000.0,43.01031214883357,-78.81685708617616,16.58451,355.5089700000001
346000,,,,,
346100,,,,,
346200,,,,,
346300,,,,,
346400,,,,,
346500,,,,,
346600,,,,,
346700,,,,,
346800,,,,,
346900,1508898879000.0,43.01046210570533,-78.8168679471593,16.490157999999994,357.58405
347000,,,,,
347100,,,,,
347200,,,,,
347300,,,,,
347400,,,,,
347500,,,,,
347600,,,,,
347700,,,,,
347800,,,,,
347900,1508898880000.0,43.01061097311424,-78.81687385680469,16.407389000000002,358.23688
348000,,,,,
348100,,,,,
348200,,,,,
348300,,,,,
348400,,,,,
348500,,,,,
348600,,,,,
348700,,,,,
348800,,,,,
348900,1508898881000.0,43.010759987065114,-78.81687963915392,16.733166,358.2648
349000,,,,,
349100,,,,,
349200,,,,,
349300,,,,,
349400,,,,,
349500,,,,,
349600,,,,,
349700,,,,,
349800,,,,,
349900,1508898882000.0,43.01090847832125,-78.81688883027455,16.354197,356.6269999999999
350000,,,,,
350100,,,,,
350200,,,,,
350300,,,,,
350400,,,,,
350500,,,,,
350600,,,,,
350700,,,,,
350800,,,,,
350900,1508898883000.0,43.01105351507106,-78.81690134781401,16.167156,356.16785
351000,,,,,
351100,,,,,
351200,,,,,
351300,,,,,
351400,,,,,
351500,,,,,
351600,,,,,
351700,,,,,
351800,,,,,
351900,1508898884000.0,43.011198164995584,-78.81691571359544,16.071873,355.34348
352000,,,,,
352100,,,,,
352200,,,,,
352300,,,,,
352400,,,,,
352500,,,,,
352600,,,,,
352700,,,,,
352800,,,,,
352900,1508898885000.0,43.0113427141403,-78.81693163670505,16.018106,355.33206
353000,,,,,
353100,,,,,
353200,,,,,
353300,,,,,
353400,,,,,
353500,,,,,
353600,,,,,
353700,,,,,
353800,,,,,
353900,1508898886000.0,43.011485598252094,-78.816946820561,15.973753,355.2435
354000,,,,,
354100,,,,,
354200,,,,,
354300,,,,,
354400,,,,,
354500,,,,,
354600,,,,,
354700,,,,,
354800,,,,,
354900,1508898887000.0,43.011626850328256,-78.8169635352555,15.742202,355.1705
355000,,,,,
355100,,,,,
355200,,,,,
355300,,,,,
355400,,,,,
355500,,,,,
355600,,,,,
355700,,,,,
355800,,,,,
355900,1508898888000.0,43.01176644465598,-78.8169770584608,15.381452,356.1353
356000,,,,,
356100,,,,,
356200,,,,,
356300,,,,,
356400,,,,,
356500,,,,,
356600,,,,,
356700,,,,,
356800,,,,,
356900,1508898889000.0,43.01189765652116,-78.81698884535663,14.032385,356.01428
357000,,,,,
357100,,,,,
357200,,,,,
357300,,,,,
357400,,,,,
357500,,,,,
357600,,,,,
357700,,,,,
357800,,,,,
357900,1508898890000.0,43.01201565081508,-78.81700116953283,12.171245,355.71918
358000,,,,,
358100,,,,,
358200,,,,,
358300,,,,,
358400,,,,,
358500,,,,,
358600,,,,,
358700,,,,,
358800,,,,,
358900,1508898891000.0,43.01211672472851,-78.81701115279263,10.2415905,356.534
359000,,,,,
359100,,,,,
359200,,,,,
359300,,,,,
359400,,,,,
359500,,,,,
359600,,,,,
359700,,,,,
359800,,,,,
359900,1508898892000.0,43.012198535106926,-78.81702036032875,8.488642,355.8705700000001
360000,,,,,
360100,,,,,
360200,,,,,
360300,,,,,
360400,,,,,
360500,,,,,
360600,,,,,
360700,,,,,
360800,,,,,
360900,1508898893000.0,43.01226147642063,-78.81702565262681,6.6059402999999985,355.7295
361000,,,,,
361100,,,,,
361200,,,,,
361300,,,,,
361400,,,,,
361500,,,,,
361600,,,,,
361700,,,,,
361800,,,,,
361900,1508898894000.0,43.01230741056711,-78.81702774506904,4.851185,356.59528
362000,,,,,
362100,,,,,
362200,,,,,
362300,,,,,
362400,,,,,
362500,,,,,
362600,,,,,
362700,,,,,
362800,,,,,
362900,1508898895000.0,43.012338967245405,-78.81702876730925,3.300956,356.25662
363000,,,,,
363100,,,,,
363200,,,,,
363300,,,,,
363400,,,,,
363500,,,,,
363600,,,,,
363700,,,,,
363800,,,,,
363900,1508898896000.0,43.01235608387146,-78.81702964611654,1.5472453000000002,358.01648
364000,,,,,
364100,,,,,
364200,,,,,
364300,,,,,
364400,,,,,
364500,,,,,
364600,,,,,
364700,,,,,
364800,,,,,
364900,,,,,
365000,,,,,
365100,,,,,
365200,,,,,
365300,,,,,
365400,,,,,
365500,,,,,
365600,,,,,
365700,,,,,
365800,,,,,
365900,,,,,
366000,,,,,
366100,,,,,
366200,,,,,
366300,,,,,
366400,,,,,
366500,,,,,
366600,,,,,
366700,,,,,
366800,,,,,
366900,,,,,
367000,,,,,
367100,,,,,
367200,,,,,
367300,,,,,
367400,,,,,
367500,,,,,
367600,,,,,
367700,,,,,
367800,,,,,
367900,1508898900000.0,43.01234368770296,-78.81702510830598,0.28315973,144.4329
368000,,,,,
368100,,,,,
368200,,,,,
368300,,,,,
368400,,,,,
368500,,,,,
368600,,,,,
368700,,,,,
368800,,,,,
368900,,,,,
369000,,,,,
369100,,,,,
369200,,,,,
369300,,,,,
369400,,,,,
369500,,,,,
369600,,,,,
369700,,,,,
369800,,,,,
369900,,,,,
370000,,,,,
370100,,,,,
370200,,,,,
370300,,,,,
370400,,,,,
370500,,,,,
370600,,,,,
370700,,,,,
370800,,,,,
370900,,,,,
371000,,,,,
371100,,,,,
371200,,,,,
371300,,,,,
371400,,,,,
371500,,,,,
371600,,,,,
371700,,,,,
371800,,,,,
371900,1508898904000.0,43.012371385279735,-78.81702750705338,2.8791877999999995,28.841133000000006
372000,,,,,
372100,,,,,
372200,,,,,
372300,,,,,
372400,,,,,
372500,,,,,
372600,,,,,
372700,,,,,
372800,,,,,
372900,1508898905000.0,43.012403473793476,-78.81704393060865,4.1928673,326.8887
373000,,,,,
373100,,,,,
373200,,,,,
373300,,,,,
373400,,,,,
373500,,,,,
373600,,,,,
373700,,,,,
373800,,,,,
373900,1508898906000.0,43.01243758302471,-78.81707704411394,5.272268,314.53424
374000,,,,,
374100,,,,,
374200,,,,,
374300,,,,,
374400,,,,,
374500,,,,,
374600,,,,,
374700,,,,,
374800,,,,,
374900,1508898907000.0,43.01246585431121,-78.81713705710982,6.3208156,292.07486
375000,,,,,
375100,,,,,
375200,,,,,
375300,,,,,
375400,,,,,
375500,,,,,
375600,,,,,
375700,,,,,
375800,,,,,
375900,1508898908000.0,43.01248215202524,-78.81722612974562,8.05415,276.20737
376000,,,,,
376100,,,,,
376200,,,,,
376300,,,,,
376400,,,,,
376500,,,,,
376600,,,,,
376700,,,,,
376800,,,,,
376900,1508898909000.0,43.01248535863378,-78.81733706436317,9.205248,269.18237
377000,,,,,
377100,,,,,
377200,,,,,
377300,,,,,
377400,,,,,
377500,,,,,
377600,,,,,
377700,,,,,
377800,,,,,
377900,1508898910000.0,43.012483140659256,-78.81746002774914,10.07432,267.2229
378000,,,,,
378100,,,,,
378200,,,,,
378300,,,,,
378400,,,,,
378500,,,,,
378600,,,,,
378700,,,,,
378800,,,,,
378900,1508898911000.0,43.012478495236266,-78.8175928923862,10.683638,266.99292
379000,,,,,
379100,,,,,
379200,,,,,
379300,,,,,
379400,,,,,
379500,,,,,
379600,,,,,
379700,,,,,
379800,,,,,
379900,1508898912000.0,43.01247456977891,-78.817731849547,11.119389,268.53204
380000,,,,,
380100,,,,,
380200,,,,,
380300,,,,,
380400,,,,,
380500,,,,,
380600,,,,,
380700,,,,,
380800,,,,,
380900,1508898913000.0,43.01247376852029,-78.81787287271045,11.182329,269.74414
381000,,,,,
381100,,,,,
381200,,,,,
381300,,,,,
381400,,,,,
381500,,,,,
381600,,,,,
381700,,,,,
381800,,,,,
381900,1508898914000.0,43.01247304728427,-78.81800877225496,10.59121,269.1729
382000,,,,,
382100,,,,,
382200,,,,,
382300,,,,,
382400,,,,,
382500,,,,,
382600,,,,,
382700,,,,,
382800,,,,,
382900,1508898915000.0,43.01247091458315,-78.81813539329812,9.876922,269.9495
383000,,,,,
383100,,,,,
383200,,,,,
383300,,,,,
383400,,,,,
383500,,,,,
383600,,,,,
383700,,,,,
383800,,,,,
383900,1508898916000.0,43.012470712709714,-78.81825144966972,8.971053999999997,270.27774
384000,,,,,
384100,,,,,
384200,,,,,
384300,,,,,
384400,,,,,
384500,,,,,
384600,,,,,
384700,,,,,
384800,,,,,
384900,1508898917000.0,43.012471124724094,-78.81835125841361,7.373659599999999,267.22675
385000,,,,,
385100,,,,,
385200,,,,,
385300,,,,,
385400,,,,,
385500,,,,,
385600,,,,,
385700,,,,,
385800,,,,,
385900,1508898918000.0,43.01247096556012,-78.81843073473975,5.8803954,269.94806
386000,,,,,
386100,,,,,
386200,,,,,
386300,,,,,
386400,,,,,
386500,,,,,
386600,,,,,
386700,,,,,
386800,,,,,
386900,1508898919000.0,43.0124785224551,-78.81849393877545,4.8513274000000015,288.01465
387000,,,,,
387100,,,,,
387200,,,,,
387300,,,,,
387400,,,,,
387500,,,,,
387600,,,,,
387700,,,,,
387800,,,,,
387900,1508898920000.0,43.01250053568364,-78.81854176977231,4.418805,314.8918
388000,,,,,
388100,,,,,
388200,,,,,
388300,,,,,
388400,,,,,
388500,,,,,
388600,,,,,
388700,,,,,
388800,,,,,
388900,1508898921000.0,43.012539806735724,-78.81856983583458,5.4140487,340.8947
389000,,,,,
389100,,,,,
389200,,,,,
389300,,,,,
389400,,,,,
389500,,,,,
389600,,,,,
389700,,,,,
389800,,,,,
389900,1508898922000.0,43.012592648441604,-78.81857605178728,6.2544928,358.50204
390000,,,,,
390100,,,,,
390200,,,,,
390300,,,,,
390400,,,,,
390500,,,,,
390600,,,,,
390700,,,,,
390800,,,,,
390900,1508898923000.0,43.01264981880022,-78.81856707102655,7.0467453,2.162694
391000,,,,,
391100,,,,,
391200,,,,,
391300,,,,,
391400,,,,,
391500,,,,,
391600,,,,,
391700,,,,,
391800,,,,,
391900,1508898924000.0,43.012712729806154,-78.81855488163134,7.947814500000002,3.3109365
392000,,,,,
392100,,,,,
392200,,,,,
392300,,,,,
392400,,,,,
392500,,,,,
392600,,,,,
392700,,,,,
392800,,,,,
392900,1508898925000.0,43.01278892390139,-78.81854339063017,8.9991045,2.7978687
393000,,,,,
393100,,,,,
393200,,,,,
393300,,,,,
393400,,,,,
393500,,,,,
393600,,,,,
393700,,,,,
393800,,,,,
393900,1508898926000.0,43.01287185563599,-78.81853520113731,9.6268635,1.8149936
394000,,,,,
394100,,,,,
394200,,,,,
394300,,,,,
394400,,,,,
394500,,,,,
394600,,,,,
394700,,,,,
394800,,,,,
394900,1508898927000.0,43.01296285021946,-78.8185296310168,10.551181,1.8838863
395000,,,,,
395100,,,,,
395200,,,,,
395300,,,,,
395400,,,,,
395500,,,,,
395600,,,,,
395700,,,,,
395800,,,,,
395900,1508898928000.0,43.01306036025575,-78.81852811771414,11.395918,0.6950854000000001
396000,,,,,
396100,,,,,
396200,,,,,
396300,,,,,
396400,,,,,
396500,,,,,
396600,,,,,
396700,,,,,
396800,,,,,
396900,1508898929000.0,43.013166764360406,-78.81852400818634,11.917669,1.3464571
397000,,,,,
397100,,,,,
397200,,,,,
397300,,,,,
397400,,,,,
397500,,,,,
397600,,,,,
397700,,,,,
397800,,,,,
397900,1508898930000.0,43.01328096035265,-78.81851723106074,12.807339,1.7197436
398000,,,,,
398100,,,,,
398200,,,,,
398300,,,,,
398400,,,,,
398500,,,,,
398600,,,,,
398700,,,,,
398800,,,,,
398900,1508898931000.0,43.013397537489176,-78.81851146857808,13.021731,1.1066934
399000,,,,,
399100,,,,,
399200,,,,,
399300,,,,,
399400,,,,,
399500,,,,,
399600,,,,,
399700,,,,,
399800,,,,,
399900,1508898932000.0,43.01351707570658,-78.81850734510891,13.424797,0.9083809000000002
400000,,,,,
400100,,,,,
400200,,,,,
400300,,,,,
400400,,,,,
400500,,,,,
400600,,,,,
400700,,,,,
400800,,,,,
400900,1508898933000.0,43.01363803952934,-78.81850494353202,13.585522,1.0494583
401000,,,,,
401100,,,,,
401200,,,,,
401300,,,,,
401400,,,,,
401500,,,,,
401600,,,,,
401700,,,,,
401800,,,,,
401900,1508898934000.0,43.01375936954084,-78.81850260828712,13.317854999999998,0.93628883
402000,,,,,
402100,,,,,
402200,,,,,
402300,,,,,
402400,,,,,
402500,,,,,
402600,,,,,
402700,,,,,
402800,,,,,
402900,1508898935000.0,43.013879458185684,-78.81849910993363,13.128576,1.4666356000000005
403000,,,,,
403100,,,,,
403200,,,,,
403300,,,,,
403400,,,,,
403500,,,,,
403600,,,,,
403700,,,,,
403800,,,,,
403900,1508898936000.0,43.01399630276197,-78.81849508650816,12.8617,0.9483405
404000,,,,,
404100,,,,,
404200,,,,,
404300,,,,,
404400,,,,,
404500,,,,,
404600,,,,,
404700,,,,,
404800,,,,,
404900,1508898937000.0,43.014109805040455,-78.81849267234578,12.37143,359.85083
405000,,,,,
405100,,,,,
405200,,,,,
405300,,,,,
405400,,,,,
405500,,,,,
405600,,,,,
405700,,,,,
405800,,,,,
405900,1508898938000.0,43.014216861574106,-78.81849167792016,11.541348,359.47318
406000,,,,,
406100,,,,,
406200,,,,,
406300,,,,,
406400,,,,,
406500,,,,,
406600,,,,,
406700,,,,,
406800,,,,,
406900,1508898939000.0,43.01432041885045,-78.81849029909806,11.231494,0.5995411
407000,,,,,
407100,,,,,
407200,,,,,
407300,,,,,
407400,,,,,
407500,,,,,
407600,,,,,
407700,,,,,
407800,,,,,
407900,1508898940000.0,43.0144191253356,-78.81848718712793,10.59439,1.1131287
408000,,,,,
408100,,,,,
408200,,,,,
408300,,,,,
408400,,,,,
408500,,,,,
408600,,,,,
408700,,,,,
408800,,,,,
408900,1508898941000.0,43.01451191435939,-78.81848261613409,10.085211,1.915872
409000,,,,,
409100,,,,,
409200,,,,,
409300,,,,,
409400,,,,,
409500,,,,,
409600,,,,,
409700,,,,,
409800,,,,,
409900,1508898942000.0,43.01459738307067,-78.81847987032306,9.169202,0.86784834
410000,,,,,
410100,,,,,
410200,,,,,
410300,,,,,
410400,,,,,
410500,,,,,
410600,,,,,
410700,,,,,
410800,,,,,
410900,1508898943000.0,43.0146754037746,-78.818479137718,8.229472999999999,359.03723
411000,,,,,
411100,,,,,
411200,,,,,
411300,,,,,
411400,,,,,
411500,,,,,
411600,,,,,
411700,,,,,
411800,,,,,
411900,1508898944000.0,43.01474698165385,-78.81847896027706,7.527079,359.204
412000,,,,,
412100,,,,,
412200,,,,,
412300,,,,,
412400,,,,,
412500,,,,,
412600,,,,,
412700,,,,,
412800,,,,,
412900,1508898945000.0,43.01481062813036,-78.81847689325734,6.410361,1.0660205
413000,,,,,
413100,,,,,
413200,,,,,
413300,,,,,
413400,,,,,
413500,,,,,
413600,,,,,
413700,,,,,
413800,,,,,
413900,1508898946000.0,43.014864121242205,-78.81847019183053,4.7942433,11.936987
414000,,,,,
414100,,,,,
414200,,,,,
414300,,,,,
414400,,,,,
414500,,,,,
414600,,,,,
414700,,,,,
414800,,,,,
414900,1508898947000.0,43.0148985907053,-78.81844707065076,3.743244,46.845184
415000,,,,,
415100,,,,,
415200,,,,,
415300,,,,,
415400,,,,,
415500,,,,,
415600,,,,,
415700,,,,,
415800,,,,,
415900,1508898948000.0,43.01491686598705,-78.81840798759455,3.7283864,77.61806
416000,,,,,
416100,,,,,
416200,,,,,
416300,,,,,
416400,,,,,
416500,,,,,
416600,,,,,
416700,,,,,
416800,,,,,
416900,1508898949000.0,43.014918034664475,-78.81836434225373,3.863464,97.188354
417000,,,,,
417100,,,,,
417200,,,,,
417300,,,,,
417400,,,,,
417500,,,,,
417600,,,,,
417700,,,,,
417800,,,,,
417900,1508898950000.0,43.01491109003606,-78.8183216692938,3.6304243,104.45753
418000,,,,,
418100,,,,,
418200,,,,,
418300,,,,,
418400,,,,,
418500,,,,,
418600,,,,,
418700,,,,,
418800,,,,,
418900,1508898951000.0,43.01490558056305,-78.81827636481309,3.9289572,101.04272
419000,,,,,
419100,,,,,
419200,,,,,
419300,,,,,
419400,,,,,
419500,,,,,
419600,,,,,
419700,,,,,
419800,,,,,
419900,1508898952000.0,43.014900880635786,-78.81822186682977,4.797223000000002,96.94648
420000,,,,,
420100,,,,,
420200,,,,,
420300,,,,,
420400,,,,,
420500,,,,,
420600,,,,,
420700,,,,,
420800,,,,,
420900,1508898953000.0,43.01489815074672,-78.81815591868974,5.6702423,95.15808
421000,,,,,
421100,,,,,
421200,,,,,
421300,,,,,
421400,,,,,
421500,,,,,
421600,,,,,
421700,,,,,
421800,,,,,
421900,1508898954000.0,43.01489685191208,-78.81807666925368,6.7041210000000016,92.16803
422000,,,,,
422100,,,,,
422200,,,,,
422300,,,,,
422400,,,,,
422500,,,,,
422600,,,,,
422700,,,,,
422800,,,,,
422900,1508898955000.0,43.01489549761818,-78.81798269518467,7.540901,94.39153
423000,,,,,
423100,,,,,
423200,,,,,
423300,,,,,
423400,,,,,
423500,,,,,
423600,,,,,
423700,,,,,
423800,,,,,
423900,1508898956000.0,43.01489016583153,-78.81788584602413,7.517531,96.50777
424000,,,,,
424100,,,,,
424200,,,,,
424300,,,,,
424400,,,,,
424500,,,,,
424600,,,,,
424700,,,,,
424800,,,,,
424900,1508898957000.0,43.01488901234368,-78.81779492277767,6.537886599999998,89.11556
425000,,,,,
425100,,,,,
425200,,,,,
425300,,,,,
425400,,,,,
425500,,,,,
425600,,,,,
425700,,,,,
425800,,,,,
425900,1508898958000.0,43.01490228664247,-78.81772061951176,5.322275,64.29893
426000,,,,,
426100,,,,,
426200,,,,,
426300,,,,,
426400,,,,,
426500,,,,,
426600,,,,,
426700,,,,,
426800,,,,,
426900,1508898959000.0,43.014934831513145,-78.81767364017747,5.2193375,28.1367
427000,,,,,
427100,,,,,
427200,,,,,
427300,,,,,
427400,,,,,
427500,,,,,
427600,,,,,
427700,,,,,
427800,,,,,
427900,1508898960000.0,43.01498365532337,-78.81765650030628,5.2385405999999985,3.7655375
428000,,,,,
428100,,,,,
428200,,,,,
428300,,,,,
428400,,,,,
428500,,,,,
428600,,,,,
428700,,,,,
428800,,,,,
428900,1508898961000.0,43.015037246052074,-78.81766099603743,5.5313635,353.51215
429000,,,,,
429100,,,,,
429200,,,,,
429300,,,,,
429400,,,,,
429500,,,,,
429600,,,,,
429700,,,,,
429800,,,,,
429900,1508898962000.0,43.01509726217835,-78.81767170172273,6.407526,355.3687700000001
430000,,,,,
430100,,,,,
430200,,,,,
430300,,,,,
430400,,,,,
430500,,,,,
430600,,,,,
430700,,,,,
430800,,,,,
430900,1508898963000.0,43.015163819635504,-78.81767875423397,6.928876,358.24625
431000,,,,,
431100,,,,,
431200,,,,,
431300,,,,,
431400,,,,,
431500,,,,,
431600,,,,,
431700,,,,,
431800,,,,,
431900,1508898964000.0,43.01523268412514,-78.81768175477933,7.1523685,1.0814526000000002
432000,,,,,
432100,,,,,
432200,,,,,
432300,,,,,
432400,,,,,
432500,,,,,
432600,,,,,
432700,,,,,
432800,,,,,
432900,1508898965000.0,43.01530000539857,-78.81768043029928,6.87218,3.359579
433000,,,,,
433100,,,,,
433200,,,,,
433300,,,,,
433400,,,,,
433500,,,,,
433600,,,,,
433700,,,,,
433800,,,,,
433900,1508898966000.0,43.01536290756109,-78.81767418642187,6.3362455,4.5957837
434000,,,,,
434100,,,,,
434200,,,,,
434300,,,,,
434400,,,,,
434500,,,,,
434600,,,,,
434700,,,,,
434800,,,,,
434900,1508898967000.0,43.015424302028684,-78.81766692954756,6.3501444000000005,4.1240625
435000,,,,,
435100,,,,,
435200,,,,,
435300,,,,,
435400,,,,,
435500,,,,,
435600,,,,,
435700,,,,,
435800,,,,,
435900,1508898968000.0,43.01548554744461,-78.81766053262835,6.3060017,4.397282
436000,,,,,
436100,,,,,
436200,,,,,
436300,,,,,
436400,,,,,
436500,,,,,
436600,,,,,
436700,,,,,
436800,,,,,
436900,1508898969000.0,43.015545784124576,-78.817654101299,6.1868744000000016,3.5269349
437000,,,,,
437100,,,,,
437200,,,,,
437300,,,,,
437400,,,,,
437500,,,,,
437600,,,,,
437700,,,,,
437800,,,,,
437900,1508898970000.0,43.015604024038495,-78.81764952669151,5.9724956,3.0165377
438000,,,,,
438100,,,,,
438200,,,,,
438300,,,,,
438400,,,,,
438500,,,,,
438600,,,,,
438700,,,,,
438800,,,,,
438900,1508898971000.0,43.01565974592812,-78.81764493439671,5.7029724,3.3367202000000007
439000,,,,,
439100,,,,,
439200,,,,,
439300,,,,,
439400,,,,,
439500,,,,,
439600,,,,,
439700,,,,,
439800,,,,,
439900,1508898972000.0,43.0157126575762,-78.817639497408,5.271472,3.778749
440000,,,,,
440100,,,,,
440200,,,,,
440300,,,,,
440400,,,,,
440500,,,,,
440600,,,,,
440700,,,,,
440800,,,,,
440900,1508898973000.0,43.01575940066296,-78.81763442761212,4.5296617,4.938141000000001
441000,,,,,
441100,,,,,
441200,,,,,
441300,,,,,
441400,,,,,
441500,,,,,
441600,,,,,
441700,,,,,
441800,,,,,
441900,1508898974000.0,43.0157994076982,-78.81762886761813,3.8003576,5.079936
442000,,,,,
442100,,,,,
442200,,,,,
442300,,,,,
442400,,,,,
442500,,,,,
442600,,,,,
442700,,,,,
442800,,,,,
442900,1508898975000.0,43.01583327695554,-78.81762288079231,3.3408957000000004,5.4506307000000005
443000,,,,,
443100,,,,,
443200,,,,,
443300,,,,,
443400,,,,,
443500,,,,,
443600,,,,,
443700,,,,,
443800,,,,,
443900,1508898976000.0,43.015863969026185,-78.81761851573201,3.0402281,1.7016083
444000,,,,,
444100,,,,,
444200,,,,,
444300,,,,,
444400,,,,,
444500,,,,,
444600,,,,,
444700,,,,,
444800,,,,,
444900,1508898977000.0,43.01588984257007,-78.8176199096077,2.2047555,340.954
445000,,,,,
445100,,,,,
445200,,,,,
445300,,,,,
445400,,,,,
445500,,,,,
445600,,,,,
445700,,,,,
445800,,,,,
445900,1508898978000.0,43.01590714781911,-78.81763134855625,2.188336,310.4816600000001
446000,,,,,
446100,,,,,
446200,,,,,
446300,,,,,
446400,,,,,
446500,,,,,
446600,,,,,
446700,,,,,
446800,,,,,
446900,1508898979000.0,43.01591716674609,-78.81764993049029,1.4791013000000002,282.59912
447000,,,,,
447100,,,,,
447200,,,,,
447300,,,,,
447400,,,,,
447500,,,,,
447600,,,,,
447700,,,,,
447800,,,,,
447900,1508898980000.0,43.015917228621284,-78.81766893364278,1.2227954,249.89134
448000,,,,,
448100,,,,,
448200,,,,,
448300,,,,,
448400,,,,,
448500,,,,,
448600,,,,,
448700,,,,,
448800,,,,,
448900,1508898981000.0,43.015914571723826,-78.81768598303363,1.2533083,240.25879
449000,,,,,
449100,,,,,
449200,,,,,
449300,,,,,
449400,,,,,
449500,,,,,
449600,,,,,
449700,,,,,
449800,,,,,
449900,1508898982000.0,43.01591058561,-78.8177022543625,1.3447382,248.89662
450000,,,,,
450100,,,,,
450200,,,,,
450300,,,,,
450400,,,,,
450500,,,,,
450600,,,,,
450700,,,,,
450800,,,,,
450900,1508898983000.0,43.01590791875572,-78.81771694571418,1.338956,252.65163
451000,,,,,
451100,,,,,
451200,,,,,
451300,,,,,
451400,,,,,
451500,,,,,
451600,,,,,
451700,,,,,
451800,,,,,
451900,1508898984000.0,43.01590561708931,-78.81773165853063,1.0354853000000002,247.52917
