sys_time,RPM,Speed
0,1823.0,0.0
800,1820.0,0.0
1300,1846.0,0.0
1500,1825.0,0.0
1700,1828.0,0.0
1900,1831.0,0.0
2100,1835.0,0.0
2300,1818.0,0.0
2500,1822.0,0.0
2600,1846.0,0.0
2800,1814.0,0.0
2900,1821.0,0.0
3100,1806.0,0.0
3200,1830.0,0.0
3400,1831.0,0.0
3600,1832.0,0.0
3700,1820.0,0.0
3800,1837.0,0.0
3900,1834.0,0.0
4000,1830.0,0.0
4200,1830.0,0.0
4300,1816.0,0.0
4400,1817.0,0.0
4500,1811.0,0.0
4600,1826.0,0.0
4700,1826.0,0.0
4800,1832.0,0.0
4900,1830.0,0.0
5000,1836.0,0.0
5100,1839.0,0.0
5300,1838.0,0.0
5400,1825.0,0.0
5500,1819.0,0.0
5600,1817.0,0.0
5700,1816.0,0.0
5800,1815.0,0.0
5900,1801.0,0.0
6000,1815.0,0.0
6100,1814.0,0.0
6200,1841.0,0.0
6400,1831.0,0.0
6500,1840.0,0.0
6600,1814.0,0.0
6700,1821.0,0.0
6800,1834.0,0.0
6900,1823.0,0.0
7000,1815.0,0.0
7100,1818.0,0.0
7200,1825.0,0.0
7300,1812.0,0.0
7400,1803.0,0.0
7500,1810.0,0.0
7700,1766.0,0.0
7800,1742.0,0.0
7900,1684.0,0.0
8000,1659.0,0.0
8100,1584.0,0.0
8200,1445.0,0.0
8300,1384.0,0.0
8400,1238.0,0.0
8500,1144.0,0.0
8600,1097.0,0.0
8700,1041.0,0.0
8800,1048.0,0.0
8900,1068.0,0.0
9000,1072.0,0.0
9100,1071.0,0.0
9200,1046.0,2.0
9300,1009.0,2.0
9400,991.0,2.0
9500,980.0,2.0
9700,984.5,2.5
9900,947.0,3.0
10000,927.0,3.0
10100,936.0,3.0
10200,923.0,3.0
10300,946.0,3.0
10500,943.0,4.0
10600,950.0,4.0
10700,952.0,4.0
10800,977.0,4.0
10900,977.0,4.0
11000,987.0,4.0
11100,982.0,5.0
11200,982.0,5.0
11300,965.0,5.0
11400,950.0,5.0
11500,955.0,5.0
11600,946.0,5.0
11700,962.0,5.0
11800,970.0,5.0
11900,961.0,5.0
12000,964.0,5.0
12100,972.0,6.0
12200,983.0,6.0
12300,992.0,6.0
12500,975.0,6.0
12600,986.0,6.0
12700,974.0,6.0
12800,985.0,6.0
12900,984.0,6.0
13000,979.0,6.0
13100,977.0,6.0
13200,972.0,6.0
13300,962.0,6.0
13400,969.0,5.0
13500,972.0,5.0
13600,983.0,5.0
13700,973.0,4.0
13800,970.0,4.0
14000,957.0,4.0
14100,958.0,3.0
14200,965.0,3.0
14300,957.0,3.0
14400,948.0,2.0
14500,958.0,2.0
14600,960.0,2.0
14700,955.0,0.0
14800,944.0,0.0
14900,963.0,0.0
15000,963.0,0.0
15200,968.0,0.0
15300,950.0,0.0
15400,950.0,0.0
15500,958.0,0.0
15600,968.0,0.0
15700,963.0,0.0
15800,961.0,0.0
15900,963.0,0.0
16000,1019.0,0.0
16100,1059.0,0.0
16200,1107.0,0.0
16300,1145.0,0.0
16500,1202.0,0.0
16600,1241.0,0.0
16700,1240.0,0.0
16800,1248.0,0.0
16900,1231.0,0.0
17000,1204.0,0.0
17100,1129.0,0.0
17200,1101.0,0.0
17300,1059.0,0.0
17400,1037.0,0.0
17500,1031.0,0.0
17600,1011.0,0.0
17700,1004.0,0.0
17800,992.0,0.0
17900,968.0,0.0
18100,958.0,0.0
18200,946.0,0.0
18300,933.0,0.0
18400,920.0,0.0
18500,901.0,2.0
18600,905.0,2.0
18700,926.0,2.0
18800,965.0,3.0
19000,1076.0,3.0
19100,1173.0,3.0
19200,1216.0,4.0
19300,1229.0,4.0
19400,1253.0,5.0
19500,1261.0,5.0
19600,1278.0,5.0
19700,1296.0,6.0
19800,1330.0,7.0
19900,1350.0,7.0
20100,1432.0,7.0
20200,1450.0,8.0
20300,1486.0,8.0
20400,1503.0,9.0
20500,1529.0,9.0
20600,1548.0,10.0
20700,1571.0,10.0
20800,1622.0,11.0
20900,1664.0,11.0
21000,1679.0,12.0
21100,1664.0,12.0
21200,1592.0,13.0
21300,1544.0,13.0
21400,1492.0,14.0
21500,1496.0,14.0
21700,1521.0,15.0
21800,1528.0,15.0
21900,1523.0,16.0
22000,1523.0,16.0
22100,1511.0,17.0
22200,1478.0,17.0
22300,1461.0,17.0
22400,1417.0,18.0
22500,1397.0,18.0
22600,1382.0,19.0
22700,1369.0,19.0
22800,1352.0,20.0
23000,1342.0,21.0
23100,1325.0,21.0
23200,1307.0,22.0
23300,1309.0,22.0
23400,1315.0,23.0
23600,1305.0,23.0
23700,1313.0,23.0
23800,1317.0,24.0
23900,1298.0,24.0
24000,1299.0,24.0
24100,1292.0,25.0
24200,1278.0,25.0
24300,1268.0,26.0
24400,1272.0,26.0
24500,1252.0,26.0
24600,1251.0,27.0
24800,1224.0,27.0
24900,1217.0,27.0
25000,1194.0,27.0
25100,1203.0,27.0
25200,1196.0,27.0
25400,1202.0,27.0
25500,1205.0,27.0
25600,1197.0,28.0
25700,1218.0,28.0
25800,1198.0,28.0
25900,1215.0,28.0
26000,1202.0,28.0
26100,1215.0,28.0
26300,1194.0,28.0
26400,1205.0,28.0
26500,1186.0,27.0
26600,1184.0,27.0
26700,1186.0,27.0
26800,1204.0,27.0
26900,1189.0,27.0
27000,1187.0,27.0
27100,1192.0,26.0
27200,1202.0,27.0
27300,1226.0,26.0
27500,1225.0,26.0
27600,1225.0,26.0
27700,1225.0,26.0
27800,1217.0,26.0
28000,1249.0,26.0
28100,1223.0,27.0
28200,1240.0,27.0
28300,1217.0,27.0
28400,1224.0,27.0
28600,1194.0,27.0
28700,1201.0,27.0
28800,1183.0,27.0
28900,1198.0,27.0
29000,1213.0,27.0
29100,1212.0,27.0
29200,1225.0,27.0
29300,1226.0,27.0
29400,1226.0,27.0
29500,1228.0,27.0
29600,1230.0,27.0
29700,1221.0,27.0
29800,1214.0,27.0
29900,1212.0,27.0
30000,1206.0,27.0
30100,1211.0,26.0
30200,1210.0,26.0
30300,1206.0,26.0
30500,1217.0,26.0
30700,1209.0,25.0
30800,1200.0,25.0
30900,1204.0,25.0
31000,1203.0,25.0
31100,1211.0,25.0
31200,1211.0,24.0
31300,1208.0,24.0
31400,1195.0,23.0
31500,1186.0,23.0
31600,1169.0,23.0
31700,1174.0,22.0
31800,1201.0,22.0
31900,1221.0,22.0
32000,1202.0,22.0
32100,1205.0,22.0
32200,1239.0,22.0
32300,1241.0,22.0
32400,1234.0,22.0
32500,1240.0,22.0
32600,1239.0,21.0
32700,1252.0,21.0
32800,1252.0,21.0
33000,1248.0,21.0
33200,1250.0,21.0
33300,1287.0,21.0
33500,1421.0,21.0
33600,1528.0,21.0
33700,1540.0,21.0
33800,1553.0,21.0
33900,1556.0,21.0
34000,1554.0,22.0
34100,1502.0,22.0
34200,1463.0,22.0
34300,1483.0,22.0
34400,1502.0,22.0
34600,1508.0,23.0
34700,1528.0,23.0
34800,1547.0,23.0
34900,1574.0,23.0
35000,1563.0,24.0
35100,1531.0,24.0
35200,1512.0,24.0
35300,1468.0,24.0
35400,1446.0,24.0
35500,1409.0,25.0
35600,1388.0,25.0
35800,1352.0,26.0
35900,1327.0,26.0
36000,1283.0,26.0
36100,1285.0,27.0
36200,1281.0,27.0
36300,1284.0,27.0
36400,1282.0,27.0
36500,1281.0,28.0
36600,1292.0,28.0
36700,1268.0,28.0
36800,1271.0,29.0
36900,1253.0,29.0
37000,1247.0,29.0
37100,1293.0,29.0
37300,1417.0,29.0
37400,1493.0,29.0
37500,1497.0,29.0
37600,1463.0,29.0
37700,1423.0,29.0
37800,1378.0,29.0
37900,1349.0,29.0
38000,1301.0,29.0
38100,1295.0,29.0
38200,1287.0,29.0
38300,1276.0,29.0
38400,1283.0,29.0
38500,1274.0,29.0
38600,1261.0,29.0
38700,1248.0,28.0
38900,1222.0,28.0
39000,1198.0,28.0
39100,1201.0,27.0
39200,1198.0,27.0
39300,1196.0,26.0
39400,1181.0,26.0
39500,1179.0,25.0
39600,1187.0,25.0
39700,1191.0,24.0
39800,1193.0,24.0
40000,1197.0,23.0
40100,1204.0,23.0
40200,1191.0,22.0
40300,1197.0,22.0
40400,1198.0,21.0
40500,1201.0,21.0
40600,1195.0,20.0
40700,1190.0,20.0
40800,1188.0,20.0
41000,1196.0,19.0
41100,1203.0,19.0
41200,1220.0,19.0
41300,1218.0,19.0
41400,1237.0,19.0
41500,1236.0,19.0
41600,1227.0,18.0
41700,1222.0,18.0
41900,1209.0,18.0
42000,1204.0,18.0
42100,1198.0,18.0
42200,1211.0,18.0
42300,1209.0,18.0
42400,1237.0,18.0
42600,1333.0,18.0
42700,1474.0,18.0
42800,1515.0,18.0
42900,1532.0,18.0
43000,1531.0,18.0
43100,1527.0,18.0
43200,1513.0,18.0
43300,1466.0,18.0
43400,1438.0,19.0
43500,1396.0,19.0
43600,1387.0,19.0
43700,1374.0,19.0
43900,1360.0,19.0
44000,1336.0,20.0
44100,1296.0,19.0
44200,1275.0,20.0
44300,1231.0,20.0
44400,1220.0,20.0
44500,1216.0,20.0
44600,1201.0,20.0
44700,1183.0,20.0
44800,1184.0,20.0
44900,1217.0,20.0
45000,1281.0,20.0
45100,1315.0,20.0
45300,1347.0,20.0
45400,1335.0,20.0
45500,1310.0,20.0
45600,1261.0,20.0
45700,1244.0,20.0
45800,1240.0,20.0
45900,1240.0,19.0
46000,1235.0,19.0
46100,1218.0,19.0
46200,1194.0,18.0
46300,1174.0,18.0
46400,1150.0,18.0
46500,1116.0,17.0
46600,1108.0,17.0
46700,1095.0,16.0
46800,1097.0,16.0
46900,1119.0,15.0
47100,1126.0,14.0
47200,1119.0,14.0
47300,1110.0,13.0
47400,1091.0,13.0
47500,1062.0,12.0
47600,1021.0,11.0
47700,999.0,11.0
47800,986.0,11.0
47900,986.0,11.0
48000,1012.0,11.0
48100,1027.0,11.0
48200,1040.0,11.0
48300,1042.0,11.0
48500,1064.0,11.0
48600,1136.0,11.0
48700,1215.0,11.0
48800,1272.0,11.0
48900,1312.0,11.0
49100,1324.0,11.0
49200,1371.0,12.0
49300,1392.0,12.0
49400,1441.0,12.0
49500,1522.0,13.0
49600,1554.0,13.0
49700,1592.0,14.0
49800,1598.0,14.0
49900,1598.0,14.0
50000,1598.0,15.0
50100,1590.0,15.0
50200,1592.0,16.0
50400,1567.0,16.0
50500,1531.0,17.0
50600,1520.0,17.0
50700,1520.0,17.0
50800,1531.0,18.0
50900,1533.0,18.0
51000,1501.0,19.0
51200,1482.0,19.0
51300,1432.0,19.0
51400,1389.0,20.0
51500,1351.0,20.0
51600,1327.0,20.0
51700,1297.0,21.0
51800,1272.0,21.0
51900,1280.0,22.0
52000,1292.0,22.0
52100,1289.0,22.0
52200,1285.0,23.0
52400,1306.0,23.0
52500,1291.0,23.0
52600,1295.0,23.0
52700,1307.0,24.0
52800,1300.0,24.0
52900,1311.0,25.0
53000,1316.0,25.0
53100,1307.0,25.0
53200,1323.0,26.0
53300,1319.0,26.0
53400,1318.0,26.0
53500,1328.0,27.0
53600,1330.0,27.0
53700,1326.0,27.0
53800,1337.0,28.0
54000,1334.0,28.0
54100,1338.0,28.0
54200,1346.0,29.0
54300,1351.0,29.0
54400,1355.0,29.0
54500,1359.0,30.0
54600,1358.0,30.0
54700,1373.0,31.0
54900,1360.0,31.0
55000,1370.0,31.0
55100,1347.0,32.0
55200,1359.0,32.0
55300,1346.0,32.0
55400,1342.0,32.0
55500,1326.0,33.0
55600,1316.0,33.0
55700,1298.0,33.0
55800,1290.0,33.0
55900,1270.0,33.0
56000,1254.0,33.0
56100,1253.0,34.0
56200,1229.0,34.0
56400,1227.0,34.0
56500,1213.0,34.0
56600,1231.0,34.0
56700,1170.0,34.0
56800,1194.0,34.0
56900,1248.0,34.0
57000,1199.0,34.0
57100,1229.0,34.0
57200,1207.0,34.0
57300,1192.0,34.0
57400,1217.0,33.0
57500,1215.0,33.0
57600,1198.0,33.0
57700,1190.0,33.0
57800,1215.0,33.0
58000,1205.5,33.0
58200,1194.0,33.0
58300,1202.0,33.0
58400,1203.0,33.0
58500,1191.0,32.0
58600,1187.0,32.0
58700,1170.0,31.0
58900,1206.0,31.0
59000,1188.0,31.0
59100,1181.0,30.0
59200,1208.0,30.0
59300,1194.0,30.0
59400,1203.0,29.0
59500,1210.0,29.0
59600,1198.0,29.0
59700,1213.0,28.0
59800,1214.0,28.0
59900,1186.0,27.0
60000,1214.0,27.0
60100,1187.0,27.0
60200,1195.0,26.0
60300,1206.0,26.0
60400,1203.0,25.0
60500,1201.0,25.0
60600,1209.0,25.0
60800,1194.0,24.0
60900,1210.0,24.0
61000,1208.0,23.0
61100,1199.0,23.0
61200,1208.0,22.0
61300,1204.0,22.0
61400,1189.0,21.0
61500,1195.0,21.0
61600,1206.0,20.0
61700,1177.0,20.0
61900,1194.0,20.0
62000,1200.0,19.0
62100,1185.0,19.0
62200,1175.0,18.0
62300,1159.0,18.0
62400,1132.0,17.0
62500,1124.0,17.0
62600,1114.0,16.0
62800,1121.0,16.0
62900,1123.0,16.0
63000,1114.0,15.0
63100,1120.0,15.0
63200,1103.0,14.0
63400,1083.0,13.0
63500,1078.0,13.0
63600,1072.0,13.0
63700,1059.0,12.0
63800,1043.0,12.0
63900,1004.0,11.0
64000,994.0,11.0
64200,988.0,10.0
64300,967.0,10.0
64400,942.0,9.0
64500,915.0,8.0
64600,908.0,8.0
64700,910.0,8.0
64800,911.0,7.0
64900,902.0,7.0
65000,897.0,7.0
65200,876.0,6.0
65300,875.0,6.0
65400,868.0,5.0
65500,868.0,5.0
65600,871.0,4.0
65700,876.0,4.0
65800,869.0,4.0
65900,867.0,4.0
66000,860.0,3.0
66200,866.0,3.0
66300,870.0,3.0
66400,872.0,3.0
66500,868.0,2.0
66600,868.0,2.0
66700,868.0,2.0
66800,861.0,2.0
66900,861.0,2.0
67000,867.0,2.0
67100,867.0,0.0
67200,869.0,0.0
67400,864.0,0.0
67500,868.0,0.0
67600,868.0,0.0
67700,868.0,0.0
67800,876.0,0.0
67900,876.0,0.0
68000,872.0,0.0
68100,871.0,0.0
68300,874.0,0.0
68400,877.0,0.0
68500,874.0,0.0
68600,865.0,0.0
68700,860.0,0.0
68800,856.0,0.0
68900,863.0,0.0
69000,869.0,0.0
69100,872.0,0.0
69200,873.0,0.0
69300,874.0,0.0
69500,878.0,0.0
69600,882.0,0.0
69700,875.0,0.0
69800,865.0,0.0
69900,867.0,0.0
70000,911.0,0.0
70100,1011.0,1.0
70200,1093.0,2.0
70400,1156.0,2.0
70500,1250.0,3.0
70600,1340.0,3.0
70700,1410.0,4.0
70800,1440.0,4.0
70900,1513.0,5.0
71000,1556.0,5.0
71100,1581.0,6.0
71200,1620.0,7.0
71300,1647.0,8.0
71400,1693.0,8.0
71500,1721.0,9.0
71600,1768.0,10.0
71700,1792.0,10.0
71800,1843.0,11.0
71900,1836.0,11.0
72000,1804.0,12.0
72100,1753.0,13.0
72200,1735.0,14.0
72300,1725.0,14.0
72400,1715.0,15.0
72500,1675.0,16.0
72600,1671.0,16.0
72700,1649.0,17.0
72800,1623.0,17.0
73000,1598.0,18.0
73100,1562.0,19.0
73200,1529.0,19.0
73300,1471.0,20.0
73400,1440.0,20.0
73500,1419.0,21.0
73600,1409.0,21.0
73700,1397.0,22.0
73800,1380.0,22.0
73900,1387.0,23.0
74000,1367.0,23.0
74100,1357.0,23.0
74200,1355.0,24.0
74400,1338.0,24.0
74500,1333.0,25.0
74600,1330.0,25.0
74700,1317.0,25.0
74800,1313.0,26.0
74900,1320.0,26.0
75000,1310.0,27.0
75100,1329.0,27.0
75200,1320.0,27.0
75300,1314.0,27.0
75400,1319.0,28.0
75500,1306.0,28.0
75600,1312.0,29.0
75700,1309.0,29.0
75900,1291.0,29.0
76000,1309.0,29.0
76100,1295.0,29.0
76200,1314.0,30.0
76300,1298.0,30.0
76400,1297.0,30.0
76500,1300.0,31.0
76600,1295.0,31.0
76700,1300.0,31.0
76800,1298.0,32.0
76900,1307.0,32.0
77000,1302.0,32.0
77100,1306.0,33.0
77200,1306.0,33.0
77300,1311.0,33.0
77500,1314.0,34.0
77600,1320.0,34.0
77700,1311.0,34.0
77800,1308.0,34.0
77900,1307.0,35.0
78000,1326.0,35.0
78200,1336.0,35.0
78300,1335.0,36.0
78400,1346.0,36.0
78500,1350.0,36.0
78600,1355.0,37.0
78700,1356.0,37.0
78800,1355.0,37.0
79000,1360.0,37.0
79100,1366.0,37.0
79200,1366.0,38.0
79300,1375.0,38.0
79400,1368.0,38.0
79500,1372.0,39.0
79600,1364.0,39.0
79700,1373.0,39.0
79800,1369.0,39.0
79900,1372.0,40.0
80100,1376.0,40.0
80200,1367.0,40.0
80300,1370.0,41.0
80400,1370.0,41.0
80600,1372.0,41.0
80700,1383.0,42.0
80800,1383.0,42.0
80900,1405.0,42.0
81000,1398.0,42.0
81100,1418.0,42.0
81200,1426.0,43.0
81400,1420.0,43.0
81500,1423.5,43.5
81700,1425.0,44.0
81800,1437.0,44.0
81900,1431.0,44.0
82000,1434.0,45.0
82100,1436.0,45.0
82200,1423.0,45.0
82300,1437.0,45.0
82400,1423.0,46.0
82500,1436.0,46.0
82600,1427.0,46.0
82700,1424.0,46.0
82900,1425.0,46.0
83000,1431.0,47.0
83100,1438.0,47.0
83200,1428.0,47.0
83300,1435.0,47.0
83400,1428.0,48.0
83500,1432.0,48.0
83600,1432.0,48.0
83700,1425.0,48.0
83800,1436.0,49.0
83900,1440.0,49.0
84100,1432.0,49.0
84200,1434.0,49.0
84300,1439.0,50.0
84400,1447.0,50.0
84500,1435.0,50.0
84600,1442.0,50.0
84700,1441.0,50.0
84800,1438.0,51.0
84900,1440.0,51.0
85000,1443.0,51.0
85100,1438.0,51.0
85200,1439.0,51.0
85300,1444.0,52.0
85400,1441.0,52.0
85500,1438.0,52.0
85600,1443.0,52.0
85800,1440.0,52.0
85900,1442.0,52.0
86000,1442.0,53.0
86100,1448.0,53.0
86200,1444.0,53.0
86300,1443.0,53.0
86400,1443.0,54.0
86600,1451.0,54.0
86700,1446.0,54.0
86800,1446.0,54.0
87000,1450.0,55.0
87100,1454.0,55.0
87200,1445.0,55.0
87300,1445.0,55.0
87400,1448.0,55.0
87500,1451.0,55.0
87600,1444.0,55.0
87800,1445.0,56.0
87900,1442.0,56.0
88000,1447.0,56.0
88100,1447.0,56.0
88200,1452.0,56.0
88400,1449.0,56.0
88500,1449.0,56.0
88600,1449.0,57.0
88700,1445.0,57.0
88800,1446.0,57.0
88900,1451.0,57.0
89000,1451.0,57.0
89200,1455.0,57.0
89300,1450.0,57.0
89400,1458.0,57.0
89500,1458.0,58.0
89600,1452.0,58.0
89700,1458.0,58.0
89900,1453.0,58.0
90000,1456.0,58.0
90100,1455.0,58.0
90200,1450.0,58.0
90300,1461.0,58.0
90400,1464.0,59.0
90500,1462.0,59.0
90600,1458.0,59.0
90700,1457.0,59.0
90800,1463.0,59.0
91000,1459.0,59.0
91100,1464.0,59.0
91200,1458.0,59.0
91300,1468.0,59.0
91400,1464.0,59.0
91500,1461.0,60.0
91600,1462.0,60.0
91700,1466.0,60.0
91800,1466.0,60.0
91900,1466.0,60.0
92000,1466.0,60.0
92100,1461.0,60.0
92200,1465.0,60.0
92300,1466.0,60.0
92400,1469.0,60.0
92500,1468.0,60.0
92600,1466.0,61.0
92700,1469.0,61.0
92900,1470.0,61.0
93000,1469.0,61.0
93100,1466.0,61.0
93200,1473.0,61.0
93300,1473.0,61.0
93400,1474.0,61.0
93500,1473.0,61.0
93600,1474.0,62.0
93700,1473.0,61.0
93800,1476.0,61.0
93900,1471.0,62.0
94000,1473.0,62.0
94200,1471.0,62.0
94300,1470.0,62.0
94400,1473.0,62.0
94500,1477.0,62.0
94600,1474.0,62.0
94700,1474.0,62.0
94800,1477.0,62.0
94900,1476.0,62.0
95000,1479.0,62.0
95100,1483.0,63.0
95200,1482.0,63.0
95300,1477.0,63.0
95400,1482.0,63.0
95500,1482.0,63.0
95600,1479.0,63.0
95700,1479.0,63.0
95900,1480.0,63.0
96000,1481.0,63.0
96100,1483.0,63.0
96200,1487.0,63.0
96300,1486.0,63.0
96400,1486.0,64.0
96500,1482.0,64.0
96700,1485.0,64.0
96800,1484.0,64.0
96900,1484.0,64.0
97000,1487.0,64.0
97100,1491.0,64.0
97300,1488.0,64.0
97400,1486.0,64.0
97500,1489.0,64.0
97600,1486.0,64.0
97700,1488.0,65.0
97800,1493.0,65.0
97900,1488.0,65.0
98000,1492.0,65.0
98200,1494.0,65.0
98300,1492.0,65.0
98400,1496.0,65.0
98500,1497.0,65.0
98600,1488.0,65.0
98700,1496.0,65.0
98800,1497.0,65.0
98900,1491.0,65.0
99000,1495.0,65.0
99200,1493.0,66.0
99300,1494.0,66.0
99400,1498.0,66.0
99500,1497.0,66.0
99600,1503.0,66.0
99700,1493.0,66.0
99800,1492.0,66.0
99900,1497.0,66.0
100100,1503.0,67.0
100200,1495.0,67.0
100300,1499.0,67.0
100400,1500.0,67.0
100500,1497.0,67.0
100600,1497.0,67.0
100700,1498.0,67.0
100800,1490.0,67.0
100900,1485.0,67.0
101000,1471.0,67.0
101100,1462.0,68.0
101300,1453.0,68.0
101400,1439.0,68.0
101500,1419.0,68.0
101600,1402.0,68.0
101700,1395.0,68.0
101800,1374.0,67.0
101900,1369.0,67.0
102000,1363.0,67.0
102200,1360.0,67.0
102300,1365.0,67.0
102400,1365.0,67.0
102500,1359.0,67.0
102600,1356.0,67.0
102700,1359.0,67.0
102800,1357.0,67.0
103000,1364.0,67.0
103100,1363.0,67.0
103200,1357.0,67.0
103300,1356.0,67.0
103400,1367.0,67.0
103500,1364.0,67.0
103600,1363.0,67.0
103700,1367.0,67.0
103800,1367.0,67.0
103900,1361.0,67.0
104000,1361.0,67.0
104100,1367.0,67.0
104200,1360.0,67.0
104300,1365.0,67.0
104400,1363.0,67.0
104500,1366.0,67.0
104600,1369.0,67.0
104700,1364.0,67.0
104800,1367.0,67.0
104900,1368.0,67.0
105000,1366.0,67.0
105200,1369.0,67.0
105300,1375.0,67.0
105400,1371.0,67.0
105500,1374.0,67.0
105600,1373.0,67.0
105700,1373.0,67.0
105800,1377.0,67.0
105900,1375.0,67.0
106000,1379.0,67.0
106100,1379.0,67.0
106200,1379.0,67.0
106300,1378.0,67.0
106400,1383.0,67.0
106600,1385.0,67.0
106700,1385.0,67.0
106800,1385.0,67.0
106900,1383.0,67.0
107000,1385.0,67.0
107100,1383.0,67.0
107200,1387.0,68.0
107300,1384.0,68.0
107400,1387.0,68.0
107500,1391.0,68.0
107600,1390.0,68.0
107700,1389.0,68.0
107800,1386.0,68.0
107900,1384.0,68.0
108000,1386.0,68.0
108100,1387.0,68.0
108300,1383.0,68.0
108400,1382.0,68.0
108500,1384.0,68.0
108600,1385.0,68.0
108700,1387.0,68.0
108800,1383.0,68.0
108900,1382.0,68.0
109000,1384.0,68.0
109100,1383.0,68.0
109200,1383.0,68.0
109300,1384.0,68.0
109400,1380.0,68.0
109500,1380.0,68.0
109700,1378.0,68.0
109800,1379.0,68.0
109900,1380.0,68.0
110100,1383.0,68.0
110200,1379.0,68.0
110300,1380.0,68.0
110400,1381.0,68.0
110500,1379.0,68.0
110700,1380.0,68.0
110800,1382.0,68.0
110900,1384.0,67.0
111000,1384.0,67.0
111100,1381.0,68.0
111200,1379.0,68.0
111300,1380.0,67.0
111400,1377.0,67.0
111500,1379.0,67.0
111600,1381.0,67.0
111800,1377.0,67.0
111900,1378.0,67.0
112000,1381.0,67.0
112100,1381.0,67.0
112200,1377.0,67.0
112300,1375.0,67.0
112400,1381.0,67.0
112500,1374.0,67.0
112600,1377.0,67.0
112700,1376.0,67.0
112800,1379.0,67.0
112900,1379.0,67.0
113000,1376.0,67.0
113100,1377.0,67.0
113200,1382.0,67.0
113300,1379.0,67.0
113400,1378.0,67.0
113500,1380.0,67.0
113600,1377.0,67.0
113700,1381.0,67.0
113800,1383.0,67.0
113900,1372.0,67.0
114000,1376.0,67.0
114100,1380.0,67.0
114200,1378.0,67.0
114300,1377.0,67.0
114400,1372.0,67.0
114500,1378.0,67.0
114600,1374.0,67.0
114700,1374.0,67.0
114800,1381.0,67.0
114900,1379.0,67.0
115000,1379.0,67.0
115200,1374.0,67.0
115300,1378.0,67.0
115400,1378.0,67.0
115500,1379.0,67.0
115600,1378.0,67.0
115700,1379.0,67.0
115800,1379.0,67.0
115900,1379.0,67.0
116000,1381.0,67.0
116100,1380.0,67.0
116200,1381.0,67.0
116300,1381.0,67.0
116400,1381.0,67.0
116500,1377.0,67.0
116600,1379.0,67.0
116700,1386.0,67.0
116800,1381.0,67.0
116900,1383.0,67.0
117000,1377.0,67.0
117200,1381.0,67.0
117300,1389.0,67.0
117400,1381.0,67.0
117500,1376.0,67.0
117600,1374.0,67.0
117700,1371.0,67.0
117800,1367.0,67.0
117900,1364.0,67.0
118000,1363.0,67.0
118100,1357.0,67.0
118200,1359.0,67.0
118300,1360.0,67.0
118500,1353.0,67.0
118600,1354.0,67.0
118700,1355.0,67.0
118800,1355.0,67.0
118900,1350.0,67.0
119000,1348.0,66.0
119200,1350.0,66.0
119300,1348.0,66.0
119400,1347.0,66.0
119500,1348.0,66.0
119600,1349.0,66.0
119700,1348.0,66.0
119800,1351.0,66.0
119900,1348.0,66.0
120000,1347.0,66.0
120200,1349.0,66.0
120300,1349.0,66.0
120400,1353.0,66.0
120500,1349.0,66.0
120600,1357.0,66.0
120700,1353.0,66.0
120800,1353.0,66.0
120900,1352.0,66.0
121000,1351.0,66.0
121100,1359.0,66.0
121200,1356.0,66.0
121300,1356.0,66.0
121400,1360.0,66.0
121500,1363.0,66.0
121700,1366.0,66.0
121800,1365.0,66.0
121900,1364.0,66.0
122000,1367.0,66.0
122100,1368.0,66.0
122200,1365.0,66.0
122300,1369.0,66.0
122400,1369.0,67.0
122500,1369.0,66.0
122600,1371.0,66.0
122700,1372.0,67.0
122800,1373.0,67.0
122900,1375.0,66.0
123100,1375.0,67.0
123200,1376.0,66.0
123300,1375.0,67.0
123400,1375.0,67.0
123500,1376.0,67.0
123600,1377.0,67.0
123700,1373.0,67.0
123900,1371.0,67.0
124000,1373.0,67.0
124100,1375.0,67.0
124200,1367.0,67.0
124300,1369.0,67.0
124400,1376.0,67.0
124500,1379.0,67.0
124600,1350.0,67.0
124700,1378.0,66.0
124800,1386.0,66.0
125000,1376.0,66.0
125100,1359.0,66.0
125200,1371.0,66.0
125300,1353.0,66.0
125400,1358.0,66.0
125500,1363.0,66.0
125600,1361.0,66.0
125700,1358.0,65.0
125800,1359.0,65.0
125900,1361.0,65.0
126000,1361.0,65.0
126100,1357.0,65.0
126200,1358.0,65.0
126300,1359.0,65.0
126400,1357.0,64.0
126600,1351.0,64.0
126700,1354.0,64.0
126900,1349.5,64.0
127100,1345.0,64.0
127200,1343.0,63.0
127300,1339.0,63.0
127400,1336.0,63.0
127500,1338.0,63.0
127600,1332.0,63.0
127700,1329.0,63.0
127800,1334.0,63.0
128000,1325.0,62.0
128100,1320.0,62.0
128200,1321.0,62.0
128300,1315.0,61.0
128400,1312.0,61.0
128500,1312.0,61.0
128600,1307.0,61.0
128800,1302.0,61.0
128900,1302.0,61.0
129000,1331.0,60.0
129100,1276.0,60.0
129200,1326.0,60.0
129300,1283.0,60.0
129400,1292.0,60.0
129500,1309.0,60.0
129600,1306.0,60.0
129700,1290.0,60.0
129900,1294.0,60.0
130100,1291.0,60.0
130200,1294.0,60.0
130300,1283.0,59.0
130400,1288.0,59.0
130500,1278.0,59.0
130600,1277.0,59.0
130700,1276.0,59.0
130800,1273.0,59.0
130900,1256.0,59.0
131000,1284.0,59.0
131100,1281.0,59.0
131200,1260.0,58.0
131300,1255.0,58.0
131500,1264.0,58.0
131600,1249.0,57.0
131700,1244.0,57.0
131800,1248.0,57.0
131900,1242.0,57.0
132000,1239.0,57.0
132100,1239.0,56.0
132200,1239.0,56.0
132300,1236.0,56.0
132400,1240.0,56.0
132500,1237.0,56.0
132700,1242.0,55.0
132800,1238.0,55.0
132900,1242.0,55.0
133000,1242.0,55.0
133100,1244.0,55.0
133200,1246.0,54.0
133300,1242.0,54.0
133400,1242.0,54.0
133500,1244.0,54.0
133600,1239.0,54.0
133700,1239.0,54.0
133800,1241.0,53.0
133900,1243.0,53.0
134000,1246.0,53.0
134100,1244.0,53.0
134200,1246.0,52.0
134400,1258.0,52.0
134500,1253.0,52.0
134600,1247.0,52.0
134700,1242.0,52.0
134800,1238.0,51.0
134900,1236.0,51.0
135000,1233.0,51.0
135100,1235.0,50.0
135200,1231.0,50.0
135400,1225.0,49.0
135500,1222.0,49.0
135600,1232.0,49.0
135700,1234.0,48.0
135800,1235.0,48.0
135900,1239.0,48.0
136100,1241.0,48.0
136200,1245.0,47.0
136300,1238.0,47.0
136400,1243.0,46.0
136500,1240.0,46.0
136700,1237.0,46.0
136800,1237.0,45.0
136900,1238.0,45.0
137000,1239.0,45.0
137100,1234.0,44.0
137300,1233.0,44.0
137400,1234.0,43.0
137500,1234.0,43.0
137600,1240.0,43.0
137700,1241.0,42.0
137800,1243.0,42.0
137900,1245.0,42.0
138000,1245.0,41.0
138100,1245.0,41.0
138300,1248.0,41.0
138400,1244.0,40.0
138500,1246.0,40.0
138600,1241.0,40.0
138700,1242.0,39.0
138800,1238.0,39.0
138900,1237.0,39.0
139000,1233.0,38.0
139100,1228.0,38.0
139200,1228.0,37.0
139400,1222.0,37.0
139500,1223.5,36.0
139700,1226.0,35.0
139800,1222.0,34.0
139900,1225.0,34.0
140000,1221.0,33.0
140100,1220.0,33.0
140200,1217.0,32.0
140300,1217.0,31.0
140500,1216.0,30.0
140600,1218.0,30.0
140700,1214.0,29.0
140800,1216.0,29.0
140900,1216.0,28.0
141000,1220.0,27.0
141100,1222.0,27.0
141200,1233.0,26.0
141400,1244.0,26.0
141500,1256.0,25.0
141600,1260.0,25.0
141700,1262.0,24.0
141800,1255.0,24.0
141900,1255.0,24.0
142000,1253.0,23.0
142200,1247.0,23.0
142300,1250.0,23.0
142400,1253.0,22.0
142500,1352.0,22.0
142600,1291.0,22.0
142700,1269.0,22.0
142800,1277.0,22.0
143000,1308.0,22.0
143100,1315.0,23.0
143200,1333.0,23.0
143300,1345.0,23.0
143400,1330.0,23.0
143500,1304.0,23.0
143600,1282.0,23.0
143700,1293.0,24.0
143800,1284.0,23.0
143900,1267.0,24.0
144000,1256.0,24.0
144200,1246.0,24.0
144300,1243.0,24.0
144400,1232.0,24.0
144500,1239.0,25.0
144600,1234.0,25.0
144700,1238.0,25.0
144800,1217.0,25.0
144900,1226.0,25.0
145000,1228.0,26.0
145100,1232.0,26.0
145200,1230.0,26.0
145300,1233.0,26.0
145400,1228.0,26.0
145500,1229.0,27.0
145600,1227.0,27.0
145800,1240.0,27.0
145900,1240.0,28.0
146000,1264.0,28.0
146100,1264.0,28.0
146200,1283.0,28.0
146400,1272.0,29.0
146500,1288.0,29.0
146600,1278.0,29.0
146700,1280.0,30.0
146800,1270.0,30.0
146900,1274.0,30.0
147000,1273.0,30.0
147100,1271.0,31.0
147200,1268.0,31.0
147300,1264.0,31.0
147500,1266.0,31.0
147600,1258.0,32.0
147700,1260.0,32.0
147800,1249.0,32.0
147900,1250.0,32.0
148000,1240.0,33.0
148100,1238.0,33.0
148200,1230.0,33.0
148300,1223.0,33.0
148400,1205.0,33.0
148500,1212.0,33.0
148600,1211.0,34.0
148700,1207.0,34.0
148800,1212.0,34.0
148900,1240.0,34.0
149000,1228.0,34.0
149100,1188.0,34.0
149200,1209.0,34.0
149300,1236.0,34.0
149400,1182.0,34.0
149500,1229.0,33.0
149600,1203.0,33.0
149700,1219.0,33.0
149800,1202.0,33.0
149900,1206.0,33.0
150000,1205.0,33.0
150100,1214.0,33.0
150200,1222.0,33.0
150300,1230.0,32.0
150400,1214.0,32.0
150600,1222.0,32.0
150700,1206.0,32.0
150800,1211.0,32.0
150900,1204.0,31.0
151000,1212.0,31.0
151100,1209.0,31.0
151200,1210.0,31.0
151300,1209.0,30.0
151500,1205.0,30.0
151600,1204.0,29.0
151700,1200.0,29.0
151800,1203.0,28.0
151900,1200.0,28.0
152000,1203.0,27.0
152100,1198.0,27.0
152200,1201.0,27.0
152300,1202.0,26.0
152400,1203.0,26.0
152500,1206.0,25.0
152700,1205.0,25.0
152800,1204.0,24.0
152900,1200.0,24.0
153000,1198.0,24.0
153100,1197.0,23.0
153200,1192.0,23.0
153300,1189.0,22.0
153400,1186.0,21.0
153500,1177.0,21.0
153600,1170.0,20.0
153700,1093.0,20.0
153800,1047.0,19.0
153900,984.0,19.0
154000,1086.0,18.0
154100,1112.0,18.0
154200,1139.0,17.0
154300,1126.0,17.0
154500,1103.0,16.5
154600,1072.0,16.0
154800,1059.0,15.0
154900,1041.0,15.0
155000,1029.0,14.0
155100,1009.0,14.0
155200,997.0,14.0
155300,978.0,13.0
155400,966.0,13.0
155500,955.0,12.0
155600,934.0,11.0
155700,928.0,11.0
155800,919.0,11.0
155900,911.0,10.0
156000,898.0,9.0
156100,867.0,9.0
156200,862.0,9.0
156300,855.0,8.0
156400,853.0,8.0
156500,835.0,7.0
156600,816.0,7.0
156700,793.0,7.0
156900,759.0,6.0
157000,743.0,6.0
157100,720.0,5.0
157200,698.0,5.0
157300,692.0,5.0
157400,672.0,4.0
157500,659.0,4.0
157600,656.0,3.0
157700,669.0,3.0
157800,675.0,2.0
158000,685.0,2.0
158100,679.0,2.0
158200,679.0,0.0
158300,667.0,0.0
158400,674.0,0.0
158500,678.0,0.0
158600,676.0,0.0
158800,676.0,0.0
158900,674.0,0.0
159000,674.0,0.0
159100,678.0,0.0
159200,682.0,0.0
159300,687.0,0.0
159400,682.0,0.0
159500,679.0,0.0
159700,683.0,0.0
159800,692.0,0.0
159900,691.0,0.0
160000,703.0,0.0
160100,692.0,0.0
160200,695.0,0.0
160300,684.0,0.0
160400,695.0,0.0
160500,694.0,0.0
160600,708.0,0.0
160700,692.0,0.0
160800,682.0,0.0
160900,683.0,0.0
161000,678.0,0.0
161100,689.0,0.0
161300,685.0,0.0
161400,685.0,0.0
161500,684.0,0.0
161600,681.0,0.0
161700,686.0,0.0
161800,684.0,0.0
161900,691.0,0.0
162000,690.0,0.0
162100,683.0,0.0
162200,686.0,0.0
162300,678.0,0.0
162400,683.0,0.0
162600,685.0,0.0
162700,684.0,0.0
162800,682.0,0.0
162900,683.0,0.0
163000,678.0,0.0
163100,678.0,0.0
163200,694.0,0.0
163300,709.0,0.0
163400,730.0,0.0
163500,775.0,0.0
163700,783.0,0.0
163800,811.0,0.0
163900,820.0,1.0
164000,818.0,2.0
164100,814.0,2.0
164200,787.0,2.0
164300,781.0,2.0
164400,749.0,2.0
164500,732.0,2.0
164600,740.0,3.0
164700,749.0,3.0
164800,780.0,3.0
165000,827.0,3.0
165100,859.0,3.0
165200,947.0,4.0
165300,1038.0,4.0
165400,1102.0,4.0
165500,1209.0,5.0
165600,1273.0,5.0
165700,1302.0,6.0
165900,1317.0,6.0
166000,1320.0,7.0
166100,1339.0,7.0
166200,1350.0,8.0
166300,1395.0,8.0
166400,1422.0,8.0
166500,1481.0,9.0
166600,1534.0,10.0
166700,1561.0,10.0
166800,1612.0,11.0
166900,1636.0,11.0
167000,1670.0,12.0
167100,1665.0,12.0
167200,1624.0,13.0
167300,1602.0,13.0
167400,1568.0,14.0
167500,1554.0,15.0
167600,1535.0,15.0
167700,1511.0,16.0
167900,1458.0,16.0
168000,1389.0,16.0
168100,1295.0,17.0
168200,1268.0,17.0
168300,1281.0,17.0
168500,1257.0,18.0
168600,1218.0,18.0
168700,1226.0,18.0
168800,1204.0,18.0
168900,1187.0,18.0
169000,1181.0,18.0
169100,1166.0,19.0
169200,1159.0,19.0
169300,1156.0,19.0
169400,1146.0,19.0
169500,1133.0,19.0
169600,1131.0,19.0
169700,1127.0,19.0
169800,1126.0,19.0
169900,1129.0,19.0
170000,1140.0,19.0
170100,1146.0,19.0
170200,1141.0,19.0
170300,1148.0,19.0
170400,1166.0,19.0
170500,1173.0,20.0
170600,1192.0,19.0
170700,1203.0,20.0
170800,1245.0,21.0
170900,1257.0,21.0
171000,1255.0,21.0
171100,1309.0,22.0
171200,1314.0,22.0
171300,1286.0,22.0
171400,1324.0,22.0
171500,1313.0,23.0
171600,1299.0,23.0
171700,1312.0,23.0
171900,1308.0,24.0
172100,1310.0,24.0
172200,1318.0,25.0
172300,1335.0,25.0
172400,1355.0,25.0
172500,1361.0,26.0
172600,1391.0,27.0
172800,1396.0,27.0
172900,1409.0,27.0
173000,1415.0,28.0
173100,1425.0,28.0
173200,1427.0,29.0
173300,1443.0,29.0
173400,1441.0,29.0
173500,1440.0,30.0
173600,1452.0,30.0
173700,1449.0,30.0
173800,1451.0,31.0
173900,1452.0,31.0
174000,1457.0,32.0
174100,1456.0,32.0
174200,1456.0,32.0
174300,1466.0,33.0
174400,1467.0,33.0
174500,1486.0,33.0
174600,1503.0,34.0
174700,1508.0,34.0
174800,1539.0,35.0
174900,1534.0,35.0
175000,1560.0,35.0
175100,1565.0,36.0
175300,1576.0,36.0
175400,1580.0,37.0
175500,1584.0,37.0
175600,1596.0,37.0
175700,1599.0,38.0
175800,1590.0,38.0
175900,1599.0,39.0
176100,1601.0,39.0
176200,1596.0,40.0
176300,1601.0,40.0
176400,1595.0,40.0
176500,1599.0,41.0
176600,1599.0,41.0
176700,1603.0,42.0
176800,1601.0,42.0
176900,1595.0,42.0
177000,1597.0,43.0
177100,1596.0,43.0
177300,1597.0,43.0
177400,1594.0,44.0
177500,1595.0,44.0
177600,1595.0,44.0
177700,1605.0,45.0
177800,1596.0,45.0
177900,1604.0,45.0
178000,1597.0,46.0
178100,1601.0,46.0
178200,1597.0,46.0
178300,1600.0,47.0
178400,1602.0,47.0
178500,1612.0,47.0
178700,1612.0,48.0
178800,1614.0,48.0
178900,1617.0,48.0
179000,1614.0,48.0
179200,1613.0,49.0
179300,1617.0,49.0
179400,1612.0,49.0
179500,1616.0,50.0
179600,1613.0,50.0
179700,1613.0,51.0
179900,1611.0,51.0
180000,1614.0,51.0
180100,1605.0,51.0
180200,1614.0,52.0
180300,1609.0,52.0
180400,1614.0,52.0
180500,1607.0,52.0
180600,1607.0,53.0
180700,1612.0,53.0
180800,1605.0,53.0
180900,1599.0,54.0
181100,1600.0,54.0
181200,1592.0,54.0
181300,1595.0,55.0
181400,1583.0,55.0
181500,1578.0,55.0
181600,1568.0,55.0
181700,1564.0,55.0
181800,1553.0,56.0
181900,1546.0,56.0
182000,1524.0,56.0
182100,1515.0,56.0
182300,1490.0,56.0
182400,1480.0,57.0
182500,1473.0,57.0
182600,1464.0,57.0
182700,1463.0,57.0
182800,1455.0,57.0
182900,1457.0,57.0
183000,1456.0,57.0
183100,1451.0,58.0
183200,1451.0,58.0
183300,1456.0,58.0
183400,1459.0,58.0
183500,1454.0,58.0
183600,1457.0,59.0
183700,1455.0,59.0
183800,1455.0,59.0
183900,1452.0,59.0
184000,1447.0,59.0
184100,1445.0,59.0
184200,1443.0,60.0
184300,1432.0,60.0
184400,1438.0,60.0
184500,1432.0,60.0
184600,1426.0,60.0
184700,1420.0,60.0
184900,1412.0,60.0
185000,1395.0,61.0
185100,1378.0,61.0
185200,1359.0,61.0
185300,1340.0,61.0
185400,1331.0,61.0
185600,1316.0,61.0
185700,1307.0,61.0
185800,1297.0,61.0
185900,1293.0,61.0
186000,1287.0,61.0
186100,1282.0,61.0
186200,1287.0,61.0
186300,1284.0,61.0
186400,1284.0,61.0
186500,1279.0,61.0
186600,1280.0,61.0
186700,1283.0,61.0
186900,1286.0,61.0
187000,1285.0,61.0
187100,1284.0,61.0
187200,1288.0,61.0
187300,1298.0,61.0
187500,1303.0,61.0
187600,1301.0,61.0
187700,1309.0,61.0
187800,1307.0,61.0
187900,1312.0,61.0
188000,1313.0,61.0
188100,1316.0,62.0
188200,1315.0,62.0
188300,1322.0,62.0
188400,1323.0,62.0
188500,1318.0,62.0
188600,1328.0,62.0
188700,1328.0,62.0
188800,1324.0,62.0
188900,1324.0,62.0
189000,1326.0,62.0
189200,1316.5,62.0
189400,1317.0,62.0
189500,1314.0,62.0
189600,1317.0,62.0
189700,1312.0,62.0
189800,1305.0,62.0
189900,1279.0,62.0
190000,1326.0,62.0
190100,1286.0,62.0
190200,1290.0,61.0
190300,1297.0,61.0
190500,1298.0,61.0
190600,1286.0,61.0
190700,1283.0,61.0
190800,1282.0,61.0
190900,1278.0,61.0
191000,1275.0,60.0
191100,1273.0,60.0
191200,1272.0,60.0
191300,1267.0,60.0
191400,1270.0,60.0
191500,1267.0,60.0
191700,1262.0,60.0
191800,1265.0,59.0
191900,1264.0,59.0
192000,1258.0,59.0
192100,1258.0,59.0
192200,1258.0,59.0
192300,1256.0,58.0
192500,1249.0,58.0
192600,1251.0,58.0
192700,1260.0,58.0
192800,1251.0,58.0
192900,1252.0,58.0
193000,1257.0,58.0
193100,1245.0,57.0
193200,1227.0,57.0
193300,1230.0,56.0
193400,1221.0,56.0
193500,1219.0,55.0
193600,1216.0,55.0
193700,1215.0,55.0
193800,1218.0,55.0
193900,1212.0,54.0
194000,1214.0,54.0
194100,1224.0,53.0
194200,1220.0,53.0
194300,1224.0,53.0
194400,1227.0,52.0
194500,1232.0,52.0
194700,1225.0,52.0
194800,1232.0,51.0
194900,1230.0,51.0
195000,1235.0,51.0
195100,1238.0,51.0
195200,1238.0,50.0
195300,1234.0,50.0
195400,1235.0,50.0
195500,1234.0,50.0
195600,1238.0,50.0
195800,1237.0,49.0
195900,1231.0,49.0
196000,1236.0,48.0
196100,1231.0,48.0
196200,1234.0,48.0
196300,1230.0,48.0
196400,1235.0,47.0
196500,1234.0,47.0
196600,1229.0,47.0
196700,1231.0,46.0
196800,1237.0,46.0
197000,1238.0,46.0
197100,1235.0,45.0
197200,1238.0,45.0
197300,1233.0,45.0
197400,1234.0,44.0
197500,1232.0,44.0
197600,1233.0,44.0
197700,1232.0,43.0
197800,1234.0,43.0
197900,1231.0,43.0
198000,1235.0,42.0
198100,1228.0,42.0
198300,1228.0,41.0
198400,1233.0,41.0
198500,1231.0,40.0
198600,1237.0,40.0
198700,1229.0,39.0
198800,1234.0,39.0
198900,1225.0,38.0
199000,1231.0,38.0
199100,1228.0,38.0
199200,1236.0,37.0
199400,1232.0,36.0
199500,1234.0,36.0
199600,1241.0,36.0
199700,1240.0,35.0
199800,1245.0,35.0
199900,1237.0,35.0
200000,1242.0,34.0
200100,1236.0,34.0
200200,1242.0,33.0
200300,1236.0,33.0
200400,1235.0,32.0
200600,1236.0,32.0
200700,1239.0,32.0
200800,1242.0,31.0
200900,1237.0,31.0
201000,1236.0,30.0
201100,1229.0,30.0
201200,1234.0,30.0
201300,1241.0,29.0
201400,1247.0,29.0
201500,1241.0,28.0
201700,1246.0,28.0
201800,1248.0,28.0
201900,1248.0,27.0
202000,1248.0,27.0
202200,1253.0,26.0
202300,1242.0,26.0
202400,1245.0,26.0
202500,1230.0,25.0
202600,1231.0,25.0
202700,1226.0,25.0
202800,1220.0,24.0
202900,1221.0,24.0
203000,1216.0,23.0
203100,1214.0,23.0
203200,1213.0,22.0
203300,1202.0,22.0
203400,1201.0,21.0
203500,1200.0,21.0
203600,1141.0,20.0
203700,1086.0,20.0
203900,993.0,19.0
204000,1029.0,19.0
204100,1104.0,19.0
204200,1154.0,18.0
204300,1152.0,18.0
204400,1123.0,18.0
204500,1110.0,17.0
204600,1105.0,17.0
204700,1072.0,16.0
204800,1057.0,16.0
204900,1047.0,16.0
205000,1033.0,15.0
205100,1014.0,15.0
205200,1002.0,15.0
205300,982.0,14.0
205400,956.0,14.0
205500,947.0,14.0
205600,950.0,13.0
205700,946.0,13.0
205900,944.0,12.0
206000,931.0,12.0
206100,925.0,11.0
206200,917.0,11.0
206300,903.0,10.0
206400,898.0,10.0
206500,878.0,9.0
206600,865.0,9.0
206700,841.0,8.0
206800,834.0,8.0
206900,821.0,8.0
207100,810.0,7.0
207200,776.0,6.0
207300,746.0,6.0
207400,725.0,6.0
207500,692.0,5.0
207600,679.0,5.0
207700,650.0,4.0
207800,639.0,4.0
207900,620.0,3.0
208000,612.0,3.0
208100,608.0,2.0
208200,609.0,2.0
208300,626.0,1.0
208500,646.0,0.0
208600,674.0,0.0
208700,684.0,0.0
208800,685.0,0.0
208900,697.0,0.0
209000,693.0,0.0
209100,714.0,0.0
209200,705.0,0.0
209300,704.0,0.0
209400,699.0,0.0
209500,683.0,0.0
209600,680.0,0.0
209700,676.0,0.0
209800,684.0,0.0
209900,686.0,0.0
210000,679.0,0.0
210100,684.0,0.0
210200,693.0,0.0
210400,688.0,0.0
210500,706.0,0.0
210600,709.0,0.0
210700,717.0,0.0
210800,707.0,0.0
211000,700.5,0.0
211200,700.0,0.0
211300,692.0,0.0
211400,694.0,0.0
211500,676.0,0.0
211600,683.0,0.0
211700,674.0,0.0
211800,690.0,0.0
211900,693.0,0.0
212000,701.0,0.0
212100,691.0,0.0
212300,687.0,0.0
212400,695.0,0.0
212500,688.0,0.0
212600,700.0,0.0
212700,691.0,0.0
212800,691.0,0.0
212900,686.0,0.0
213000,687.0,0.0
213200,686.0,0.0
213300,691.0,0.0
213400,699.0,0.0
213500,683.0,0.0
213600,680.0,0.0
213700,678.0,0.0
213800,680.0,0.0
214000,686.0,0.0
214100,680.0,0.0
214200,682.0,0.0
214400,679.0,0.0
214500,675.0,0.0
214600,688.0,0.0
214700,694.0,0.0
214800,697.0,0.0
214900,685.0,0.0
215000,673.0,0.0
215100,675.0,0.0
215200,682.0,0.0
215400,684.0,0.0
215600,685.0,0.0
215700,673.0,0.0
215800,672.0,0.0
215900,680.0,0.0
216000,677.0,0.0
216100,678.0,0.0
216200,681.0,0.0
216300,672.0,0.0
216400,671.0,0.0
216500,676.0,0.0
216600,678.0,0.0
216800,676.0,0.0
216900,677.0,0.0
217000,673.0,0.0
217100,665.0,0.0
217200,673.0,0.0
217300,676.0,0.0
217400,675.0,0.0
217500,681.0,0.0
217600,662.0,0.0
217700,669.0,0.0
217900,658.0,0.0
218000,676.0,0.0
218100,669.0,0.0
218200,677.0,0.0
218300,678.0,0.0
218400,660.0,0.0
218500,665.0,0.0
218600,662.0,0.0
218700,668.0,0.0
218800,665.0,0.0
218900,662.0,0.0
219100,658.0,0.0
219200,668.0,0.0
219300,667.0,0.0
219400,674.0,0.0
219500,674.0,0.0
219600,683.0,0.0
219700,670.0,0.0
219800,669.0,0.0
219900,671.0,0.0
220000,670.0,0.0
220100,672.0,0.0
220300,673.0,0.0
220400,665.0,0.0
220500,663.0,0.0
220600,663.0,0.0
220700,672.0,0.0
220800,670.0,0.0
220900,683.0,0.0
221100,669.0,0.0
221200,664.0,0.0
221300,663.0,0.0
221400,669.0,0.0
221500,674.0,0.0
221600,680.0,0.0
221700,672.0,0.0
221800,664.0,0.0
222000,661.0,0.0
222100,672.0,0.0
222200,671.0,0.0
222300,678.0,0.0
222400,691.0,0.0
222500,705.0,0.0
222600,719.0,0.0
222700,781.0,0.0
222800,909.0,0.0
222900,1109.0,0.0
223000,1166.0,0.0
223100,1272.0,2.0
223200,1300.0,2.0
223300,1338.0,3.0
223400,1376.0,3.0
223500,1416.0,4.0
223600,1497.0,5.0
223800,1574.0,5.0
223900,1650.0,6.0
224000,1677.0,7.0
224100,1711.0,8.0
224200,1725.0,8.0
224300,1747.0,9.0
224400,1770.0,10.0
224600,1800.0,11.0
224800,1760.0,12.0
224900,1730.0,13.0
225000,1685.0,13.0
225100,1660.0,14.0
225200,1639.0,14.0
225300,1635.0,15.0
225400,1606.0,15.0
225500,1585.0,16.0
225600,1551.0,17.0
225700,1505.0,17.0
225800,1442.0,18.0
226000,1355.0,18.0
226100,1296.0,18.0
226200,1278.0,19.0
226300,1290.0,19.0
226400,1241.0,19.0
226500,1230.0,19.0
226700,1208.0,19.0
226800,1186.0,20.0
226900,1191.0,20.0
227000,1164.0,20.0
227100,1165.0,20.0
227200,1167.0,20.0
227300,1163.0,21.0
227400,1157.0,21.0
227500,1172.0,21.0
227600,1160.0,21.0
227700,1152.0,21.0
227900,1152.0,21.0
228000,1156.0,21.0
228100,1158.0,22.0
228200,1159.0,22.0
228300,1157.0,22.0
228400,1155.0,22.0
228500,1156.0,22.0
228700,1175.0,23.0
228800,1170.0,23.0
228900,1173.0,23.0
229000,1179.0,23.0
229100,1183.0,23.0
229200,1198.0,24.0
229300,1199.0,24.0
229400,1191.0,24.0
229500,1209.0,25.0
229600,1212.0,25.0
229700,1209.0,25.0
229800,1229.0,25.0
229900,1221.0,26.0
230000,1226.0,26.0
230100,1228.0,26.0
230200,1231.0,27.0
230300,1225.0,27.0
230400,1244.0,27.0
230500,1231.0,27.0
230600,1229.0,28.0
230800,1237.0,28.0
230900,1261.0,28.0
231000,1250.0,29.0
231100,1269.0,29.0
231200,1265.0,29.0
231300,1282.0,30.0
231400,1278.0,30.0
231500,1291.0,30.0
231700,1295.0,31.0
231800,1320.0,31.0
231900,1331.0,31.0
232000,1362.0,32.0
232100,1360.0,32.0
232300,1378.0,32.0
232400,1376.0,33.0
232500,1382.0,33.0
232600,1381.0,33.0
232700,1393.0,34.0
232800,1402.0,34.0
232900,1399.0,34.0
233000,1414.0,35.0
233100,1426.0,35.0
233200,1444.0,35.0
233400,1457.0,35.0
233500,1496.0,36.0
233600,1506.0,36.0
233700,1529.0,37.0
233800,1525.0,37.0
233900,1549.0,37.0
234000,1559.0,38.0
234100,1607.0,38.0
234200,1608.0,38.0
234300,1625.0,39.0
234400,1634.0,39.0
234500,1652.0,39.0
234600,1662.0,40.0
234700,1677.0,40.0
234800,1702.0,41.0
234900,1691.0,41.0
235000,1701.0,41.0
235200,1682.0,42.0
235300,1716.0,42.0
235400,1696.0,42.0
235500,1681.0,43.0
235600,1688.0,43.0
235700,1674.0,43.0
235800,1675.0,44.0
235900,1671.0,44.0
236000,1663.0,44.0
236100,1649.0,44.0
236200,1640.0,45.0
236300,1640.0,45.0
236500,1631.0,45.0
236600,1619.0,46.0
236700,1633.0,46.0
236800,1629.0,46.0
236900,1613.0,47.0
237000,1602.0,47.0
237100,1580.0,47.0
237200,1558.0,47.0
237300,1533.0,47.0
237400,1517.0,47.0
237500,1489.0,48.0
237600,1468.0,48.0
237700,1465.0,48.0
237900,1450.0,48.0
238000,1461.0,48.0
238100,1470.0,48.0
238200,1457.0,48.0
238300,1481.0,49.0
238400,1467.0,49.0
238500,1477.0,49.0
238600,1494.0,49.0
238700,1482.0,49.0
238800,1496.0,50.0
238900,1501.0,50.0
239000,1507.0,50.0
239100,1514.0,50.0
239200,1516.0,50.0
239300,1518.0,50.0
239400,1513.0,51.0
239500,1508.0,51.0
239700,1503.0,51.0
239800,1492.0,51.0
239900,1497.0,51.0
240000,1487.0,52.0
240100,1500.0,52.0
240200,1490.0,52.0
240300,1498.0,52.0
240400,1501.0,52.0
240600,1497.0,52.0
240700,1494.0,52.0
240800,1488.0,53.0
240900,1503.0,53.0
241000,1487.0,53.0
241100,1504.0,53.0
241200,1510.0,53.0
241300,1508.0,54.0
241400,1527.0,54.0
241500,1524.0,54.0
241600,1534.0,54.0
241700,1532.0,54.0
241800,1544.0,55.0
241900,1540.0,55.0
242100,1538.0,55.0
242200,1549.0,56.0
242300,1537.0,56.0
242400,1541.0,56.0
242500,1536.0,56.0
242600,1521.0,56.0
242700,1520.0,56.0
242800,1517.0,56.0
242900,1500.0,57.0
243000,1488.0,57.0
243200,1469.0,57.0
243300,1457.0,57.0
243400,1437.0,57.0
243500,1418.0,57.0
243600,1385.0,57.0
243700,1386.0,58.0
243800,1365.0,58.0
243900,1365.0,58.0
244000,1368.0,58.0
244200,1366.0,59.0
244300,1368.0,59.0
244400,1373.0,59.0
244500,1371.0,59.0
244600,1375.0,59.0
244700,1374.0,59.0
244800,1370.0,60.0
244900,1368.0,60.0
245000,1369.0,60.0
245100,1357.0,60.0
245200,1355.0,60.0
245300,1356.0,60.0
245400,1347.0,61.0
245500,1342.0,61.0
245600,1335.0,61.0
245800,1318.0,61.0
245900,1302.0,61.0
246000,1287.0,61.0
246100,1281.0,61.0
246200,1284.0,61.0
246300,1284.0,61.0
246400,1288.0,61.0
246600,1268.0,61.0
246700,1312.0,61.0
246800,1267.0,61.0
246900,1267.0,61.0
247000,1286.0,61.0
247100,1262.0,60.0
247200,1268.0,60.0
247300,1270.0,60.0
247400,1260.0,60.0
247500,1258.0,60.0
247600,1259.0,60.0
247800,1258.0,60.0
247900,1260.0,60.0
248000,1256.0,60.0
248100,1253.0,59.0
248200,1254.0,59.0
248300,1270.0,59.0
248400,1240.0,59.0
248500,1250.0,59.0
248600,1263.0,59.0
248700,1243.0,59.0
248800,1247.0,59.0
248900,1255.0,59.0
249000,1246.0,59.0
249200,1240.0,59.0
249300,1240.0,59.0
249400,1243.0,59.0
249500,1237.0,58.0
249600,1246.0,58.0
249700,1247.0,58.0
249800,1243.0,58.0
250000,1243.0,58.0
250100,1237.0,58.0
250200,1236.0,58.0
250300,1237.0,58.0
250400,1238.0,58.0
250500,1236.0,58.0
250600,1238.0,58.0
250700,1240.0,58.0
250900,1242.0,58.0
251000,1248.0,58.0
251100,1250.0,58.0
251200,1260.0,58.0
251300,1260.0,58.0
251400,1268.0,58.0
251500,1272.0,58.0
251600,1274.0,58.0
251700,1283.0,59.0
251800,1282.0,59.0
251900,1281.0,59.0
252100,1283.0,59.0
252200,1286.0,59.0
252300,1289.0,59.0
252400,1287.0,59.0
252500,1291.0,59.0
252600,1301.0,60.0
252700,1296.0,60.0
252800,1297.0,60.0
252900,1305.0,60.0
253000,1301.0,60.0
253100,1307.0,60.0
253200,1308.0,60.0
253300,1302.0,60.0
253400,1299.0,60.0
253500,1310.0,60.0
253700,1295.0,60.0
253900,1301.0,60.0
254000,1294.0,60.0
254100,1297.0,60.0
254200,1282.0,59.0
254300,1266.0,60.0
254400,1277.0,59.0
254500,1287.0,59.0
254600,1286.0,59.0
254700,1274.0,59.0
254900,1276.0,59.0
255000,1273.0,59.0
255100,1272.0,59.0
255200,1300.0,59.0
255300,1262.0,59.0
255400,1255.0,59.0
255500,1279.0,58.0
255600,1260.0,58.0
255700,1263.0,58.0
255800,1271.0,58.0
255900,1257.0,58.0
256000,1264.0,58.0
256100,1257.0,58.0
256200,1259.0,58.0
256300,1258.0,58.0
256400,1259.0,58.0
256500,1252.0,58.0
256600,1253.0,58.0
256700,1255.0,58.0
256900,1253.0,58.0
257000,1252.0,58.0
257100,1245.0,57.0
257200,1243.0,57.0
257300,1240.0,58.0
257400,1247.0,58.0
257500,1247.0,57.0
257600,1236.0,57.0
257700,1240.0,57.0
257800,1234.0,57.0
258000,1238.0,57.0
258100,1233.0,57.0
258200,1230.0,57.0
258300,1228.0,57.0
258400,1225.0,57.0
258500,1223.0,57.0
258600,1224.0,57.0
258700,1220.0,57.0
258900,1218.5,56.0
259100,1213.0,56.0
259200,1217.0,56.0
259300,1213.0,56.0
259400,1214.0,56.0
259500,1207.0,56.0
259600,1212.0,56.0
259800,1205.0,56.0
259900,1209.0,56.0
260000,1207.0,56.0
260100,1207.0,56.0
260200,1203.0,56.0
260300,1205.0,56.0
260400,1202.0,56.0
260500,1208.0,55.0
260700,1201.0,55.0
260800,1204.0,55.0
260900,1201.0,55.0
261000,1199.0,55.0
261100,1201.0,55.0
261200,1214.0,55.0
261300,1214.0,55.0
261400,1228.0,55.0
261500,1221.0,55.0
261600,1227.0,55.0
261700,1238.0,55.0
261800,1235.0,55.0
261900,1236.0,55.0
262000,1218.0,55.0
262100,1227.0,54.0
262200,1225.0,54.0
262300,1225.0,54.0
262400,1222.0,54.0
262600,1226.0,54.0
262700,1233.0,53.0
262800,1233.0,53.0
262900,1232.0,53.0
263000,1229.0,53.0
263100,1232.0,53.0
263300,1231.0,52.0
263400,1228.0,52.0
263500,1230.0,52.0
263600,1231.0,52.0
263700,1248.0,52.0
263800,1263.0,52.0
264000,1219.0,52.0
264100,1240.0,51.0
264200,1237.0,51.0
264300,1230.0,51.0
264400,1231.0,51.0
264500,1240.0,51.0
264600,1229.0,51.0
264700,1238.0,51.0
264800,1235.0,51.0
264900,1243.0,51.0
265000,1226.0,51.0
265200,1248.0,50.0
265300,1243.0,50.0
265400,1235.0,50.0
265500,1244.0,50.0
265600,1239.0,50.0
265700,1241.0,49.0
265800,1244.0,49.0
265900,1244.0,49.0
266000,1244.0,49.0
266200,1238.0,49.0
266300,1255.0,49.0
266400,1243.0,48.0
266500,1245.0,48.0
266600,1236.0,48.0
266700,1233.0,48.0
266800,1232.0,48.0
266900,1274.0,48.0
267000,1261.0,48.0
267100,1232.0,48.0
267200,1239.0,48.0
267300,1263.0,48.0
267400,1240.0,48.0
267500,1266.0,48.0
267600,1254.0,48.0
267700,1257.0,48.0
267900,1258.0,48.0
268000,1242.0,48.0
268100,1236.0,48.0
268200,1240.0,48.0
268300,1236.0,48.0
268400,1250.0,48.0
268500,1243.0,48.0
268600,1232.0,47.0
268800,1226.0,47.0
268900,1214.0,47.0
269000,1207.0,47.0
269100,1211.0,46.0
269200,1216.0,46.0
269300,1205.0,45.0
269400,1215.0,45.0
269500,1224.0,45.0
269600,1224.0,44.0
269700,1224.0,44.0
269800,1224.0,44.0
269900,1229.0,44.0
270100,1236.5,43.0
270200,1246.0,43.0
270400,1276.0,43.0
270500,1209.0,43.0
270600,1265.0,43.0
270700,1243.0,43.0
270800,1262.0,43.0
270900,1246.0,43.0
271000,1284.0,43.0
271100,1293.0,43.0
271200,1313.0,44.0
271300,1319.0,44.0
271400,1338.0,44.0
271500,1337.0,44.0
271600,1363.0,44.0
271700,1360.0,45.0
271800,1383.0,45.0
271900,1369.0,45.0
272000,1394.0,45.0
272100,1397.0,45.0
272200,1417.0,46.0
272300,1441.0,46.0
272400,1484.0,46.0
272500,1510.0,46.0
272700,1548.0,46.0
272800,1587.0,47.0
272900,1589.0,47.0
273000,1606.0,47.0
273100,1616.0,48.0
273200,1631.0,48.0
273300,1647.0,48.0
273400,1667.0,48.0
273500,1677.0,49.0
273600,1689.0,49.0
273700,1695.0,49.0
273900,1714.0,50.0
274000,1720.0,50.0
274100,1740.0,50.0
274200,1733.0,51.0
274300,1741.0,51.0
274400,1753.0,51.0
274600,1740.0,52.0
274700,1741.0,52.0
274800,1727.0,52.0
274900,1720.5,52.5
275100,1693.0,53.0
275200,1658.0,53.0
275300,1630.0,53.0
275400,1604.0,54.0
275500,1577.0,54.0
275600,1561.0,54.0
275700,1533.0,54.0
275800,1520.0,54.0
275900,1507.0,55.0
276000,1490.0,55.0
276100,1480.0,55.0
276300,1466.0,55.0
276400,1462.0,55.0
276500,1463.0,55.0
276600,1441.0,56.0
276700,1460.0,56.0
276900,1455.0,56.0
277000,1445.0,56.0
277100,1445.0,56.0
277300,1445.0,56.0
277400,1427.0,57.0
277500,1414.0,57.0
277600,1406.0,57.0
277700,1406.0,57.0
277900,1419.0,57.0
278000,1417.0,57.0
278100,1422.0,57.0
278200,1417.0,57.0
278300,1422.0,58.0
278400,1430.0,58.0
278500,1437.0,58.0
278600,1437.0,58.0
278700,1437.0,58.0
278800,1432.0,58.0
278900,1445.0,58.0
279000,1451.0,58.0
279100,1452.0,59.0
279200,1456.0,59.0
279400,1455.0,59.0
279500,1464.0,59.0
279600,1464.0,59.0
279700,1452.0,59.0
279800,1472.0,59.0
279900,1463.0,59.0
280000,1461.0,60.0
280100,1463.0,60.0
280200,1472.0,60.0
280400,1470.0,60.0
280500,1473.0,60.0
280600,1455.0,60.0
280700,1466.0,60.0
280800,1463.0,60.0
280900,1457.0,61.0
281000,1454.0,61.0
281100,1460.0,61.0
281200,1451.0,61.0
281300,1446.0,61.0
281400,1433.0,61.0
281500,1420.0,61.0
281600,1416.0,61.0
281700,1396.0,61.0
281800,1381.0,61.0
281900,1364.0,61.0
282000,1352.0,61.0
282200,1344.0,62.0
282400,1331.0,62.0
282500,1331.0,62.0
282600,1339.0,62.0
282700,1330.0,62.0
282800,1335.0,62.0
282900,1334.0,62.0
283000,1332.0,62.0
283100,1332.0,62.0
283200,1335.0,62.0
283300,1332.0,62.0
283400,1331.0,62.0
283500,1332.0,62.0
283600,1329.0,62.0
283700,1332.0,62.0
283900,1334.0,62.0
284000,1332.0,63.0
284100,1334.0,63.0
284200,1329.0,63.0
284300,1332.0,63.0
284400,1331.0,63.0
284500,1331.0,63.0
284600,1333.0,63.0
284700,1337.0,63.0
284900,1334.0,63.0
285000,1336.0,63.0
285100,1341.0,63.0
285200,1338.0,63.0
285300,1333.0,63.0
285400,1331.0,63.0
285500,1329.0,63.0
285600,1325.0,63.0
285700,1325.0,63.0
285800,1321.0,63.0
285900,1321.0,63.0
286000,1323.0,63.0
286100,1326.0,63.0
286300,1316.0,63.0
286400,1321.0,63.0
286500,1315.0,63.0
286600,1317.0,63.0
286700,1313.0,63.0
286800,1316.0,63.0
286900,1317.0,63.0
287000,1309.0,63.0
287100,1312.0,63.0
287200,1316.0,63.0
287300,1314.0,63.0
287400,1312.0,63.0
287500,1316.0,63.0
287600,1311.0,63.0
287700,1315.0,63.0
287800,1314.0,63.0
287900,1309.0,62.0
288000,1315.0,62.0
288100,1313.0,62.0
288200,1315.0,62.0
288300,1316.0,62.0
288400,1314.0,62.0
288500,1317.0,62.0
288600,1318.0,62.0
288700,1315.0,62.0
288900,1319.0,62.5
289000,1317.0,63.0
289200,1317.0,63.0
289300,1324.0,63.0
289400,1322.0,63.0
289500,1322.0,63.0
289700,1321.0,63.0
289800,1327.0,63.0
289900,1328.0,63.0
290000,1326.0,63.0
290100,1325.0,63.0
290200,1326.0,63.0
290300,1327.0,63.0
290400,1327.0,63.0
290500,1327.0,63.0
290700,1332.0,63.0
290800,1330.0,63.0
290900,1330.0,63.0
291000,1329.0,63.0
291100,1338.0,63.0
291200,1334.0,63.0
291300,1336.0,63.0
291500,1336.0,63.0
291600,1340.0,63.0
291700,1341.0,63.0
291800,1335.0,63.0
291900,1336.0,63.0
292000,1340.0,63.0
292100,1339.0,63.0
292200,1340.0,63.0
292300,1341.0,63.0
292400,1339.0,63.0
292500,1343.0,63.0
292700,1344.0,63.0
292800,1345.0,63.0
292900,1343.0,64.0
293000,1342.0,64.0
293100,1351.0,64.0
293200,1350.0,64.0
293300,1350.0,64.0
293400,1345.0,64.0
293500,1351.0,64.0
293600,1345.0,64.0
293700,1347.0,64.0
293800,1346.0,64.0
293900,1350.0,64.0
294000,1347.0,64.0
294100,1345.0,64.0
294200,1348.0,64.0
294400,1350.0,64.0
294500,1338.0,64.0
294600,1340.0,64.0
294700,1340.0,64.0
294800,1336.0,64.0
294900,1344.0,64.0
295000,1335.0,64.0
295200,1336.0,63.0
295300,1344.0,64.0
295400,1340.0,63.0
295500,1329.0,63.0
295600,1322.0,63.0
295700,1332.0,63.0
295800,1329.0,63.0
295900,1323.0,63.0
296000,1302.0,63.0
296100,1316.0,62.0
296200,1317.0,62.0
296300,1303.0,62.0
296400,1313.0,62.0
296500,1297.0,62.0
296600,1299.0,62.0
296700,1302.0,62.0
296900,1292.0,61.0
297000,1293.0,61.0
297100,1289.0,61.0
297300,1281.0,61.0
297400,1286.0,61.0
297500,1281.0,60.0
297600,1278.0,60.0
297700,1275.0,60.0
297800,1271.0,60.0
297900,1276.0,60.0
298000,1279.0,60.0
298100,1304.0,60.0
298200,1283.0,60.0
298300,1263.0,60.0
298400,1288.0,60.0
298500,1274.0,60.0
298600,1276.0,59.0
298700,1267.0,59.0
298900,1274.0,59.0
299000,1264.0,59.0
299100,1269.0,59.0
299200,1262.0,59.0
299300,1266.0,59.0
299400,1258.0,59.0
299500,1263.0,59.0
299600,1254.0,59.0
299700,1258.0,59.0
299800,1256.0,59.0
300000,1247.0,58.0
300100,1262.0,58.0
300200,1250.0,58.0
300300,1240.0,58.0
300400,1257.0,58.0
300500,1247.0,58.0
300600,1248.0,58.0
300700,1257.0,57.0
300800,1249.0,58.0
300900,1252.0,57.0
301000,1252.0,57.0
301100,1253.0,57.0
301200,1253.0,57.0
301300,1260.0,57.0
301400,1257.0,57.0
301500,1261.0,57.0
301600,1263.0,57.0
301700,1276.0,58.0
301800,1273.0,58.0
302000,1280.0,58.0
302100,1275.0,58.0
302200,1281.0,58.0
302300,1281.0,58.0
302400,1282.0,58.0
302500,1282.0,58.0
302600,1285.0,58.0
302700,1286.0,58.0
302800,1278.0,58.0
302900,1280.0,58.0
303000,1285.0,58.0
303100,1275.0,58.0
303200,1284.0,58.0
303300,1283.0,59.0
303400,1277.0,59.0
303500,1276.0,59.0
303600,1275.0,59.0
303700,1278.0,59.0
303800,1279.0,59.0
304000,1281.0,59.0
304100,1281.0,59.0
304200,1280.0,59.0
304300,1282.0,59.0
304400,1283.0,59.0
304500,1279.0,59.0
304600,1282.0,59.0
304700,1282.0,59.0
304800,1285.0,59.0
304900,1287.0,59.0
305000,1284.0,59.0
305100,1285.0,59.0
305200,1285.0,60.0
305300,1288.0,60.0
305400,1285.0,60.0
305500,1286.0,60.0
305600,1283.0,60.0
305700,1289.0,60.0
305800,1283.0,60.0
305900,1286.0,60.0
306000,1282.0,60.0
306100,1287.0,60.0
306300,1279.0,60.0
306400,1278.0,60.0
306500,1276.0,60.0
306600,1281.0,60.0
306700,1276.0,60.0
306800,1279.0,60.0
307000,1280.0,60.0
307100,1277.0,60.0
307200,1276.0,60.0
307300,1276.0,60.0
307400,1275.0,60.0
307500,1276.0,60.0
307700,1275.0,60.0
307800,1277.0,60.0
307900,1281.0,60.0
308000,1278.0,60.0
308200,1280.0,60.0
308300,1277.0,60.0
308400,1285.0,60.0
308500,1284.0,60.0
308600,1283.0,60.0
308700,1284.0,60.0
308900,1284.0,60.0
309000,1283.0,60.0
309100,1283.0,60.0
309200,1282.0,60.0
309300,1286.0,60.0
309400,1282.0,60.0
309500,1286.0,60.0
309600,1285.0,60.0
309700,1289.0,60.0
309800,1295.0,60.0
309900,1294.0,60.0
310000,1296.0,60.0
310100,1300.0,61.0
310200,1300.0,61.0
310300,1300.0,61.0
310400,1309.0,61.0
310500,1303.0,61.0
310600,1303.0,61.0
310700,1314.0,61.0
310900,1308.0,61.0
311000,1310.0,61.0
311100,1323.0,61.0
311200,1317.0,61.0
311300,1322.0,61.0
311400,1323.0,61.0
311500,1323.0,62.0
311600,1334.0,62.0
311700,1338.0,62.0
311800,1335.0,62.0
311900,1335.0,62.0
312000,1338.0,62.0
312200,1341.0,62.0
312300,1345.0,62.0
312400,1340.0,62.0
312500,1345.0,62.0
312700,1350.0,63.0
312800,1353.0,63.0
312900,1356.0,63.0
313000,1363.0,63.0
313100,1368.0,63.0
313200,1359.0,63.0
313300,1361.0,63.0
313400,1372.0,63.0
313500,1368.0,63.0
313600,1370.0,63.0
313700,1366.0,63.0
313800,1364.0,64.0
313900,1357.0,64.0
314000,1355.0,64.0
314100,1353.0,63.0
314200,1343.0,63.0
314400,1352.0,63.0
314500,1341.0,63.0
314600,1336.0,63.0
314700,1350.0,63.0
314800,1342.0,63.0
315000,1345.0,63.0
315100,1318.0,63.0
315200,1342.0,63.0
315300,1340.0,62.0
315400,1317.0,62.0
315500,1325.0,62.0
315600,1319.0,62.0
315700,1323.0,62.0
315800,1322.0,62.0
315900,1322.0,62.0
316000,1316.0,62.0
316100,1317.0,62.0
316200,1313.0,62.0
316300,1313.0,62.0
316400,1315.0,62.0
316500,1313.0,62.0
316700,1310.0,62.0
316800,1311.0,61.0
316900,1308.0,61.0
317000,1309.0,61.0
317100,1308.0,61.0
317200,1306.0,61.0
317300,1302.0,61.0
317400,1305.0,61.0
317500,1301.0,61.0
317600,1304.0,61.0
317700,1302.0,61.0
317900,1301.0,61.0
318000,1296.0,61.0
318100,1300.0,61.0
318200,1295.0,61.0
318400,1295.0,61.0
318500,1293.0,61.0
318600,1291.0,61.0
318700,1290.0,61.0
318800,1285.0,60.0
318900,1286.0,60.0
319000,1288.0,60.0
319100,1281.0,60.0
319200,1287.0,60.0
319300,1276.0,60.0
319400,1279.0,60.0
319500,1282.0,60.0
319700,1284.0,60.0
319800,1281.0,60.0
319900,1284.0,60.0
320000,1287.0,60.0
320100,1287.0,60.0
320200,1290.0,60.0
320300,1297.0,60.0
320500,1299.0,60.0
320600,1296.0,60.0
320700,1295.0,60.0
320900,1299.0,60.0
321000,1303.0,60.0
321100,1301.0,60.0
321200,1297.0,60.0
321300,1297.0,60.0
321400,1288.0,60.0
321500,1291.0,60.0
321600,1294.0,60.0
321800,1292.0,60.0
321900,1300.0,60.0
322000,1299.0,60.0
322100,1299.0,60.0
322200,1302.0,61.0
322300,1307.0,61.0
322400,1307.0,61.0
322500,1311.0,61.0
322600,1313.0,61.0
322700,1305.0,61.0
322900,1304.0,61.0
323000,1310.0,61.0
323100,1313.0,61.0
323200,1313.0,61.0
323300,1309.0,61.0
323400,1315.0,61.0
323500,1306.0,61.0
323600,1310.0,61.0
323700,1311.0,61.0
323800,1314.0,61.0
324000,1318.0,61.0
324100,1325.0,61.0
324200,1328.0,61.0
324300,1328.0,62.0
324400,1330.0,62.0
324500,1335.0,62.0
324600,1334.0,62.0
324700,1343.0,62.0
324800,1347.0,62.0
324900,1341.0,62.0
325000,1343.0,62.0
325100,1350.0,62.0
325200,1354.0,62.0
325300,1355.0,63.0
325400,1357.0,63.0
325500,1356.0,63.0
325600,1358.0,63.0
325800,1365.0,63.0
325900,1367.0,63.0
326000,1367.0,63.0
326100,1368.0,63.0
326200,1369.0,63.0
326300,1373.0,64.0
326400,1375.0,64.0
326500,1377.0,64.0
326600,1370.0,64.0
326800,1369.0,64.0
326900,1372.0,64.0
327000,1373.0,64.0
327100,1372.0,64.0
327200,1374.0,65.0
327300,1373.0,65.0
327400,1371.0,65.0
327600,1368.0,65.0
327700,1367.0,65.0
327800,1365.0,65.0
327900,1362.0,65.0
328000,1369.0,65.0
328100,1364.0,65.0
328200,1370.0,65.0
328300,1374.0,65.0
328400,1379.0,65.0
328500,1375.0,65.0
328700,1380.0,65.0
328800,1380.0,65.0
328900,1382.0,66.0
329000,1378.0,66.0
329200,1383.0,66.0
329300,1385.0,66.0
329400,1386.0,66.0
329500,1383.0,66.0
329700,1381.0,66.0
329800,1383.0,66.0
329900,1378.0,66.0
330000,1378.0,66.0
330100,1380.0,66.0
330200,1380.0,66.0
330300,1380.0,66.0
330400,1379.0,67.0
330600,1378.0,67.0
330700,1374.0,67.0
330800,1368.0,67.0
330900,1367.0,66.0
331000,1371.0,67.0
331100,1367.0,67.0
331200,1365.0,66.0
331300,1367.0,66.0
331500,1366.0,66.0
331600,1364.0,66.0
331700,1364.0,66.0
331800,1365.0,66.0
331900,1361.0,66.0
332000,1367.0,66.0
332100,1363.0,66.0
332200,1361.0,66.0
332300,1361.0,66.0
332400,1368.0,66.0
332500,1366.0,66.0
332600,1366.0,66.0
332800,1367.0,66.0
332900,1367.0,66.0
333000,1364.0,66.0
333100,1367.0,66.0
333200,1368.0,66.0
333300,1360.0,66.0
333500,1364.0,66.0
333600,1360.0,66.0
333700,1363.0,66.0
333800,1361.0,66.0
333900,1356.0,66.0
334000,1354.0,66.0
334100,1358.0,66.0
334200,1353.0,66.0
334300,1351.0,65.0
334400,1355.0,65.0
334500,1351.0,65.0
334700,1350.0,65.0
334800,1348.0,65.0
334900,1345.0,65.0
335000,1345.0,65.0
335100,1347.0,65.0
335200,1344.0,65.0
335400,1345.0,65.0
335500,1344.0,65.0
335600,1342.0,65.0
335700,1345.0,65.0
335800,1344.0,65.0
335900,1345.0,65.0
336000,1346.0,65.0
336100,1346.0,65.0
336200,1350.0,65.0
336300,1348.0,65.0
336400,1349.0,65.0
336600,1346.0,65.0
336700,1349.0,65.0
336800,1346.0,64.0
336900,1346.0,65.0
337000,1343.0,64.0
337100,1343.0,64.0
337200,1346.0,64.0
337300,1343.0,64.0
337400,1341.0,64.0
337500,1342.0,64.0
337600,1345.0,64.0
337700,1341.0,64.0
337800,1341.0,64.0
337900,1344.0,64.0
338100,1346.0,64.0
338200,1346.0,64.0
338300,1348.0,64.0
338400,1349.0,64.0
338500,1347.0,64.0
338600,1347.0,64.0
338700,1345.0,64.0
338900,1347.0,64.0
339000,1346.0,64.0
339100,1350.0,64.0
339200,1349.0,64.0
339300,1345.0,64.0
339400,1350.0,64.0
339600,1350.0,64.0
339700,1349.0,64.0
339800,1347.0,64.0
339900,1343.0,64.0
340000,1342.0,64.0
340100,1353.0,64.0
340200,1343.0,64.0
340300,1322.0,64.0
340400,1341.0,64.0
340500,1337.0,64.0
340600,1330.0,64.0
340700,1347.0,64.0
340800,1337.0,63.0
340900,1342.0,63.0
341000,1342.0,63.0
341100,1334.0,63.0
341200,1333.0,63.0
341400,1335.5,63.0
341500,1334.0,63.0
341700,1329.0,63.0
341800,1330.0,62.0
341900,1325.0,62.0
342000,1326.0,62.0
342100,1324.0,62.0
342200,1320.0,62.0
342300,1323.0,62.0
342400,1320.0,62.0
342500,1316.0,62.0
342600,1317.0,62.0
342700,1314.0,61.0
342800,1314.0,61.0
342900,1315.0,61.0
343000,1310.0,61.0
343100,1309.0,61.0
343200,1310.0,61.0
343300,1304.0,61.0
343400,1303.0,61.0
343500,1302.0,61.0
343700,1299.0,60.0
343800,1297.0,60.0
343900,1296.0,60.0
344000,1294.0,60.0
344100,1313.0,60.0
344200,1303.0,60.0
344300,1290.0,60.0
344400,1297.0,60.0
344500,1299.0,60.0
344600,1290.0,60.0
344700,1296.0,60.0
344800,1293.0,60.0
345000,1297.0,60.0
345100,1290.0,60.0
345200,1301.0,60.0
345400,1300.0,60.0
345500,1291.0,60.0
345600,1296.0,60.0
345700,1303.0,60.0
345800,1293.0,60.0
345900,1293.0,60.0
346000,1298.0,60.0
346100,1296.0,60.0
346200,1298.0,60.0
346400,1299.0,60.0
346500,1296.0,60.0
346600,1297.0,60.0
346700,1296.0,60.0
346800,1294.0,60.0
346900,1298.0,60.0
347000,1293.0,60.0
347100,1288.0,60.0
347200,1291.0,60.0
347400,1289.0,60.0
347500,1286.0,60.0
347600,1290.0,60.0
347700,1283.0,60.0
347800,1283.0,60.0
347900,1290.0,60.0
348000,1282.0,60.0
348100,1283.0,60.0
348300,1284.0,60.0
348500,1280.0,60.0
348600,1282.0,60.0
348700,1279.0,60.0
348800,1275.0,59.0
348900,1277.0,59.0
349000,1271.0,59.0
349100,1272.0,59.0
349200,1271.0,59.0
349400,1266.0,59.0
349500,1267.0,59.0
349600,1268.0,59.0
349700,1268.0,59.0
349800,1263.0,59.0
349900,1263.0,59.0
350000,1262.0,59.0
350100,1260.0,59.0
350200,1261.0,59.0
350300,1256.0,59.0
350400,1254.0,59.0
350500,1259.0,59.0
350700,1258.0,59.0
350800,1261.0,59.0
350900,1258.0,58.0
351000,1260.0,58.0
351100,1264.0,59.0
351200,1261.0,59.0
351300,1260.0,59.0
351400,1253.0,59.0
351500,1250.0,59.0
351600,1252.0,59.0
351800,1257.0,59.0
351900,1258.0,59.0
352000,1251.0,59.0
352100,1250.0,59.0
352200,1250.0,59.0
352300,1244.0,59.0
352400,1246.0,59.0
352500,1245.0,59.0
352700,1247.0,59.0
352800,1237.0,58.0
352900,1228.0,58.0
353000,1249.0,58.0
353200,1239.0,58.0
353300,1237.0,58.0
353400,1238.0,58.0
353500,1231.0,58.0
353600,1228.0,58.0
353700,1226.0,57.0
353800,1221.0,57.0
353900,1251.0,57.0
354000,1210.0,57.0
354100,1234.0,57.0
354200,1234.0,57.0
354300,1218.0,57.0
354400,1228.0,57.0
354500,1227.0,57.0
354600,1223.0,57.0
354700,1229.0,57.0
354900,1210.0,57.0
355000,1222.0,56.0
355100,1224.0,56.0
355200,1222.0,56.0
355300,1219.0,56.0
355400,1263.0,56.0
355500,1239.0,55.0
355600,1221.0,55.0
355700,1228.0,55.0
355800,1217.0,54.0
355900,1210.0,53.0
356000,1209.0,53.0
356200,1211.0,52.0
356300,1211.0,52.0
356400,1210.0,51.0
356500,1208.0,50.0
356600,1209.0,49.0
356700,1208.0,49.0
356800,1212.0,48.0
356900,1208.0,47.0
357000,1210.0,46.0
357200,1212.0,45.0
357300,1218.0,45.0
357400,1226.0,44.0
357500,1236.0,43.0
357600,1235.0,43.0
357700,1245.0,42.0
357800,1253.0,42.0
357900,1271.0,41.0
358000,1276.0,40.0
358200,1265.0,39.0
358300,1251.0,39.0
358400,1236.0,38.0
358500,1231.0,38.0
358600,1229.0,37.0
358700,1227.0,37.0
358800,1224.0,36.0
358900,1215.0,35.0
359000,1223.0,34.0
359200,1215.5,33.5
359400,1212.0,32.0
359500,1220.0,31.5
359700,1227.0,31.0
359800,1244.0,30.0
359900,1235.0,29.0
360000,1236.0,29.0
360100,1225.0,28.0
360200,1226.0,28.0
360300,1231.0,27.0
360400,1236.0,27.0
360500,1240.0,26.0
360600,1225.0,26.0
360700,1221.0,25.0
360800,1211.0,24.0
360900,1219.0,23.0
361000,1220.0,22.0
361100,1219.0,22.0
361200,1217.0,21.0
361300,1204.0,21.0
361400,1200.0,20.0
361500,1137.0,20.0
361600,1066.0,19.0
361700,972.0,18.0
361800,1073.0,18.0
361900,1118.0,17.0
362000,1153.0,16.0
362200,1142.0,16.0
362300,1128.0,15.0
362400,1104.0,15.0
362500,1092.0,14.0
362600,1068.0,13.0
362700,1040.0,12.0
362800,1009.0,11.0
362900,952.0,11.0
363000,928.0,10.0
363100,886.0,9.0
363300,843.0,8.0
363400,818.0,7.0
363500,795.0,7.0
363600,750.0,6.0
363700,719.0,5.0
363800,669.0,5.0
363900,630.0,4.0
364000,624.0,4.0
364100,616.0,4.0
364200,621.0,4.0
364300,632.0,3.0
364500,638.0,3.0
364600,667.0,2.5
364800,685.0,2.0
364900,692.0,2.0
365000,685.0,2.0
365100,678.0,1.0
365200,674.0,0.0
365300,673.0,0.0
365400,676.0,0.0
365500,677.0,0.0
365600,684.0,0.0
365700,671.0,0.0
365800,688.0,0.0
365900,688.0,0.0
366000,693.0,0.0
366100,691.0,0.0
366200,693.0,0.0
366300,688.0,0.0
366400,682.0,0.0
366500,682.0,0.0
366600,679.0,0.0
366800,684.0,0.0
366900,691.0,0.0
367000,691.0,0.0
367100,696.0,0.0
367200,692.0,0.0
367300,703.0,0.0
367400,701.0,0.0
367600,709.0,0.0
367700,696.0,0.0
367800,705.0,0.0
367900,690.0,0.0
368000,689.0,0.0
368100,688.0,0.0
368200,678.0,0.0
368300,695.0,0.0
368400,727.0,0.0
368600,763.0,0.0
368700,815.0,0.0
368800,838.0,0.0
368900,857.0,0.0
369000,868.0,0.0
369100,859.0,0.0
369200,847.0,0.0
369300,847.0,0.0
369400,826.0,0.0
369500,794.0,0.0
369600,792.0,0.0
369700,779.0,1.0
369800,793.0,2.0
370000,848.0,2.0
370100,1013.0,2.0
370200,1200.0,2.0
370300,1352.0,3.0
370500,1470.0,4.0
370600,1502.0,5.0
370700,1525.0,5.0
370800,1539.0,6.0
370900,1549.0,7.0
371000,1556.0,7.0
371100,1571.0,8.0
371200,1593.0,8.0
371300,1662.0,9.0
371500,1738.0,10.0
371600,1809.0,11.0
371700,1827.0,12.0
371900,1780.0,12.0
372000,1742.0,13.0
372100,1735.0,14.0
372200,1744.0,14.0
372300,1739.0,15.0
372400,1721.0,15.0
372500,1688.0,16.0
372600,1662.0,17.0
372700,1629.0,17.0
372800,1618.0,18.0
372900,1607.0,18.0
373000,1574.0,19.0
373100,1507.0,19.0
373300,1434.0,20.0
373400,1399.0,20.0
373500,1365.0,21.0
373700,1332.0,21.0
373800,1324.0,22.0
373900,1354.0,22.0
374000,1342.0,23.0
374100,1340.0,23.0
374200,1364.0,24.0
374300,1364.0,24.0
374400,1371.0,25.0
374500,1378.0,25.0
374600,1384.0,25.0
374700,1384.0,26.0
374800,1395.0,26.0
375000,1372.0,26.0
375100,1364.0,27.0
375200,1373.0,27.0
375300,1360.0,28.0
375400,1377.0,28.0
375500,1363.0,28.0
375600,1391.0,29.0
375700,1390.0,29.0
375800,1393.0,29.0
375900,1410.0,29.0
376000,1401.0,30.0
376100,1416.0,30.0
376200,1415.0,30.0
376300,1422.0,31.0
376500,1429.0,31.0
376600,1419.0,31.0
376700,1428.0,32.0
376800,1425.0,32.0
376900,1434.0,32.0
377000,1439.0,33.0
377100,1428.0,33.0
377200,1439.0,33.0
377300,1437.0,34.0
377400,1439.0,34.0
377500,1430.0,34.0
377600,1435.0,35.0
377700,1426.0,35.0
377800,1425.0,35.0
377900,1432.0,35.0
378100,1433.0,36.0
378200,1422.0,36.0
378300,1430.0,36.0
378400,1418.0,37.0
378500,1426.0,37.0
378600,1431.0,37.0
378700,1423.0,37.0
378800,1420.0,38.0
378900,1401.0,38.0
379000,1392.0,38.0
379200,1365.0,38.0
379300,1327.0,38.0
379400,1301.0,39.0
379500,1288.0,39.0
379600,1260.0,39.0
379700,1256.0,39.0
379800,1237.0,39.0
379900,1211.0,39.0
380000,1210.0,38.0
380100,1226.0,38.0
380200,1187.0,38.0
380400,1211.0,38.0
380500,1222.0,38.0
380600,1212.0,38.0
380700,1206.0,38.0
380800,1196.0,37.0
380900,1200.0,37.0
381000,1194.0,37.0
381100,1199.0,37.0
381200,1201.0,37.0
381300,1205.0,36.0
381400,1209.0,36.0
381500,1208.0,36.0
381600,1211.0,36.0
381700,1209.0,36.0
381800,1215.0,35.0
381900,1215.0,35.0
382000,1216.0,35.0
382200,1219.0,35.0
382300,1227.0,35.0
382400,1225.0,34.0
382600,1221.0,34.0
382700,1204.0,34.0
382800,1206.0,34.0
382900,1201.0,33.0
383000,1208.0,33.0
383100,1202.0,32.0
383200,1204.0,32.0
383300,1202.0,32.0
383400,1203.0,31.0
383500,1203.0,31.0
383600,1204.0,30.0
383700,1204.0,30.0
383900,1199.0,29.0
384000,1195.0,29.0
384100,1190.0,28.0
384200,1187.0,28.0
384300,1192.0,27.0
384400,1190.0,26.0
384500,1198.0,26.0
384600,1202.0,25.0
384700,1199.0,25.0
384900,1209.0,24.0
385000,1214.0,24.0
385100,1216.0,23.0
385200,1215.0,23.0
385300,1211.0,22.0
385400,1195.0,21.0
385500,1184.0,21.0
385600,1153.0,21.0
385800,1122.0,20.0
385900,1030.0,20.0
386000,980.0,20.0
386100,872.0,19.0
386200,867.0,19.0
386300,1010.0,19.0
386400,1123.0,19.0
386500,1169.0,19.0
386600,1179.0,19.0
386700,1172.0,18.0
386800,1165.0,18.0
387000,1154.0,18.0
387100,1143.0,18.0
387200,1136.0,18.0
387300,1128.0,18.0
387400,1117.0,18.0
387500,1125.0,18.0
387600,1157.0,18.0
387700,1238.0,18.0
387900,1357.0,18.0
388000,1451.0,18.0
388100,1483.0,18.0
388200,1497.0,18.0
388300,1507.0,18.0
388400,1519.0,18.0
388500,1542.0,19.0
388600,1569.0,19.0
388700,1585.0,19.0
388800,1602.0,19.0
388900,1590.0,20.0
389000,1562.0,20.0
389100,1553.0,20.0
389200,1544.0,20.0
389400,1546.0,20.0
389500,1546.0,21.0
389600,1570.0,21.0
389700,1603.0,21.0
389800,1650.0,22.0
389900,1671.0,22.0
390000,1677.0,23.0
390100,1669.0,23.0
390200,1637.0,23.0
390300,1620.0,24.0
390400,1572.0,24.0
390500,1556.0,25.0
390600,1518.0,25.0
390700,1465.0,25.0
390800,1435.0,26.0
390900,1360.0,26.0
391000,1335.0,27.0
391100,1345.0,27.0
391200,1335.0,28.0
391300,1336.0,28.0
391400,1330.0,28.0
391500,1323.0,29.0
391700,1323.0,29.0
391800,1325.0,29.0
391900,1322.0,30.0
392000,1337.0,30.0
392100,1330.0,30.0
392200,1336.0,31.0
392300,1334.0,31.0
392400,1343.0,32.0
392500,1348.0,32.0
392600,1343.0,32.0
392700,1354.0,33.0
392800,1351.0,33.0
392900,1348.0,33.0
393100,1357.0,33.0
393200,1355.0,34.0
393300,1360.0,34.0
393400,1357.0,35.0
393500,1356.0,35.0
393600,1357.0,35.0
393700,1355.0,36.0
393800,1358.0,36.0
393900,1363.0,36.0
394000,1361.0,37.0
394100,1370.0,37.0
394200,1366.0,37.0
394300,1375.0,37.0
394400,1372.0,38.0
394600,1380.0,38.0
394700,1385.0,38.0
394800,1403.0,38.0
394900,1406.0,39.0
395000,1398.0,39.0
395100,1418.0,39.0
395300,1419.0,40.0
395400,1433.0,40.0
395500,1424.0,40.0
395600,1438.0,41.0
395700,1439.0,41.0
395900,1429.5,41.5
396000,1424.0,42.0
396100,1422.0,42.0
396300,1419.0,42.0
396400,1412.0,43.0
396500,1414.0,43.0
396600,1411.0,43.0
396700,1405.0,43.0
396800,1410.0,44.0
396900,1405.0,44.0
397100,1421.0,44.0
397200,1398.0,45.0
397300,1398.0,45.0
397500,1394.0,45.0
397600,1379.0,45.0
397700,1375.0,46.0
397800,1361.0,46.0
397900,1334.0,46.0
398000,1324.0,46.0
398100,1294.0,46.0
398200,1287.0,46.0
398300,1262.0,46.0
398400,1254.0,47.0
398500,1237.0,47.0
398600,1227.0,47.0
398700,1222.0,47.0
398800,1205.0,47.0
398900,1188.0,47.0
399000,1198.0,47.0
399100,1183.0,47.0
399200,1188.0,47.0
399300,1182.0,48.0
399400,1166.0,48.0
399500,1177.0,48.0
399700,1171.0,48.0
399800,1156.0,48.0
399900,1141.0,48.0
400000,1152.0,48.0
400100,1150.0,48.0
400200,1130.0,48.0
400300,1137.0,48.0
400400,1130.0,48.0
400500,1131.0,48.0
400600,1135.0,48.0
400700,1126.0,48.0
400900,1123.0,48.0
401000,1129.0,48.0
401100,1128.0,48.0
401200,1123.0,48.0
401300,1132.0,48.0
401400,1132.0,48.0
401500,1130.0,48.0
401600,1131.0,47.0
401700,1132.0,47.0
401800,1151.0,47.0
401900,1194.0,47.0
402000,1230.0,47.0
402100,1246.0,47.0
402200,1225.0,47.0
402300,1228.0,47.0
402400,1232.0,47.0
402500,1205.0,47.0
402600,1232.0,47.0
402800,1206.0,47.0
402900,1230.0,47.0
403000,1219.0,47.0
403100,1214.0,46.0
403200,1219.0,46.0
403300,1213.0,46.0
403400,1216.0,46.0
403500,1217.0,46.0
403600,1221.0,46.0
403700,1223.0,45.0
403800,1229.0,45.0
403900,1224.0,45.0
404000,1226.0,45.0
404100,1235.0,45.0
404200,1243.0,45.0
404300,1232.0,44.0
404400,1233.0,44.0
404500,1226.0,44.0
404600,1231.0,44.0
404700,1219.0,44.0
404900,1222.0,43.0
405000,1225.0,43.0
405100,1224.0,43.0
405200,1226.0,43.0
405300,1226.0,43.0
405400,1228.0,42.0
405500,1231.0,42.0
405600,1227.0,42.0
405700,1233.0,42.0
405800,1228.0,42.0
405900,1240.0,42.0
406000,1242.0,41.0
406100,1239.0,41.0
406200,1236.0,41.0
406300,1233.0,41.0
406400,1242.0,41.0
406500,1234.0,41.0
406600,1242.0,40.0
406700,1235.0,40.0
406900,1240.0,40.0
407000,1239.0,40.0
407100,1236.0,40.0
407200,1241.0,39.0
407300,1235.0,39.0
407400,1239.0,39.0
407500,1235.0,39.0
407600,1237.0,39.0
407700,1238.0,39.0
407800,1243.0,38.0
407900,1238.0,38.0
408000,1240.0,38.0
408100,1237.0,38.0
408200,1234.0,38.0
408400,1236.0,37.0
408500,1241.0,37.0
408600,1252.0,37.0
408700,1273.0,37.0
408800,1248.0,37.0
408900,1234.0,37.0
409000,1254.0,37.0
409100,1241.0,37.0
409200,1271.0,37.0
409300,1250.0,36.0
409400,1257.0,36.0
409500,1237.0,36.0
409600,1248.0,36.0
409700,1254.0,36.0
409900,1250.0,35.0
410000,1246.0,35.0
410100,1239.0,35.0
410200,1229.0,35.0
410300,1232.0,35.0
410400,1227.0,34.0
410500,1228.0,34.0
410600,1218.0,33.0
410700,1219.0,33.0
410900,1216.0,33.0
411000,1215.0,32.0
411100,1213.0,32.0
411200,1210.0,31.0
411300,1214.0,31.0
411400,1212.0,30.0
411500,1217.0,29.0
411700,1214.0,29.0
411800,1216.0,29.0
411900,1210.0,28.0
412000,1213.0,27.0
412100,1209.0,26.0
412300,1208.0,26.0
412400,1209.0,24.0
412500,1208.0,24.0
412600,1209.0,23.0
412700,1206.0,23.0
412900,1205.0,22.0
413000,1201.0,21.0
413100,1194.0,20.0
413200,1189.0,20.0
413300,1135.0,19.0
413400,1033.0,19.0
413500,991.0,18.0
413600,1097.0,18.0
413700,1134.0,17.0
413800,1145.0,16.0
413900,1141.0,16.0
414000,1132.0,16.0
414100,1115.0,16.0
414200,1110.0,16.0
414300,1106.0,15.0
414500,1096.0,15.0
414600,1095.0,15.0
414700,1077.0,15.0
414800,1076.0,15.0
414900,1062.0,14.0
415000,1051.0,14.0
415100,1020.0,14.0
415300,1011.0,13.0
415400,1024.0,13.0
415500,1082.0,13.0
415600,1136.0,13.0
415700,1237.0,12.0
415800,1272.0,12.0
415900,1334.0,12.0
416000,1328.0,12.0
416100,1309.0,12.0
416200,1300.0,12.0
416300,1299.0,12.0
416500,1297.0,12.0
416600,1312.0,12.0
416700,1324.0,12.0
416800,1330.0,12.0
416900,1354.0,13.0
417000,1362.0,13.0
417100,1345.0,13.0
417300,1347.0,13.0
417400,1371.0,13.0
417500,1402.0,14.0
417600,1424.0,14.0
417700,1461.0,14.0
417800,1484.0,14.0
417900,1497.0,15.0
418000,1516.0,15.0
418100,1529.0,15.0
418200,1529.0,16.0
418300,1520.0,16.0
418400,1514.0,17.0
418600,1491.0,17.0
418700,1475.0,17.0
418800,1445.0,18.0
418900,1410.0,18.0
419000,1374.0,19.0
419100,1318.0,19.0
419300,1274.0,19.0
419400,1268.0,19.0
419500,1264.0,20.0
419600,1249.0,20.0
419700,1255.0,20.0
419800,1242.0,21.0
419900,1241.0,21.0
420100,1238.0,21.0
420200,1229.0,22.0
420300,1229.0,22.0
420400,1230.0,22.0
420500,1229.0,23.0
420600,1226.0,23.0
420700,1230.0,23.0
420900,1221.0,23.5
421100,1213.0,24.0
421200,1214.0,24.0
421300,1207.0,25.0
421400,1211.0,25.0
421500,1204.0,25.0
421700,1204.0,25.0
421800,1198.0,26.0
421900,1192.0,26.0
422000,1182.0,26.0
422100,1190.0,26.0
422200,1186.0,26.0
422300,1215.0,26.0
422400,1202.0,26.0
422500,1216.0,26.0
422600,1206.0,26.0
422800,1187.0,26.0
422900,1187.0,26.0
423000,1236.0,26.0
423100,1210.0,26.0
423200,1185.0,26.0
423300,1199.0,25.0
423400,1176.0,25.0
423500,1171.0,24.0
423600,1157.0,24.0
423700,1158.0,24.0
423800,1154.0,23.0
423900,1175.0,23.0
424000,1178.0,23.0
424100,1183.0,22.0
424300,1179.0,22.0
424400,1174.0,21.0
424500,1105.0,21.0
424600,1029.0,21.0
424700,941.0,21.0
424800,921.0,21.0
425000,1136.0,21.0
425100,1204.0,20.0
425200,1207.0,20.0
425300,1183.0,20.0
425400,1165.0,20.0
425500,1159.0,20.0
425600,1148.0,20.0
425700,1146.0,20.0
425800,1137.0,20.0
425900,1127.0,20.0
426000,1123.0,20.0
426100,1140.0,20.0
426200,1162.0,20.0
426300,1209.0,19.0
426400,1246.0,19.0
426600,1268.0,19.0
426700,1274.0,19.0
426800,1298.0,19.0
426900,1332.0,19.0
427000,1381.0,19.0
427100,1405.0,19.0
427200,1406.0,19.0
427300,1410.0,19.0
427500,1404.0,19.0
427600,1387.0,19.0
427700,1357.0,20.0
427800,1350.0,20.0
427900,1369.0,20.0
428000,1430.0,20.0
428100,1463.0,20.0
428200,1517.0,20.0
428400,1573.0,21.0
428500,1577.0,21.0
428600,1594.0,21.0
428700,1597.0,21.0
428800,1601.0,22.0
428900,1578.0,22.0
429000,1565.0,22.0
429100,1512.0,22.0
429200,1457.0,23.0
429300,1425.0,23.0
429400,1355.0,23.0
429500,1272.0,23.0
429600,1243.0,24.0
429700,1238.0,24.0
429800,1217.0,24.0
429900,1215.0,24.0
430100,1218.0,25.0
430200,1200.0,25.0
430300,1205.0,25.0
430400,1200.0,25.0
430500,1186.0,25.0
430600,1180.0,25.0
430700,1170.0,26.0
430800,1170.0,26.0
430900,1160.0,26.0
431000,1161.0,26.0
431100,1158.0,26.0
431200,1174.0,26.0
431300,1216.0,26.0
431400,1229.0,25.0
431500,1229.0,25.0
431700,1205.0,25.0
431800,1162.0,25.0
431900,1228.0,25.0
432000,1216.0,25.0
432100,1213.0,25.0
432200,1236.0,24.0
432300,1192.0,24.0
432400,1223.0,24.0
432500,1211.0,24.0
432600,1219.0,24.0
432700,1213.0,24.0
432800,1205.0,24.0
432900,1249.0,23.0
433000,1179.0,23.0
433100,1167.0,23.0
433200,1191.0,23.0
433300,1204.0,23.0
433400,1189.0,23.0
433500,1149.0,23.0
433700,1166.0,23.0
433800,1176.0,23.0
433900,1163.0,23.0
434000,1149.0,23.0
434100,1162.0,23.0
434200,1161.0,23.0
434300,1145.0,23.0
434400,1147.0,23.0
434500,1165.0,23.0
434600,1153.0,23.0
434700,1145.0,23.0
434800,1148.0,23.0
434900,1150.0,23.0
435000,1150.0,23.0
435200,1149.0,23.0
435300,1139.0,23.0
435400,1136.0,23.0
435500,1143.0,23.0
435600,1146.0,23.0
435700,1141.0,23.0
435800,1144.0,23.0
435900,1184.0,23.0
436000,1245.0,23.0
436100,1252.0,23.0
436200,1233.0,22.0
436400,1240.0,22.0
436500,1197.0,22.0
436600,1180.0,22.0
436700,1141.0,22.0
436800,1054.0,22.0
436900,1021.0,22.0
437000,971.0,22.0
437100,964.0,22.0
437200,1035.0,22.0
437300,1079.0,22.0
437400,1089.0,22.0
437500,1131.0,21.0
437700,1146.0,21.0
437800,1139.0,21.0
437900,1130.0,21.0
438000,1128.0,21.0
438100,1125.0,21.0
438200,1114.0,21.0
438300,1109.0,21.0
438400,1110.0,21.0
438500,1099.0,21.0
438600,1097.0,21.0
438700,1098.0,20.0
438900,1092.0,20.0
439000,1079.0,20.0
439100,1067.0,20.0
439200,1056.0,20.0
439300,1050.0,19.0
439400,1052.0,19.0
439500,1035.0,19.0
439600,1034.0,18.0
439700,1019.0,18.0
439800,1015.0,18.0
439900,1012.0,17.0
440000,1005.0,17.0
440100,1009.0,17.0
440200,999.0,17.0
440300,1010.0,16.0
440500,1015.0,16.0
440600,1020.0,16.0
440700,1027.0,15.0
440800,1022.0,15.0
440900,1026.0,15.0
441000,1027.0,15.0
441100,1020.0,15.0
441200,1011.0,15.0
441300,1001.0,14.0
441500,976.0,14.0
441600,969.0,14.0
441700,945.0,14.0
441800,938.0,14.0
441900,943.0,14.0
442000,947.0,14.0
442100,925.0,13.0
442200,932.0,13.0
442300,934.0,13.0
442400,937.0,13.0
442500,932.0,13.0
442600,917.0,12.0
442700,926.0,12.0
442800,924.0,12.0
442900,896.0,12.0
443000,888.0,12.0
443100,890.0,11.0
443200,893.0,11.0
443400,879.0,11.0
443500,881.0,11.0
443600,885.0,11.0
443700,891.0,11.0
443800,884.0,11.0
443900,877.0,11.0
444000,879.0,11.0
444100,871.0,11.0
444200,873.0,11.0
444300,873.0,11.0
444400,886.0,11.0
444500,887.0,11.0
444600,884.0,10.0
444700,891.0,10.0
444800,889.0,10.0
444900,881.0,10.0
445000,873.0,10.0
445200,861.0,10.0
445300,844.0,9.0
445400,840.0,9.0
445500,836.0,9.0
445600,826.0,9.0
445700,818.0,8.0
445800,809.0,8.0
445900,804.0,8.0
446000,791.0,7.0
446100,776.0,7.0
446200,773.0,7.0
446300,753.0,6.0
446500,719.0,6.0
446600,709.0,5.0
446700,681.0,5.0
446800,653.0,5.0
446900,652.0,5.0
447000,640.0,5.0
447100,668.0,5.0
447200,683.0,5.0
447300,743.0,5.0
447400,778.0,5.0
447500,833.0,5.0
447600,848.0,5.0
447700,857.0,5.0
447800,862.0,5.0
447900,852.0,5.0
448000,848.0,5.0
448100,848.0,5.0
448200,849.0,5.0
448300,839.0,5.0
448400,841.0,5.0
448500,834.0,5.0
448600,827.0,5.0
448700,828.0,5.0
448800,833.0,5.0
449000,841.0,5.0
449200,850.0,5.0
449300,857.0,5.0
449400,861.0,5.0
449500,859.0,5.0
449600,859.0,5.0
449700,861.0,5.0
449800,857.0,5.0
449900,850.0,5.0
450000,848.0,5.0
450100,837.0,5.0
450200,835.0,4.0
450300,831.0,4.0
450400,826.0,4.0
450500,822.0,4.0
450600,813.0,4.0
450700,793.0,4.0
450800,786.0,4.0
450900,781.0,3.0
451100,787.0,3.0
451200,819.0,3.0
451300,838.0,3.0
451400,842.0,3.0
451500,836.0,2.0
451600,811.0,2.0
451700,785.0,2.0
451800,771.0,2.0
451900,748.0,1.0
452000,709.0,0.0
452100,686.0,0.0
452200,695.0,0.0
452400,732.0,0.0
452500,778.0,0.0
452600,793.0,0.0
452700,812.0,0.0
452800,815.0,0.0
452900,829.0,0.0
453000,830.0,0.0
453100,829.0,0.0
453300,834.0,0.0
453400,844.0,0.0
453500,852.0,0.0
453600,870.0,0.0
453700,882.0,0.0
453800,885.0,0.0
453900,861.0,0.0
454000,842.0,0.0
454100,839.0,0.0
454300,865.0,0.0
454400,880.0,0.0
454500,888.0,0.0
454600,900.0,0.0
454700,889.0,0.0
454800,867.0,0.0
454900,863.0,0.0
455000,825.0,0.0
455200,808.0,0.0
455300,787.0,0.0
455500,775.0,0.0
455600,797.0,0.0
455700,820.0,0.0
455800,818.0,0.0
455900,826.0,0.0
456000,835.0,0.0
456100,838.0,0.0
456200,845.0,0.0
456300,849.0,0.0
456400,853.0,0.0
456500,851.0,0.0
456600,851.0,0.0
456700,849.0,0.0
456800,837.0,0.0
456900,812.0,0.0
457000,789.0,0.0
457200,779.0,0.0
457300,764.0,0.0
457400,757.0,0.0
457500,763.0,0.0
457600,767.0,0.0
457700,766.0,0.0
457800,764.0,0.0
457900,765.0,0.0
458100,761.0,0.0
458200,755.0,0.0
458300,759.0,0.0
458400,752.0,0.0
458500,742.0,0.0
458600,738.0,0.0
458700,731.0,0.0
458800,731.0,0.0
458900,730.0,0.0
459100,726.0,0.0
459200,727.0,0.0
459300,724.0,0.0
459400,736.0,0.0
459500,741.0,0.0
459700,748.0,0.0
459900,761.0,0.0
460000,775.0,0.0
460200,778.0,0.0
460300,771.0,0.0
460400,786.0,0.0
460500,795.0,0.0
460600,797.0,0.0
460700,801.0,0.0
460800,811.0,0.0
460900,813.0,0.0
461000,795.0,0.0
461100,801.0,0.0
461200,816.0,0.0
461400,817.0,0.0
461500,822.0,0.0
461600,811.0,0.0
461700,809.0,0.0
461800,816.0,0.0
461900,788.0,0.0
462000,793.0,0.0
462100,802.0,0.0
462200,782.0,0.0
462400,765.0,0.0
462500,759.0,0.0
462600,762.0,0.0
462700,753.0,0.0
462800,767.0,0.0
463000,768.0,0.0
463100,750.0,0.0
463200,754.0,0.0
463300,754.0,0.0
