timestamp,RPM,Speed
0.0,1823.0,0.0
400.0,1821.5,0.0
700.0,1829.6666666666667,0.0
900.0,1828.5,0.0
1100.0,1828.4,0.0
1200.0,1828.8333333333333,0.0
1300.0,1829.7142857142858,0.0
1500.0,1828.25,0.0
1600.0,1827.5555555555557,0.0
1700.0,1829.4,0.0
1800.0,1828.0,0.0
1900.0,1827.4166666666667,0.0
2000.0,1825.7692307692307,0.0
2200.0,1826.75,0.0
2300.0,1826.3529411764705,0.0
2400.0,1826.9444444444443,0.0
2500.0,1827.3157894736842,0.0
2700.0,1827.0454545454545,0.0
2800.0,1826.608695652174,0.0
3000.0,1825.9615384615386,0.0
3200.0,1826.655172413793,0.0
3500.0,1826.7941176470588,0.0
3700.0,1825.4864864864865,0.0
4000.0,1825.8095238095239,0.0
4300.0,1825.340425531915,0.0
4700.0,1821.611111111111,0.0
5100.0,1778.7704918032787,0.0
5500.0,1705.1176470588234,0.029411764705882353
6000.0,1618.0714285714287,0.33116883116883117
6400.0,1563.8035714285713,0.6488095238095238
6900.0,1505.532258064516,1.0698924731182795
7300.0,1468.815,1.415
7400.0,1460.425,1.475
7500.0,1452.015,1.535
7700.0,1443.325,1.595
7800.0,1434.795,1.655
7900.0,1426.135,1.715
8000.0,1417.515,1.765
8100.0,1408.885,1.815
8200.0,1400.535,1.865
8300.0,1392.045,1.905
8500.0,1383.285,1.945
8600.0,1374.715,1.985
8700.0,1366.085,2.015
8800.0,1357.675,2.045
8900.0,1348.945,2.075
9000.0,1340.115,2.095
9100.0,1331.375,2.115
9200.0,1322.775,2.135
9300.0,1313.955,2.135
9500.0,1305.055,2.135
9600.0,1296.385,2.135
9700.0,1287.715,2.135
9800.0,1279.235,2.135
9900.0,1270.565,2.135
10000.0,1261.955,2.135
10100.0,1253.275,2.135
10200.0,1244.695,2.135
10300.0,1236.005,2.135
10400.0,1227.315,2.135
10500.0,1218.585,2.135
10700.0,1210.385,2.135
10800.0,1202.595,2.135
10900.0,1195.415,2.135
11000.0,1188.675,2.135
11100.0,1182.525,2.135
11200.0,1176.775,2.135
11300.0,1171.025,2.135
11400.0,1165.495,2.135
11500.0,1159.655,2.135
11600.0,1153.555,2.135
11700.0,1146.435,2.135
11800.0,1139.135,2.135
12000.0,1131.325,2.135
12100.0,1123.555,2.135
12200.0,1115.655,2.135
12300.0,1107.425,2.135
12400.0,1099.235,2.135
12500.0,1091.005,2.135
12600.0,1082.505,2.135
12700.0,1073.835,2.135
12800.0,1065.175,2.135
12900.0,1056.475,2.135
13000.0,1047.575,2.135
13100.0,1038.925,2.155
13300.0,1030.555,2.175
13400.0,1022.975,2.195
13500.0,1016.035,2.225
13600.0,1010.955,2.255
13700.0,1008.235,2.285
13800.0,1006.555,2.325
13900.0,1006.465,2.365
14000.0,1007.555,2.415
14100.0,1009.195,2.465
14200.0,1011.565,2.515
14300.0,1014.045,2.575
14500.0,1016.665,2.645
14600.0,1019.445,2.715
14700.0,1023.055,2.785
14800.0,1027.095,2.845
14900.0,1031.865,2.905
15000.0,1036.985,2.975
15100.0,1042.475,3.045
15200.0,1048.11,3.12
15300.0,1054.35,3.19
15400.0,1061.3,3.27
15500.0,1068.58,3.35
15700.0,1076.14,3.44
15800.0,1083.32,3.53
15900.0,1089.81,3.62
16000.0,1095.75,3.71
16100.0,1101.15,3.81
16200.0,1106.34,3.91
16300.0,1111.78,4.02
16400.0,1117.19,4.13
16500.0,1122.6,4.24
16600.0,1128.01,4.35
16700.0,1133.47,4.47
16800.0,1138.75,4.59
16900.0,1143.81,4.71
17100.0,1148.52,4.84
17200.0,1152.87,4.97
17300.0,1156.99,5.11
17400.0,1161.07,5.25
17500.0,1164.95,5.4
17600.0,1168.65,5.55
17700.0,1172.07,5.7
17800.0,1175.22,5.86
17900.0,1178.56,6.02
18000.0,1181.85,6.19
18100.0,1185.16,6.36
18200.0,1188.44,6.53
18400.0,1191.77,6.71
18500.0,1194.96,6.89
18600.0,1198.18,7.07
18700.0,1201.38,7.26
18800.0,1204.54,7.45
18900.0,1207.53,7.66
19000.0,1210.53,7.87
19100.0,1213.22,8.08
19200.0,1216.0,8.31
19300.0,1218.54,8.54
19400.0,1221.14,8.77
19600.0,1223.5,9.01
19700.0,1225.88,9.25
19800.0,1228.27,9.49
19900.0,1230.81,9.74
20000.0,1233.28,9.99
20100.0,1235.65,10.25
20200.0,1238.28,10.53
20300.0,1240.82,10.81
20400.0,1243.34,11.09
20500.0,1245.73,11.37
20700.0,1248.2,11.65
20800.0,1250.64,11.93
20900.0,1253.19,12.21
21000.0,1255.47,12.48
21100.0,1257.63,12.75
21200.0,1259.86,13.02
21300.0,1262.29,13.29
21400.0,1264.55,13.56
21500.0,1266.23,13.83
21600.0,1267.56,14.09
21800.0,1268.51,14.36
21900.0,1269.32,14.62
22000.0,1269.55,14.88
22100.0,1269.39,15.14
22200.0,1269.24,15.4
22300.0,1268.93,15.66
22400.0,1269.11,15.92
22500.0,1269.3,16.19
22600.0,1270.41,16.46
22700.0,1271.57,16.73
22900.0,1273.22,17.0
23000.0,1274.79,17.27
23100.0,1276.49,17.54
23200.0,1278.21,17.81
23300.0,1280.15,18.08
23400.0,1282.36,18.35
23500.0,1284.8,18.62
23600.0,1287.47,18.89
23700.0,1290.27,19.16
23900.0,1293.2,19.43
24000.0,1296.28,19.7
24100.0,1299.57,19.95
24200.0,1302.73,20.2
24300.0,1305.61,20.45
24400.0,1308.08,20.69
24500.0,1309.38,20.93
24600.0,1309.76,21.16
24700.0,1309.7,21.38
24900.0,1309.47,21.6
25000.0,1309.11,21.81
25100.0,1308.59,22.01
25200.0,1307.81,22.21
25300.0,1306.89,22.4
25400.0,1305.62,22.58
25500.0,1304.23,22.76
25600.0,1302.02,22.93
25700.0,1299.6,23.09
25900.0,1296.69,23.24
26000.0,1293.52,23.38
26100.0,1289.92,23.52
26200.0,1286.18,23.64
26300.0,1282.48,23.76
26400.0,1278.47,23.87
26500.0,1273.85,23.98
26600.0,1269.11,24.08
26700.0,1264.86,24.18
26900.0,1261.35,24.27
27000.0,1258.25,24.36
27100.0,1255.73,24.44
27200.0,1253.16,24.51
27300.0,1250.47,24.57
27400.0,1247.71,24.63
27500.0,1244.96,24.68
27600.0,1242.23,24.73
27700.0,1239.99,24.77
27900.0,1239.42,24.81
28000.0,1240.09,24.85
28100.0,1241.32,24.88
28200.0,1242.88,24.91
28300.0,1244.62,24.93
28400.0,1246.47,24.96
28500.0,1247.97,24.98
28600.0,1249.18,24.99
28800.0,1250.76,25.0
28900.0,1252.71,25.0
29000.0,1254.7,25.01
29100.0,1256.83,25.01
29200.0,1259.25,25.01
29300.0,1261.86,25.01
29400.0,1264.32,25.01
29500.0,1266.65,25.01
29700.0,1268.78,25.01
29800.0,1270.54,25.0
29900.0,1272.22,24.99
30000.0,1273.63,24.98
30100.0,1274.79,24.97
30200.0,1275.79,24.97
30300.0,1276.55,24.96
30400.0,1277.14,24.95
30600.0,1277.82,24.95
30700.0,1278.69,24.95
30800.0,1279.5,24.95
30900.0,1280.36,24.95
31000.0,1281.15,24.96
31100.0,1282.02,24.97
31200.0,1282.73,24.97
31300.0,1283.26,24.98
31400.0,1283.81,24.99
31600.0,1284.13,25.0
31700.0,1285.04,25.01
31800.0,1287.06,25.02
31900.0,1290.05,25.03
32000.0,1292.97,25.04
32100.0,1295.74,25.06
32200.0,1298.13,25.08
32300.0,1300.05,25.1
32400.0,1301.5,25.12
32600.0,1302.62,25.14
32700.0,1303.7,25.16
32800.0,1304.65,25.19
32900.0,1305.39,25.21
33000.0,1305.96,25.24
33100.0,1306.45,25.27
33200.0,1306.81,25.3
33300.0,1307.04,25.32
33400.0,1307.09,25.34
33600.0,1306.58,25.36
33700.0,1306.36,25.36
33800.0,1305.94,25.36
33900.0,1305.73,25.35
34000.0,1305.3,25.34
34100.0,1305.15,25.32
34200.0,1305.01,25.3
34300.0,1305.09,25.27
34400.0,1305.04,25.24
34500.0,1304.88,25.2
34700.0,1304.8,25.16
34800.0,1304.46,25.11
34900.0,1304.17,25.06
35000.0,1303.89,25.0
35100.0,1303.62,24.94
35200.0,1303.27,24.87
35300.0,1302.96,24.8
35400.0,1302.7,24.73
35500.0,1302.54,24.65
35600.0,1302.51,24.57
35800.0,1302.6,24.5
35900.0,1302.68,24.43
36000.0,1302.99,24.36
36100.0,1303.18,24.29
36200.0,1303.36,24.22
36300.0,1303.58,24.15
36400.0,1303.63,24.08
36500.0,1303.64,24.01
36600.0,1303.51,23.94
36700.0,1303.51,23.88
36900.0,1303.52,23.82
37000.0,1303.94,23.77
37100.0,1305.41,23.72
37200.0,1308.46,23.67
37300.0,1311.87,23.63
37400.0,1315.18,23.59
37500.0,1318.28,23.55
37600.0,1321.53,23.51
37700.0,1324.61,23.47
37900.0,1326.88,23.43
38000.0,1328.85,23.4
38100.0,1330.47,23.37
38200.0,1331.94,23.34
38300.0,1333.29,23.32
38400.0,1334.37,23.3
38500.0,1335.21,23.29
38600.0,1335.69,23.27
38700.0,1335.94,23.26
38900.0,1335.38,23.25
39000.0,1333.37,23.24
39100.0,1330.25,23.23
39200.0,1326.86,23.22
39300.0,1323.16,23.21
39400.0,1319.44,23.2
39500.0,1316.07,23.18
39600.0,1313.86,23.16
39700.0,1312.38,23.14
39800.0,1311.02,23.12
39900.0,1309.35,23.1
40100.0,1307.37,23.07
40200.0,1304.7,23.04
40300.0,1301.67,23.01
40400.0,1298.33,22.98
40500.0,1295.1,22.93
40600.0,1292.14,22.88
40700.0,1289.2,22.83
40800.0,1286.46,22.77
40900.0,1283.74,22.71
41000.0,1281.15,22.64
41100.0,1278.43,22.56
41200.0,1275.99,22.47
41400.0,1273.67,22.37
41500.0,1271.81,22.27
41600.0,1270.15,22.15
41700.0,1268.6,22.02
41800.0,1266.95,21.89
41900.0,1265.23,21.75
42000.0,1263.33,21.6
42100.0,1261.03,21.44
42200.0,1258.56,21.27
42300.0,1255.84,21.09
42400.0,1253.17,20.91
42600.0,1250.56,20.73
42700.0,1247.75,20.55
42800.0,1243.85,20.37
42900.0,1239.32,20.19
43000.0,1234.77,20.01
43100.0,1230.78,19.83
43200.0,1227.91,19.65
43300.0,1226.28,19.47
43400.0,1225.51,19.29
43500.0,1225.62,19.11
43600.0,1225.91,18.93
43800.0,1226.75,18.76
43900.0,1227.91,18.59
44000.0,1229.49,18.42
44100.0,1231.97,18.26
44200.0,1234.9,18.1
44300.0,1238.34,17.96
44400.0,1242.1,17.82
44500.0,1246.1,17.68
44600.0,1250.07,17.56
44700.0,1253.99,17.44
44800.0,1257.95,17.34
45000.0,1261.81,17.24
45100.0,1265.33,17.16
45200.0,1268.66,17.08
45300.0,1271.95,17.01
45400.0,1275.33,16.95
45500.0,1278.69,16.9
45600.0,1281.66,16.86
45700.0,1284.57,16.83
45800.0,1286.92,16.8
45900.0,1288.83,16.79
46100.0,1290.33,16.78
46200.0,1291.65,16.78
46300.0,1292.72,16.79
46400.0,1293.56,16.8
46500.0,1294.4,16.83
46600.0,1295.29,16.86
46700.0,1295.98,16.89
46800.0,1296.65,16.93
46900.0,1297.34,16.97
47000.0,1297.89,17.01
47200.0,1298.57,17.06
47300.0,1299.42,17.12
47400.0,1300.33,17.18
47500.0,1301.4,17.25
47600.0,1302.58,17.32
47700.0,1303.54,17.39
47800.0,1304.68,17.47
47900.0,1305.5,17.55
48000.0,1305.35,17.63
48100.0,1303.89,17.72
48200.0,1302.04,17.81
48300.0,1299.98,17.9
48500.0,1298.04,18.0
48600.0,1296.11,18.1
48700.0,1294.36,18.2
48800.0,1293.16,18.31
48900.0,1292.29,18.41
49000.0,1291.88,18.51
49100.0,1291.6,18.62
49200.0,1291.44,18.73
49300.0,1291.57,18.85
49400.0,1291.81,18.96
49500.0,1292.55,19.08
49700.0,1293.27,19.2
49800.0,1294.55,19.32
49900.0,1295.81,19.44
50000.0,1297.07,19.56
50100.0,1298.32,19.69
50200.0,1299.65,19.82
50300.0,1300.79,19.95
50400.0,1301.52,20.08
50500.0,1301.41,20.21
50600.0,1300.8,20.34
50700.0,1299.86,20.48
50900.0,1298.8,20.62
51000.0,1297.97,20.76
51100.0,1297.49,20.9
51200.0,1297.36,21.04
51300.0,1296.66,21.18
51400.0,1296.2,21.33
51500.0,1296.33,21.48
51600.0,1296.14,21.63
51700.0,1296.49,21.79
51800.0,1296.82,21.95
51900.0,1297.24,22.11
52000.0,1298.25,22.27
52200.0,1299.32,22.43
52300.0,1300.35,22.6
52400.0,1301.28,22.77
52500.0,1302.24,22.95
52600.0,1303.035,23.14
52700.0,1303.785,23.33
52800.0,1304.705,23.53
52900.0,1305.825,23.73
53000.0,1307.115,23.93
53100.0,1308.775,24.14
53300.0,1310.485,24.34
53400.0,1312.685,24.54
53500.0,1314.705,24.74
53600.0,1316.395,24.93
53700.0,1318.205,25.12
53800.0,1319.745,25.31
53900.0,1321.355,25.49
54000.0,1322.815,25.67
54100.0,1323.435,25.85
54300.0,1323.415,26.02
54400.0,1322.835,26.19
54500.0,1321.575,26.35
54600.0,1320.475,26.51
54700.0,1318.635,26.66
54800.0,1316.665,26.8
54900.0,1314.315,26.94
55000.0,1311.125,27.06
55100.0,1307.595,27.18
55200.0,1303.765,27.29
55300.0,1299.725,27.39
55500.0,1295.845,27.49
55600.0,1291.945,27.57
55700.0,1288.035,27.65
55800.0,1284.195,27.71
55900.0,1280.565,27.77
56000.0,1277.145,27.81
56100.0,1273.895,27.85
56200.0,1270.755,27.88
56300.0,1267.215,27.9
56400.0,1263.825,27.92
56500.0,1260.815,27.92
56700.0,1257.845,27.92
56800.0,1255.275,27.91
56900.0,1252.975,27.89
57000.0,1250.785,27.86
57100.0,1248.755,27.83
57200.0,1246.925,27.78
57300.0,1245.415,27.73
57400.0,1243.845,27.67
57500.0,1242.065,27.6
57600.0,1240.375,27.53
57800.0,1238.555,27.44
57900.0,1236.325,27.34
58000.0,1234.195,27.24
58100.0,1231.965,27.14
58200.0,1229.485,27.02
58300.0,1226.915,26.9
58400.0,1223.845,26.76
58500.0,1220.625,26.62
58600.0,1217.435,26.47
58700.0,1213.875,26.31
58900.0,1210.105,26.14
59000.0,1206.075,25.96
59100.0,1201.875,25.77
59200.0,1197.675,25.58
59300.0,1193.525,25.38
59400.0,1189.175,25.17
59500.0,1184.805,24.96
59600.0,1180.185,24.74
59700.0,1175.475,24.51
59900.0,1170.645,24.27
60000.0,1165.775,24.03
60100.0,1160.895,23.77
60200.0,1156.075,23.51
60300.0,1151.035,23.24
60400.0,1146.105,22.97
60500.0,1141.005,22.69
60600.0,1136.195,22.4
60700.0,1131.305,22.11
60900.0,1126.565,21.82
61000.0,1121.825,21.52
61100.0,1117.245,21.21
61200.0,1112.765,20.9
61300.0,1108.395,20.59
61400.0,1104.105,20.28
61500.0,1100.075,19.97
61600.0,1096.205,19.64
61700.0,1092.365,19.3
61900.0,1088.715,18.96
62000.0,1085.125,18.62
62100.0,1081.675,18.28
62200.0,1078.045,17.94
62300.0,1075.105,17.6
62400.0,1071.925,17.26
62500.0,1068.165,16.92
62600.0,1064.885,16.58
62700.0,1061.335,16.24
62900.0,1058.035,15.9
63000.0,1054.855,15.56
63100.0,1051.335,15.23
63200.0,1047.785,14.9
63300.0,1044.365,14.57
63400.0,1041.095,14.24
63500.0,1037.635,13.91
63600.0,1034.3,13.58
63700.0,1031.09,13.25
63900.0,1027.81,12.92
64000.0,1024.56,12.59
64100.0,1021.47,12.27
64200.0,1018.35,11.95
64300.0,1015.3,11.64
64400.0,1011.91,11.33
64500.0,1009.14,11.02
64600.0,1007.44,10.73
64700.0,1006.29,10.45
64800.0,1005.91,10.17
65000.0,1006.38,9.91
65100.0,1007.68,9.65
65200.0,1009.8,9.4
65300.0,1012.07,9.16
65400.0,1015.06,8.93
65500.0,1018.76,8.71
65600.0,1022.43,8.5
65700.0,1026.76,8.3
65800.0,1031.28,8.12
66000.0,1036.15,7.94
66100.0,1041.33,7.78
66200.0,1047.0,7.63
66300.0,1052.83,7.48
66400.0,1059.32,7.35
66500.0,1065.58,7.22
66600.0,1071.54,7.11
66700.0,1077.08,7.01
66800.0,1082.35,6.93
67000.0,1087.56,6.85
67100.0,1092.82,6.79
67200.0,1097.62,6.74
67300.0,1102.27,6.7
67400.0,1106.99,6.67
67500.0,1111.28,6.64
67600.0,1115.26,6.63
67700.0,1119.03,6.63
67800.0,1122.57,6.64
67900.0,1125.69,6.66
68100.0,1128.77,6.69
68200.0,1131.72,6.73
68300.0,1134.67,6.78
68400.0,1137.43,6.84
68500.0,1140.0,6.9
68600.0,1142.73,6.98
68700.0,1145.2,7.06
68800.0,1147.74,7.15
68900.0,1150.46,7.26
69000.0,1153.06,7.37
69100.0,1155.67,7.49
69300.0,1158.38,7.62
69400.0,1161.12,7.75
69500.0,1164.21,7.9
69600.0,1167.47,8.05
69700.0,1170.69,8.22
69800.0,1174.31,8.39
69900.0,1178.09,8.57
70000.0,1182.08,8.76
70100.0,1186.19,8.96
70200.0,1190.15,9.16
70300.0,1194.16,9.38
70400.0,1198.23,9.6
70600.0,1202.17,9.82
70700.0,1206.5,10.05
70800.0,1210.7,10.28
70900.0,1215.16,10.53
71000.0,1219.46,10.78
71100.0,1223.72,11.04
71200.0,1227.96,11.31
71300.0,1232.22,11.58
71400.0,1236.55,11.85
71500.0,1240.93,12.14
71600.0,1245.34,12.43
71700.0,1249.66,12.72
71800.0,1254.0,13.02
72000.0,1258.38,13.33
72100.0,1262.81,13.64
72200.0,1267.27,13.96
72300.0,1271.86,14.28
72400.0,1276.36,14.6
72500.0,1280.77,14.92
72600.0,1285.17,15.27
72700.0,1289.74,15.62
72800.0,1294.46,15.97
72900.0,1299.13,16.33
73000.0,1303.91,16.69
73100.0,1308.73,17.05
73200.0,1313.52,17.42
73400.0,1318.32,17.79
73500.0,1323.15,18.16
73600.0,1328.04,18.53
73700.0,1332.96,18.9
73800.0,1337.85,19.28
73900.0,1342.86,19.66
74000.0,1347.89,20.04
74100.0,1353.01,20.43
74200.0,1358.09,20.82
74300.0,1363.19,21.21
74400.0,1368.19,21.6
74500.0,1373.19,22.0
74700.0,1378.22,22.4
74800.0,1383.15,22.8
74900.0,1388.07,23.21
75000.0,1392.95,23.62
75100.0,1397.92,24.03
75200.0,1403.1,24.45
75300.0,1408.26,24.87
75400.0,1413.2,25.29
75500.0,1417.07,25.7
75600.0,1420.32,26.1
75700.0,1423.02,26.51
75800.0,1424.72,26.91
76000.0,1425.555,27.315
76100.0,1425.705,27.715
76200.0,1425.675,28.115
76300.0,1424.855,28.505
76400.0,1423.635,28.905
76500.0,1422.185,29.295
76600.0,1420.215,29.675
76700.0,1418.115,30.045
76800.0,1415.415,30.425
76900.0,1412.565,30.795
77100.0,1409.155,31.155
77200.0,1405.475,31.515
77300.0,1401.295,31.865
77400.0,1397.245,32.225
77500.0,1393.585,32.575
77600.0,1390.335,32.915
77700.0,1387.335,33.245
77800.0,1384.365,33.585
77900.0,1381.535,33.915
78100.0,1379.105,34.235
78200.0,1376.645,34.555
78300.0,1374.515,34.875
78400.0,1372.685,35.195
78500.0,1371.025,35.505
78600.0,1369.745,35.805
78700.0,1368.845,36.115
78800.0,1368.605,36.415
78900.0,1368.555,36.715
79100.0,1368.785,37.005
79200.0,1369.105,37.295
79300.0,1369.515,37.585
79400.0,1370.115,37.875
79500.0,1370.675,38.155
79600.0,1371.385,38.435
79700.0,1372.205,38.715
79800.0,1373.095,38.995
79900.0,1374.125,39.275
80100.0,1375.175,39.545
80200.0,1376.305,39.815
80300.0,1377.535,40.085
80400.0,1378.825,40.345
80500.0,1380.045,40.615
80600.0,1381.425,40.875
80700.0,1382.575,41.135
80800.0,1383.805,41.395
80900.0,1385.095,41.665
81100.0,1386.415,41.925
81200.0,1387.815,42.185
81300.0,1389.155,42.435
81400.0,1390.565,42.695
81500.0,1392.195,42.955
81600.0,1393.555,43.215
81700.0,1395.055,43.475
81800.0,1396.395,43.725
81900.0,1397.925,43.975
82100.0,1399.395,44.225
82200.0,1400.845,44.475
82300.0,1402.315,44.725
82400.0,1403.785,44.975
82500.0,1405.275,45.215
82600.0,1406.725,45.455
82700.0,1408.195,45.695
82900.0,1409.625,45.925
83000.0,1411.055,46.165
83100.0,1412.395,46.405
83200.0,1413.715,46.635
83300.0,1415.025,46.865
83400.0,1416.425,47.095
83500.0,1417.895,47.325
83600.0,1419.325,47.545
83800.0,1420.645,47.765
83900.0,1421.865,47.995
84000.0,1423.035,48.215
84100.0,1424.155,48.435
84200.0,1425.185,48.655
84300.0,1426.195,48.865
84400.0,1427.185,49.075
84600.0,1428.135,49.285
84700.0,1429.145,49.495
84800.0,1430.125,49.715
84900.0,1431.085,49.925
85000.0,1431.915,50.135
85100.0,1432.805,50.345
85200.0,1433.715,50.545
85300.0,1434.665,50.745
85500.0,1435.575,50.945
85600.0,1436.465,51.145
85700.0,1437.425,51.335
85800.0,1438.305,51.525
85900.0,1439.245,51.725
86000.0,1440.165,51.915
86100.0,1441.125,52.105
86300.0,1442.065,52.295
86400.0,1442.895,52.475
86500.0,1443.725,52.655
86600.0,1444.285,52.835
86700.0,1444.955,53.015
86800.0,1445.435,53.195
86900.0,1445.865,53.365
87000.0,1446.345,53.535
87100.0,1446.77,53.71
87300.0,1447.21,53.88
87400.0,1447.54,54.05
87500.0,1447.92,54.22
87600.0,1448.24,54.38
87700.0,1448.61,54.54
87800.0,1449.11,54.7
87900.0,1449.48,54.86
88000.0,1449.98,55.01
88100.0,1450.36,55.17
88300.0,1450.82,55.32
88400.0,1451.34,55.47
88500.0,1451.8,55.63
88600.0,1452.22,55.78
88700.0,1452.55,55.93
88800.0,1452.97,56.08
88900.0,1453.35,56.23
89000.0,1453.84,56.37
89100.0,1454.26,56.51
89300.0,1454.68,56.65
89400.0,1455.2,56.79
89500.0,1455.6,56.92
89600.0,1455.99,57.05
89700.0,1456.5,57.19
89800.0,1456.98,57.33
89900.0,1457.36,57.46
90000.0,1457.71,57.59
90100.0,1458.18,57.72
90200.0,1458.55,57.85
90400.0,1458.93,57.98
90500.0,1459.35,58.1
90600.0,1459.76,58.22
90700.0,1460.16,58.34
90800.0,1460.65,58.46
90900.0,1461.12,58.58
91000.0,1461.54,58.7
91100.0,1461.95,58.82
91200.0,1462.42,58.94
91400.0,1462.83,59.06
91500.0,1463.27,59.18
91600.0,1463.72,59.3
91700.0,1464.21,59.41
91800.0,1464.61,59.52
91900.0,1465.03,59.63
92000.0,1465.49,59.74
92100.0,1465.92,59.84
92300.0,1466.29,59.95
92400.0,1466.76,60.06
92500.0,1467.18,60.17
92600.0,1467.6,60.27
92700.0,1468.0,60.37
92800.0,1468.47,60.47
92900.0,1468.98,60.57
93000.0,1469.47,60.67
93100.0,1469.84,60.77
93200.0,1470.36,60.87
93400.0,1470.88,60.96
93500.0,1471.37,61.05
93600.0,1471.85,61.14
93700.0,1472.31,61.24
93800.0,1472.73,61.34
93900.0,1473.22,61.44
94000.0,1473.7,61.54
94100.0,1474.24,61.63
94200.0,1474.72,61.72
94400.0,1475.18,61.81
94500.0,1475.64,61.9
94600.0,1476.16,62.0
94700.0,1476.56,62.1
94800.0,1477.05,62.2
94900.0,1477.47,62.3
95000.0,1477.86,62.39
95100.0,1478.31,62.48
95200.0,1478.71,62.57
95300.0,1479.08,62.66
95400.0,1479.37,62.75
95600.0,1479.53,62.84
95700.0,1479.65,62.94
95800.0,1479.57,63.04
95900.0,1479.32,63.13
96000.0,1478.89,63.22
96100.0,1478.33,63.31
96200.0,1477.71,63.4
96300.0,1476.82,63.48
96400.0,1475.92,63.56
96500.0,1474.91,63.64
96700.0,1473.93,63.72
96800.0,1472.9,63.8
96900.0,1471.91,63.88
97000.0,1470.89,63.95
97100.0,1469.83,64.02
97200.0,1468.76,64.09
97300.0,1467.67,64.16
97400.0,1466.65,64.23
97500.0,1465.62,64.3
97600.0,1464.58,64.37
97800.0,1463.49,64.44
97900.0,1462.5,64.51
98000.0,1461.45,64.58
98100.0,1460.4,64.65
98200.0,1459.41,64.71
98300.0,1458.39,64.77
98400.0,1457.3,64.83
98500.0,1456.22,64.89
98600.0,1455.23,64.95
98800.0,1454.1,65.01
98900.0,1453.02,65.07
99000.0,1451.91,65.13
99100.0,1450.84,65.19
99200.0,1449.79,65.24
99300.0,1448.7,65.3
99400.0,1447.61,65.36
99500.0,1446.58,65.41
99600.0,1445.51,65.46
99700.0,1444.49,65.51
99900.0,1443.54,65.56
100000.0,1442.52,65.61
100100.0,1441.49,65.66
100200.0,1440.48,65.71
100300.0,1439.47,65.76
100400.0,1438.47,65.81
100500.0,1437.46,65.86
100600.0,1436.46,65.91
100700.0,1435.42,65.95
100800.0,1434.39,65.99
101000.0,1433.4,66.03
101100.0,1432.41,66.07
101200.0,1431.44,66.11
101300.0,1430.5,66.15
101400.0,1429.56,66.19
101500.0,1428.59,66.23
101600.0,1427.63,66.27
101700.0,1426.63,66.31
101800.0,1425.63,66.36
101900.0,1424.61,66.41
102100.0,1423.62,66.45
102200.0,1422.71,66.49
102300.0,1421.76,66.53
102400.0,1420.81,66.57
102500.0,1419.83,66.61
102600.0,1418.8,66.65
102700.0,1417.75,66.69
102800.0,1416.74,66.73
102900.0,1415.71,66.77
103000.0,1414.64,66.81
103100.0,1413.62,66.85
103300.0,1412.59,66.88
103400.0,1411.53,66.91
103500.0,1410.48,66.94
103600.0,1409.38,66.97
103700.0,1408.28,67.0
103800.0,1407.19,67.03
103900.0,1406.06,67.06
104000.0,1404.93,67.09
104100.0,1403.85,67.12
104200.0,1402.69,67.15
104300.0,1401.5,67.18
104400.0,1400.38,67.21
104600.0,1399.23,67.24
104700.0,1398.13,67.26
104800.0,1396.98,67.28
104900.0,1395.8,67.3
105000.0,1394.64,67.32
105100.0,1393.4,67.34
105200.0,1392.27,67.36
105300.0,1391.17,67.38
105400.0,1390.04,67.39
105500.0,1388.85,67.39
105700.0,1387.71,67.4
105800.0,1386.51,67.41
105900.0,1385.31,67.41
106000.0,1384.11,67.41
106100.0,1382.93,67.41
106200.0,1381.76,67.41
106300.0,1380.63,67.41
106400.0,1379.56,67.41
106500.0,1378.66,67.41
106600.0,1377.85,67.4
106700.0,1377.09,67.39
106900.0,1376.45,67.38
107000.0,1376.07,67.37
107100.0,1375.79,67.36
107200.0,1375.61,67.35
107300.0,1375.63,67.35
107400.0,1375.73,67.35
107500.0,1375.89,67.35
107600.0,1376.05,67.35
107700.0,1376.17,67.35
107800.0,1376.34,67.35
107900.0,1376.54,67.35
108000.0,1376.76,67.35
108200.0,1376.97,67.35
108300.0,1377.17,67.35
108400.0,1377.34,67.35
108500.0,1377.54,67.35
108600.0,1377.69,67.35
108700.0,1377.89,67.35
108800.0,1378.02,67.35
108900.0,1378.16,67.35
109000.0,1378.3,67.35
109100.0,1378.35,67.35
109200.0,1378.46,67.35
109300.0,1378.59,67.35
109400.0,1378.72,67.35
109500.0,1378.86,67.35
109700.0,1379.05,67.35
109800.0,1379.19,67.35
109900.0,1379.3,67.35
110000.0,1379.42,67.35
110100.0,1379.51,67.35
110200.0,1379.66,67.35
110300.0,1379.77,67.35
110400.0,1379.88,67.35
110500.0,1380.01,67.35
110600.0,1380.11,67.35
110700.0,1380.17,67.35
110800.0,1380.26,67.35
110900.0,1380.33,67.35
111100.0,1380.41,67.35
111200.0,1380.49,67.35
111300.0,1380.49,67.35
111400.0,1380.53,67.35
111500.0,1380.6,67.35
111600.0,1380.62,67.35
111700.0,1380.66,67.35
111800.0,1380.65,67.35
111900.0,1380.63,67.35
112000.0,1380.67,67.35
112100.0,1380.63,67.35
112200.0,1380.54,67.35
112300.0,1380.45,67.35
112400.0,1380.31,67.35
112600.0,1380.15,67.35
112700.0,1379.92,67.34
112800.0,1379.71,67.33
112900.0,1379.41,67.32
113000.0,1379.09,67.31
113100.0,1378.79,67.3
113200.0,1378.43,67.29
113300.0,1378.11,67.28
113400.0,1377.82,67.27
113500.0,1377.51,67.26
113600.0,1377.14,67.25
113700.0,1376.79,67.23
113800.0,1376.47,67.21
114000.0,1376.11,67.19
114100.0,1375.73,67.17
114200.0,1375.34,67.15
114300.0,1375.0,67.13
114400.0,1374.66,67.11
114500.0,1374.33,67.09
114600.0,1373.98,67.07
114700.0,1373.62,67.05
114800.0,1373.27,67.03
114900.0,1372.96,67.01
115000.0,1372.69,66.99
115100.0,1372.4,66.97
115200.0,1372.18,66.95
115400.0,1371.91,66.93
115500.0,1371.61,66.91
115600.0,1371.34,66.89
115700.0,1371.05,66.87
115800.0,1370.83,66.85
115900.0,1370.6,66.83
116000.0,1370.36,66.81
116100.0,1370.14,66.79
116200.0,1369.93,66.78
116300.0,1369.75,66.77
116400.0,1369.59,66.75
116500.0,1369.44,66.73
116600.0,1369.31,66.72
116700.0,1369.22,66.71
116900.0,1369.08,66.7
117000.0,1368.96,66.69
117100.0,1368.88,66.69
117200.0,1368.79,66.68
117300.0,1368.69,66.67
117400.0,1368.6,66.67
117500.0,1368.56,66.67
117600.0,1368.56,66.66
117700.0,1368.5,66.66
117800.0,1368.52,66.65
117900.0,1368.5,66.65
118000.0,1368.49,66.65
118100.0,1368.46,66.65
118200.0,1368.44,66.65
118300.0,1368.41,66.65
118500.0,1368.35,66.65
118600.0,1368.26,66.65
118700.0,1368.22,66.65
118800.0,1368.11,66.65
118900.0,1368.0,66.65
119000.0,1367.99,66.65
119100.0,1367.97,66.65
119200.0,1367.64,66.65
119300.0,1367.7,66.64
119400.0,1367.8,66.63
119500.0,1367.76,66.62
119600.0,1367.57,66.61
119800.0,1367.51,66.6
119900.0,1367.32,66.59
120000.0,1367.12,66.58
120100.0,1367.01,66.57
120200.0,1366.88,66.56
120300.0,1366.65,66.54
120400.0,1366.45,66.52
120500.0,1366.27,66.5
120600.0,1366.14,66.48
120700.0,1365.93,66.46
120800.0,1365.73,66.44
120900.0,1365.53,66.42
121100.0,1365.32,66.39
121200.0,1365.04,66.36
121300.0,1364.79,66.33
121400.0,1364.495,66.3
121500.0,1364.135,66.27
121600.0,1363.765,66.23
121700.0,1363.345,66.19
121800.0,1362.895,66.15
121900.0,1362.465,66.11
122000.0,1362.015,66.07
122200.0,1361.515,66.03
122300.0,1360.995,65.99
122400.0,1360.435,65.94
122500.0,1359.805,65.89
122600.0,1359.245,65.84
122700.0,1358.585,65.78
122800.0,1357.815,65.72
122900.0,1357.125,65.66
123100.0,1356.435,65.6
123200.0,1355.715,65.54
123300.0,1355.025,65.48
123400.0,1354.665,65.41
123500.0,1353.785,65.34
123600.0,1353.415,65.27
123700.0,1352.675,65.2
123800.0,1352.005,65.13
123900.0,1351.495,65.06
124100.0,1351.025,64.99
124200.0,1350.385,64.92
124300.0,1349.775,64.85
124400.0,1349.135,64.78
124500.0,1348.575,64.71
124600.0,1347.925,64.64
124700.0,1347.305,64.57
124800.0,1346.605,64.5
125000.0,1345.905,64.43
125100.0,1345.185,64.36
125200.0,1344.425,64.29
125300.0,1343.505,64.22
125400.0,1342.835,64.15
125500.0,1342.165,64.08
125600.0,1341.295,64.0
125700.0,1340.355,63.92
125900.0,1339.505,63.84
126000.0,1338.465,63.75
126100.0,1337.415,63.66
126200.0,1336.325,63.57
126300.0,1335.215,63.48
126400.0,1334.075,63.39
126500.0,1332.945,63.29
126600.0,1331.825,63.19
126700.0,1330.595,63.09
126900.0,1329.435,62.99
127000.0,1328.245,62.89
127100.0,1327.065,62.78
127200.0,1325.815,62.67
127300.0,1324.575,62.56
127400.0,1323.345,62.45
127500.0,1322.145,62.34
127600.0,1320.935,62.22
127800.0,1319.675,62.1
127900.0,1318.445,61.98
128000.0,1317.195,61.86
128100.0,1315.895,61.73
128200.0,1314.595,61.61
128300.0,1313.295,61.48
128400.0,1312.005,61.34
128500.0,1310.735,61.2
128700.0,1309.425,61.07
128800.0,1308.135,60.92
128900.0,1306.955,60.78
129000.0,1305.735,60.63
129100.0,1304.455,60.48
129200.0,1303.115,60.33
129300.0,1301.725,60.17
129400.0,1300.355,60.01
129500.0,1298.975,59.85
129700.0,1297.595,59.68
129800.0,1296.155,59.51
129900.0,1294.735,59.33
130000.0,1293.265,59.15
130100.0,1291.825,58.97
130200.0,1290.375,58.78
130300.0,1289.225,58.59
130400.0,1287.835,58.41
130600.0,1286.385,58.23
130700.0,1285.075,58.04
130800.0,1283.865,57.85
130900.0,1282.585,57.65
131000.0,1281.455,57.45
131100.0,1280.245,57.25
131200.0,1278.985,57.04
131300.0,1277.755,56.83
131500.0,1276.565,56.63
131600.0,1275.315,56.42
131700.0,1274.035,56.21
131800.0,1272.765,55.99
131900.0,1271.535,55.77
132000.0,1270.355,55.55
132100.0,1269.175,55.32
132300.0,1268.035,55.1
132400.0,1266.975,54.88
132500.0,1265.885,54.65
132600.0,1264.84,54.42
132700.0,1263.87,54.19
132800.0,1262.88,53.96
132900.0,1261.95,53.73
133000.0,1261.0,53.5
133100.0,1260.04,53.26
133300.0,1259.1,53.02
133400.0,1258.18,52.78
133500.0,1257.17,52.53
133600.0,1256.2,52.29
133700.0,1255.28,52.04
133800.0,1254.29,51.79
133900.0,1253.375,51.54
134000.0,1252.515,51.28
134200.0,1251.615,51.01
134300.0,1250.795,50.74
134400.0,1249.985,50.46
134500.0,1249.165,50.18
134600.0,1248.025,49.9
134700.0,1247.435,49.61
134800.0,1246.335,49.31
134900.0,1245.685,49.01
135100.0,1244.905,48.7
135200.0,1243.975,48.39
135300.0,1243.075,48.07
135400.0,1242.375,47.74
135500.0,1241.655,47.41
135600.0,1241.075,47.07
135700.0,1240.575,46.73
135800.0,1240.305,46.39
136000.0,1240.025,46.05
136100.0,1239.865,45.7
136200.0,1239.645,45.35
136300.0,1239.435,45.0
136400.0,1239.235,44.64
136500.0,1239.145,44.28
136600.0,1238.805,43.92
136700.0,1238.525,43.55
136900.0,1239.445,43.19
137000.0,1239.805,42.83
137100.0,1239.855,42.47
137200.0,1240.135,42.12
137300.0,1240.775,41.77
137400.0,1241.445,41.43
137500.0,1242.355,41.09
137600.0,1243.415,40.75
137800.0,1244.325,40.42
137900.0,1244.975,40.09
138000.0,1245.435,39.76
138100.0,1245.965,39.44
138200.0,1246.435,39.11
138300.0,1246.685,38.8
138400.0,1246.865,38.49
138500.0,1246.905,38.18
138700.0,1246.915,37.87
138800.0,1246.795,37.56
138900.0,1246.725,37.27
139000.0,1246.645,36.98
139100.0,1246.605,36.69
139200.0,1246.335,36.4
139300.0,1246.205,36.11
139400.0,1246.095,35.83
139600.0,1246.005,35.56
139700.0,1245.875,35.29
139800.0,1245.745,35.02
139900.0,1245.585,34.75
140000.0,1245.415,34.5
140100.0,1245.105,34.25
140200.0,1244.975,34.0
140400.0,1244.905,33.76
140500.0,1245.125,33.52
140600.0,1245.385,33.29
140700.0,1245.855,33.06
140800.0,1246.245,32.84
140900.0,1246.775,32.63
141000.0,1247.245,32.42
141100.0,1247.795,32.23
141300.0,1248.275,32.04
141400.0,1248.695,31.85
141500.0,1249.085,31.67
141600.0,1249.445,31.5
141700.0,1249.735,31.33
141800.0,1249.965,31.16
141900.0,1250.175,31.0
142000.0,1250.375,30.85
142200.0,1250.545,30.71
142300.0,1250.635,30.57
142400.0,1250.765,30.43
142500.0,1250.795,30.31
142600.0,1250.795,30.19
142700.0,1250.705,30.07
142800.0,1250.595,29.96
142900.0,1250.315,29.85
143100.0,1250.095,29.75
143200.0,1249.865,29.66
143300.0,1249.535,29.57
143400.0,1249.245,29.49
143500.0,1249.215,29.41
143600.0,1249.045,29.33
143700.0,1248.475,29.26
143800.0,1248.115,29.19
143900.0,1247.995,29.12
144100.0,1247.375,29.06
144200.0,1247.205,28.99
144300.0,1246.825,28.92
144400.0,1246.595,28.86
144500.0,1246.235,28.8
144600.0,1245.925,28.74
144700.0,1245.645,28.69
144800.0,1245.505,28.64
144900.0,1245.445,28.6
145000.0,1245.525,28.55
145200.0,1245.43,28.51
145300.0,1245.39,28.48
145400.0,1245.23,28.46
145500.0,1245.09,28.44
145600.0,1244.92,28.42
145700.0,1244.84,28.4
145800.0,1244.76,28.39
145900.0,1244.69,28.39
146000.0,1244.62,28.39
146100.0,1244.49,28.39
146200.0,1244.39,28.39
146400.0,1244.23,28.39
146500.0,1244.1,28.39
146600.0,1243.9,28.4
146700.0,1243.71,28.4
146800.0,1243.36,28.41
146900.0,1242.93,28.42
147000.0,1242.39,28.43
147100.0,1241.82,28.44
147200.0,1241.26,28.45
147300.0,1240.76,28.46
147400.0,1240.25,28.46
147500.0,1239.72,28.47
147700.0,1239.23,28.48
147800.0,1238.7,28.48
147900.0,1238.09,28.49
148000.0,1236.46,28.49
148100.0,1235.41,28.48
148200.0,1234.49,28.47
148300.0,1233.42,28.45
148400.0,1231.27,28.43
148500.0,1228.59,28.39
148600.0,1225.1,28.35
148700.0,1222.51,28.3
148800.0,1220.33,28.25
148900.0,1218.68,28.19
149100.0,1217.12,28.13
149200.0,1215.22,28.055
149300.0,1213.1,27.985
149400.0,1211.02,27.895
149500.0,1208.87,27.805
149600.0,1206.7,27.705
149700.0,1204.36,27.605
149800.0,1202.01,27.505
149900.0,1199.4,27.385
150000.0,1196.72,27.265
150100.0,1193.89,27.135
150200.0,1191.06,26.995
150300.0,1188.08,26.855
150500.0,1184.99,26.705
150600.0,1181.78,26.545
150700.0,1178.46,26.375
150800.0,1174.8,26.205
150900.0,1171.14,26.035
151000.0,1167.4,25.845
151100.0,1163.66,25.655
151200.0,1159.61,25.455
151300.0,1155.37,25.245
151400.0,1150.66,25.035
151500.0,1145.61,24.815
151600.0,1140.21,24.595
151700.0,1134.69,24.355
151900.0,1128.79,24.115
152000.0,1122.93,23.875
152100.0,1116.85,23.615
152200.0,1110.74,23.355
152300.0,1104.56,23.085
152400.0,1098.52,22.815
152500.0,1092.56,22.525
152600.0,1086.73,22.235
152700.0,1080.88,21.945
152800.0,1075.01,21.635
152900.0,1069.1,21.315
153000.0,1063.24,20.995
153100.0,1057.53,20.675
153200.0,1051.79,20.355
153400.0,1046.15,20.025
153500.0,1040.51,19.695
153600.0,1034.95,19.365
153700.0,1029.5,19.035
153800.0,1024.27,18.705
153900.0,1019.02,18.375
154000.0,1013.73,18.035
154100.0,1008.45,17.695
154200.0,1003.16,17.355
154300.0,997.68,17.015
154400.0,992.31,16.675
154500.0,987.46,16.335
154700.0,982.29,15.995
154800.0,976.88,15.655
154900.0,971.9,15.315
155000.0,966.56,14.985
155100.0,961.47,14.655
155200.0,956.36,14.325
155300.0,951.26,13.995
155400.0,946.02,13.665
155500.0,940.8,13.335
155600.0,935.44,13.005
155700.0,930.11,12.675
155900.0,924.66,12.355
156000.0,919.37,12.035
156100.0,913.99,11.715
156200.0,908.74,11.395
156300.0,903.49,11.075
156400.0,898.29,10.765
156500.0,893.08,10.455
156600.0,887.89,10.145
156700.0,882.62,9.835
156800.0,877.39,9.535
156900.0,872.12,9.235
157100.0,866.91,8.945
157200.0,861.76,8.655
157300.0,856.57,8.375
157400.0,851.39,8.095
157500.0,846.19,7.825
157600.0,840.99,7.555
157700.0,835.76,7.285
157800.0,830.68,7.025
157900.0,825.74,6.765
158000.0,820.98,6.515
158100.0,816.68,6.265
158300.0,812.47,6.025
158400.0,808.58,5.785
158500.0,804.8,5.555
158600.0,801.01,5.345
158700.0,797.23,5.135
158800.0,793.21,4.935
158900.0,789.16,4.745
159000.0,784.88,4.555
159100.0,780.5,4.375
159200.0,776.97,4.205
159300.0,773.99,4.045
159500.0,771.95,3.885
159600.0,769.36,3.735
159700.0,766.83,3.585
159800.0,764.91,3.455
159900.0,764.03,3.325
160000.0,764.02,3.2
160100.0,765.39,3.09
160200.0,767.53,2.99
160300.0,770.14,2.9
160400.0,773.02,2.82
160500.0,776.13,2.75
160700.0,779.55,2.68
160800.0,783.27,2.63
160900.0,787.56,2.58
161000.0,792.23,2.54
161100.0,797.7,2.52
161200.0,803.76,2.51
161300.0,810.18,2.5
161400.0,817.19,2.51
161500.0,824.57,2.53
161600.0,832.6,2.56
161700.0,840.63,2.59
161900.0,848.32,2.64
162000.0,855.81,2.69
162100.0,863.14,2.76
162200.0,870.52,2.84
162300.0,877.94,2.92
162400.0,885.46,3.02
162500.0,892.61,3.12
162600.0,899.3,3.23
162700.0,905.27,3.35
162800.0,911.03,3.47
162900.0,917.12,3.6
163100.0,923.1,3.74
163200.0,928.72,3.89
163300.0,934.29,4.04
163400.0,939.58,4.2
163500.0,944.6,4.36
163600.0,949.62,4.52
163700.0,954.49,4.71
163800.0,959.41,4.9
163900.0,964.23,5.09
164000.0,968.91,5.28
164100.0,973.48,5.47
164300.0,978.03,5.66
164400.0,982.56,5.85
164500.0,987.08,6.04
164600.0,991.59,6.23
164700.0,996.17,6.42
164800.0,1000.76,6.61
164900.0,1005.35,6.8
165000.0,1010.04,6.99
165100.0,1014.87,7.18
165200.0,1019.68,7.38
165300.0,1024.69,7.57
165400.0,1029.69,7.77
165500.0,1035.22,7.98
165700.0,1040.84,8.19
165800.0,1046.55,8.4
165900.0,1052.69,8.62
166000.0,1058.89,8.84
166100.0,1064.67,9.06
166200.0,1070.99,9.28
166300.0,1077.3,9.51
166400.0,1083.46,9.74
166500.0,1089.8,9.97
166600.0,1095.99,10.21
166700.0,1102.24,10.45
166800.0,1108.57,10.7
166900.0,1115.08,10.95
167000.0,1121.82,11.2
167200.0,1128.57,11.46
167300.0,1135.64,11.73
167400.0,1142.69,12.0
167500.0,1149.88,12.27
167600.0,1157.2,12.55
167700.0,1164.59,12.83
167800.0,1172.08,13.12
167900.0,1179.68,13.41
168000.0,1187.24,13.7
168100.0,1194.8,14.0
168200.0,1202.5,14.3
168300.0,1210.16,14.6
168500.0,1217.89,14.91
168600.0,1225.63,15.22
168700.0,1233.26,15.54
168800.0,1240.73,15.86
168900.0,1247.99,16.18
169000.0,1254.9,16.51
169100.0,1261.74,16.84
169200.0,1268.49,17.17
169300.0,1275.32,17.5
169400.0,1282.22,17.82
169500.0,1289.47,18.15
169600.0,1296.94,18.48
169700.0,1304.73,18.81
169900.0,1312.89,19.15
170000.0,1321.33,19.49
170100.0,1329.73,19.83
170200.0,1338.08,20.17
170300.0,1346.24,20.51
170400.0,1353.96,20.86
170500.0,1361.27,21.21
170600.0,1367.79,21.56
170700.0,1373.42,21.91
170800.0,1378.36,22.27
170900.0,1382.28,22.62
171000.0,1385.5,22.97
171100.0,1388.47,23.32
171300.0,1391.29,23.67
171400.0,1394.12,24.02
171500.0,1396.74,24.37
171600.0,1399.19,24.71
171700.0,1401.21,25.06
171800.0,1402.95,25.41
171900.0,1404.11,25.75
172000.0,1404.71,26.09
172100.0,1405.05,26.43
172200.0,1404.88,26.76
172300.0,1404.57,27.1
172400.0,1403.83,27.43
172500.0,1403.22,27.76
172700.0,1402.95,28.09
172800.0,1402.94,28.42
172900.0,1403.23,28.74
173000.0,1403.69,29.06
173100.0,1404.36,29.38
173200.0,1405.37,29.69
173300.0,1406.91,30.01
173400.0,1409.16,30.33
173500.0,1412.38,30.64
173600.0,1415.84,30.95
173700.0,1419.16,31.27
173800.0,1422.76,31.58
173900.0,1426.7,31.89
174100.0,1430.6,32.21
174200.0,1434.69,32.53
174300.0,1438.95,32.86
174400.0,1443.25,33.19
174500.0,1447.73,33.51
174600.0,1452.19,33.83
174700.0,1456.77,34.16
174800.0,1461.4,34.49
174900.0,1466.21,34.82
175000.0,1470.97,35.15
175100.0,1475.77,35.49
175300.0,1480.63,35.83
175400.0,1485.39,36.17
175500.0,1489.98,36.52
175600.0,1494.52,36.87
175700.0,1499.03,37.22
175800.0,1503.5,37.58
175900.0,1507.67,37.94
176000.0,1511.72,38.29
176100.0,1515.48,38.65
176200.0,1519.09,39.0
176400.0,1522.17,39.35
176500.0,1525.06,39.7
176600.0,1527.75,40.05
176700.0,1529.81,40.39
176800.0,1531.57,40.73
176900.0,1533.51,41.08
177000.0,1535.0,41.43
177100.0,1536.51,41.77
177200.0,1538.15,42.11
177300.0,1539.58,42.45
177500.0,1541.07,42.78
177600.0,1542.53,43.11
177700.0,1543.86,43.44
177800.0,1545.02,43.77
177900.0,1546.03,44.1
178000.0,1547.01,44.42
178100.0,1547.64,44.73
178200.0,1548.25,45.05
178300.0,1548.71,45.37
178400.0,1549.11,45.68
178500.0,1549.38,45.99
178700.0,1549.58,46.29
178800.0,1549.6,46.59
178900.0,1549.62,46.9
179000.0,1549.54,47.2
179100.0,1549.4,47.5
179200.0,1549.23,47.8
179300.0,1548.98,48.09
179400.0,1548.66,48.38
179500.0,1548.21,48.66
179600.0,1547.6,48.95
179700.0,1546.82,49.24
179800.0,1545.75,49.52
180000.0,1544.48,49.8
180100.0,1542.93,50.08
180200.0,1541.06,50.35
180300.0,1539.05,50.62
180400.0,1536.63,50.88
180500.0,1534.22,51.14
180600.0,1531.49,51.4
180700.0,1528.66,51.65
180800.0,1525.77,51.9
180900.0,1522.81,52.14
181000.0,1519.81,52.38
181200.0,1516.64,52.62
181300.0,1513.45,52.85
181400.0,1510.38,53.08
181500.0,1507.25,53.3
181600.0,1504.09,53.52
181700.0,1500.97,53.73
181800.0,1497.84,53.94
181900.0,1494.87,54.15
182000.0,1491.91,54.35
182100.0,1488.93,54.55
182300.0,1485.99,54.74
182400.0,1483.05,54.93
182500.0,1480.22,55.12
182600.0,1477.38,55.3
182700.0,1474.58,55.49
182800.0,1471.76,55.68
182900.0,1469.04,55.86
183000.0,1466.32,56.04
183100.0,1463.55,56.22
183200.0,1460.78,56.39
183300.0,1458.1,56.56
183500.0,1455.3,56.73
183600.0,1452.57,56.89
183700.0,1449.82,57.05
183800.0,1447.015,57.21
183900.0,1444.185,57.36
184000.0,1441.305,57.51
184100.0,1438.355,57.66
184200.0,1435.355,57.8
184300.0,1432.265,57.94
184400.0,1428.885,58.08
184600.0,1426.005,58.22
184700.0,1422.735,58.35
184800.0,1419.465,58.47
184900.0,1416.315,58.59
185000.0,1413.135,58.7
185100.0,1409.865,58.81
185200.0,1406.565,58.91
185300.0,1403.275,59.01
185400.0,1399.915,59.11
185500.0,1396.615,59.2
185600.0,1393.205,59.28
185800.0,1389.835,59.36
185900.0,1386.365,59.44
186000.0,1382.995,59.52
186100.0,1379.595,59.59
186200.0,1376.095,59.66
186300.0,1372.695,59.72
186400.0,1369.345,59.77
186500.0,1365.925,59.82
186600.0,1362.585,59.87
186700.0,1359.215,59.91
186900.0,1355.945,59.94
187000.0,1352.655,59.97
187100.0,1349.485,60.0
187200.0,1346.445,60.03
187300.0,1343.425,60.05
187400.0,1340.485,60.07
187500.0,1337.815,60.09
187600.0,1335.115,60.1
187700.0,1332.485,60.11
187800.0,1329.985,60.1
187900.0,1327.465,60.09
188100.0,1325.015,60.07
188200.0,1322.545,60.05
188300.0,1320.145,60.03
188400.0,1317.755,60.01
188500.0,1315.315,59.98
188600.0,1312.945,59.94
188700.0,1310.675,59.89
188800.0,1308.315,59.84
188900.0,1305.965,59.79
189000.0,1303.695,59.73
189100.0,1301.445,59.66
189300.0,1299.145,59.59
189400.0,1296.915,59.51
189500.0,1294.695,59.43
189600.0,1292.575,59.35
189700.0,1290.505,59.27
189800.0,1288.455,59.17
189900.0,1286.475,59.07
190000.0,1284.445,58.97
190100.0,1282.465,58.87
190200.0,1280.585,58.77
190400.0,1278.755,58.66
190500.0,1276.945,58.55
190600.0,1275.355,58.42
190700.0,1273.885,58.29
190800.0,1272.635,58.16
190900.0,1271.535,58.03
191000.0,1270.575,57.89
191100.0,1269.755,57.75
191200.0,1268.975,57.61
191300.0,1268.315,57.46
191500.0,1267.755,57.31
191600.0,1267.265,57.16
191700.0,1266.795,57.0
191800.0,1266.305,56.84
191900.0,1265.795,56.68
192000.0,1265.295,56.51
192100.0,1264.825,56.34
192200.0,1264.355,56.17
192300.0,1263.845,55.99
192400.0,1263.325,55.81
192600.0,1262.785,55.63
192700.0,1262.295,55.44
192800.0,1261.695,55.25
192900.0,1260.995,55.05
193000.0,1260.295,54.85
193100.0,1259.595,54.64
193200.0,1258.875,54.43
193300.0,1258.095,54.21
193400.0,1257.315,53.99
193500.0,1256.435,53.76
193600.0,1255.585,53.52
193800.0,1254.715,53.28
193900.0,1253.855,53.03
194000.0,1252.945,52.77
194100.0,1252.105,52.51
194200.0,1251.235,52.25
194300.0,1250.355,51.98
194400.0,1249.565,51.71
194500.0,1248.695,51.44
194600.0,1247.855,51.16
194700.0,1247.05,50.88
194800.0,1246.3,50.59
195000.0,1245.52,50.3
195100.0,1244.7,50.0
195200.0,1243.94,49.7
195300.0,1243.28,49.4
195400.0,1242.91,49.09
195500.0,1242.02,48.78
195600.0,1241.52,48.46
195700.0,1240.91,48.15
195800.0,1240.28,47.84
195900.0,1239.71,47.52
196000.0,1239.32,47.2
196200.0,1238.9,46.87
196300.0,1238.54,46.54
196400.0,1238.24,46.21
196500.0,1237.97,45.88
196600.0,1237.72,45.55
196700.0,1237.53,45.21
196800.0,1237.28,44.87
196900.0,1237.03,44.53
197000.0,1236.66,44.18
197100.0,1236.35,43.83
197200.0,1235.96,43.49
197400.0,1235.52,43.14
197500.0,1235.15,42.79
197600.0,1234.73,42.43
197700.0,1234.29,42.07
197800.0,1233.86,41.71
197900.0,1233.39,41.35
198000.0,1232.89,40.98
198100.0,1232.29,40.61
198200.0,1231.19,40.23
198300.0,1229.53,39.85
198400.0,1226.89,39.46
198500.0,1224.73,39.08
198700.0,1223.5,38.7
198800.0,1222.74,38.32
198900.0,1222.05,37.94
199000.0,1221.09,37.57
199100.0,1220.03,37.19
199200.0,1218.93,36.81
199300.0,1217.47,36.42
199400.0,1215.92,36.04
199500.0,1214.25,35.66
199600.0,1212.34,35.28
199700.0,1210.28,34.9
199900.0,1208.06,34.52
200000.0,1205.61,34.14
200100.0,1202.85,33.76
200200.0,1200.07,33.38
200300.0,1197.25,33.0
200400.0,1194.41,32.62
200500.0,1191.5,32.23
200600.0,1188.43,31.84
200700.0,1185.3,31.45
200800.0,1182.13,31.06
200900.0,1178.81,30.66
201100.0,1175.45,30.26
201200.0,1171.85,29.85
201300.0,1168.13,29.45
201400.0,1164.23,29.04
201500.0,1160.21,28.64
201600.0,1156.11,28.24
201700.0,1151.87,27.83
201800.0,1147.33,27.41
201900.0,1142.44,27.0
202000.0,1137.35,26.59
202100.0,1131.98,26.17
202200.0,1126.46,25.76
202400.0,1120.59,25.34
202500.0,1114.6,24.92
202600.0,1108.45,24.5
202700.0,1102.19,24.08
202800.0,1095.94,23.65
202900.0,1089.69,23.23
203000.0,1083.63,22.8
203100.0,1077.76,22.36
203200.0,1072.18,21.93
203300.0,1066.68,21.5
203400.0,1061.22,21.07
203500.0,1055.84,20.65
203700.0,1050.49,20.23
203800.0,1045.35,19.82
203900.0,1040.07,19.41
204000.0,1034.8,19.01
204100.0,1029.42,18.61
204200.0,1023.96,18.22
204300.0,1018.42,17.83
204400.0,1012.93,17.45
204500.0,1007.46,17.07
204600.0,1002.04,16.69
204700.0,996.47,16.32
204800.0,990.99,15.96
205000.0,985.58,15.6
205100.0,980.05,15.24
205200.0,974.71,14.89
205300.0,969.35,14.54
205400.0,964.15,14.19
205500.0,958.8,13.85
205600.0,953.445,13.51
205700.0,948.025,13.18
205800.0,942.585,12.85
205900.0,937.175,12.53
206000.0,931.575,12.21
206100.0,926.015,11.89
206300.0,920.335,11.58
206400.0,914.865,11.27
206500.0,909.435,10.97
206600.0,904.155,10.67
206700.0,898.725,10.37
206800.0,893.185,10.08
206900.0,887.665,9.79
207000.0,882.135,9.51
207100.0,876.675,9.23
207200.0,871.105,8.95
207400.0,865.535,8.68
207500.0,859.915,8.41
207600.0,854.255,8.15
207700.0,848.695,7.89
207800.0,843.155,7.63
207900.0,837.845,7.38
208000.0,832.365,7.13
208100.0,826.905,6.88
208200.0,821.485,6.64
208300.0,816.075,6.4
208400.0,810.775,6.17
208600.0,805.435,5.94
208700.0,800.125,5.72
208800.0,794.895,5.5
208900.0,789.635,5.29
209000.0,784.515,5.08
209100.0,780.045,4.88
209200.0,776.155,4.68
209300.0,773.075,4.49
209400.0,769.515,4.3
209500.0,765.225,4.11
209700.0,760.505,3.93
209800.0,755.825,3.75
209900.0,751.445,3.57
210000.0,747.075,3.4
210100.0,742.745,3.23
210200.0,738.825,3.07
210300.0,735.025,2.91
210400.0,731.335,2.75
210600.0,727.815,2.6
210700.0,724.395,2.45
210800.0,721.085,2.3
210900.0,718.025,2.16
211000.0,715.245,2.02
211100.0,712.535,1.88
211200.0,709.805,1.75
211300.0,707.075,1.62
211400.0,704.285,1.5
211600.0,701.705,1.38
211700.0,699.215,1.27
211800.0,696.795,1.16
211900.0,694.575,1.06
212000.0,692.215,0.96
212100.0,690.125,0.87
212200.0,688.055,0.78
212300.0,686.405,0.7
212500.0,684.755,0.62
212600.0,683.315,0.54
212700.0,681.995,0.47
212800.0,680.835,0.41
212900.0,680.025,0.35
213000.0,679.395,0.29
213100.0,679.155,0.24
213200.0,679.015,0.19
213400.0,679.135,0.15
213500.0,679.325,0.11
213600.0,679.805,0.08
213700.0,680.355,0.05
213800.0,681.015,0.03
213900.0,681.665,0.01
214000.0,682.235,0.0
214100.0,682.475,0.0
214300.0,682.425,0.0
214400.0,682.295,0.0
214500.0,682.145,0.0
214600.0,681.895,0.0
214700.0,681.695,0.0
214800.0,681.205,0.0
214900.0,680.785,0.0
215000.0,680.375,0.0
215200.0,680.105,0.0
215300.0,679.975,0.0
215400.0,680.005,0.0
215500.0,679.935,0.0
215600.0,679.735,0.0
215700.0,679.505,0.0
215800.0,679.405,0.0
216000.0,679.305,0.0
216100.0,679.175,0.0
216200.0,679.015,0.0
216300.0,678.595,0.0
216400.0,678.115,0.0
216500.0,677.665,0.0
216600.0,677.305,0.0
216800.0,677.08,0.0
216900.0,676.99,0.0
217000.0,677.12,0.0
217100.0,677.37,0.0
217200.0,678.42,0.0
217300.0,680.68,0.0
217400.0,685.03,0.0
217500.0,689.79,0.0
217600.0,695.58,0.02
217800.0,701.57,0.04
217900.0,708.04,0.07
218000.0,714.93,0.1
218100.0,722.14,0.14
218200.0,730.23,0.19
218300.0,738.97,0.24
218400.0,748.56,0.3
218500.0,758.42,0.37
218700.0,768.67,0.45
218800.0,779.05,0.53
218900.0,789.66,0.62
219000.0,800.45,0.72
219100.0,811.46,0.83
219200.0,822.23,0.95
219300.0,832.73,1.08
219400.0,842.8,1.21
219600.0,852.6,1.35
219700.0,862.13,1.49
219800.0,871.68,1.64
219900.0,880.92,1.79
220000.0,889.98,1.95
220100.0,898.74,2.12
220200.0,906.91,2.29
220300.0,914.39,2.47
220400.0,920.97,2.65
220600.0,927.08,2.83
220700.0,933.13,3.02
220800.0,939.28,3.21
220900.0,944.87,3.4
221000.0,950.33,3.59
221100.0,955.56,3.78
221200.0,960.69,3.98
221300.0,965.88,4.18
221400.0,970.72,4.38
221600.0,975.6,4.58
221700.0,980.49,4.78
221800.0,985.31,4.99
221900.0,990.16,5.2
222000.0,995.17,5.41
222100.0,1000.01,5.62
222200.0,1004.75,5.83
222300.0,1009.51,6.04
222400.0,1014.3,6.25
222600.0,1019.15,6.47
222700.0,1024.09,6.69
222800.0,1028.93,6.91
222900.0,1033.72,7.13
223000.0,1038.53,7.35
223100.0,1043.47,7.58
223200.0,1048.55,7.81
223300.0,1053.59,8.04
223400.0,1058.8,8.27
223600.0,1063.87,8.5
223700.0,1069.16,8.74
223800.0,1074.38,8.98
223900.0,1079.51,9.22
224000.0,1085.0,9.47
224100.0,1090.47,9.72
224200.0,1095.94,9.97
224300.0,1101.55,10.22
224400.0,1107.11,10.48
224600.0,1112.75,10.74
224700.0,1118.45,11.0
224800.0,1124.08,11.27
224900.0,1129.66,11.54
225000.0,1135.36,11.81
225100.0,1140.93,12.08
225200.0,1146.39,12.36
225300.0,1152.06,12.64
225400.0,1157.98,12.92
225500.0,1163.77,13.21
225700.0,1169.76,13.5
225800.0,1175.69,13.79
225900.0,1181.78,14.09
226000.0,1187.91,14.39
226100.0,1194.19,14.69
226200.0,1200.51,15.0
226300.0,1206.99,15.31
226400.0,1213.6,15.62
226500.0,1220.39,15.94
226700.0,1227.3,16.26
226800.0,1234.44,16.58
226900.0,1241.57,16.91
227000.0,1248.7,17.24
227100.0,1255.77,17.57
227200.0,1262.9,17.91
227300.0,1270.2,18.25
227400.0,1277.55,18.59
227500.0,1285.08,18.94
227700.0,1292.62,19.29
227800.0,1300.35,19.64
227900.0,1308.14,19.99
228000.0,1316.19,20.35
228100.0,1324.2,20.71
228200.0,1332.3,21.08
228300.0,1339.74,21.45
228400.0,1346.14,21.82
228500.0,1350.64,22.2
228700.0,1355.05,22.58
228800.0,1358.41,22.94
228900.0,1361.66,23.31
229000.0,1364.62,23.67
229100.0,1367.38,24.03
229200.0,1369.84,24.39
229300.0,1371.64,24.74
229400.0,1372.92,25.1
229500.0,1373.33,25.45
229600.0,1373.57,25.79
229800.0,1373.28,26.13
229900.0,1373.19,26.47
230000.0,1372.68,26.8
230100.0,1371.79,27.13
230200.0,1370.67,27.45
230300.0,1369.81,27.76
230400.0,1369.26,28.07
230500.0,1369.12,28.38
230600.0,1369.15,28.68
230700.0,1369.25,28.98
230900.0,1369.3,29.28
231000.0,1369.64,29.58
231100.0,1370.1,29.87
231200.0,1370.78,30.16
231300.0,1372.06,30.45
231400.0,1373.93,30.73
231500.0,1376.51,31.02
231600.0,1379.57,31.31
231700.0,1382.59,31.59
231800.0,1385.27,31.87
231900.0,1388.19,32.15
232100.0,1391.06,32.43
232200.0,1393.87,32.72
232300.0,1396.69,33.0
232400.0,1399.43,33.28
232500.0,1402.29,33.56
232600.0,1405.25,33.84
232700.0,1408.28,34.12
232800.0,1411.22,34.39
232900.0,1414.46,34.67
233000.0,1417.41,34.95
233100.0,1420.58,35.23
233300.0,1424.0,35.51
233400.0,1427.3,35.79
233500.0,1430.7,36.08
233600.0,1434.13,36.36
233700.0,1437.61,36.64
233800.0,1441.18,36.92
233900.0,1444.79,37.2
234000.0,1448.41,37.48
234100.0,1451.79,37.76
234200.0,1455.17,38.04
234300.0,1458.47,38.32
234400.0,1461.6,38.6
234500.0,1464.74,38.88
234700.0,1467.63,39.16
234800.0,1470.64,39.44
234900.0,1473.63,39.72
235000.0,1476.52,39.99
235100.0,1479.41,40.26
235200.0,1482.29,40.53
235300.0,1484.94,40.8
235400.0,1487.61,41.07
235500.0,1490.38,41.34
235600.0,1492.97,41.61
235700.0,1495.7,41.87
235900.0,1498.55,42.13
236000.0,1501.19,42.4
236100.0,1504.15,42.67
236200.0,1507.1,42.93
236300.0,1510.07,43.19
236400.0,1512.78,43.45
236500.0,1515.72,43.71
236600.0,1518.43,43.97
236700.0,1521.16,44.23
236800.0,1523.83,44.49
236900.0,1526.42,44.75
237000.0,1528.92,45.01
237200.0,1531.33,45.26
237300.0,1533.34,45.51
237400.0,1535.23,45.76
237500.0,1536.78,46.0
237600.0,1538.18,46.25
237700.0,1539.28,46.5
237800.0,1540.21,46.74
237900.0,1540.96,46.98
238000.0,1541.52,47.22
238100.0,1541.77,47.45
238200.0,1541.6,47.68
238300.0,1541.47,47.92
238400.0,1540.98,48.15
238600.0,1540.37,48.38
238700.0,1539.61,48.61
238800.0,1538.7,48.85
238900.0,1537.42,49.08
239000.0,1536.09,49.31
239100.0,1534.51,49.53
239200.0,1533.01,49.75
239300.0,1531.26,49.97
239400.0,1529.37,50.19
239500.0,1526.98,50.41
239600.0,1524.59,50.63
239700.0,1521.91,50.84
239900.0,1519.12,51.05
240000.0,1516.16,51.26
240100.0,1513.01,51.47
240200.0,1509.66,51.68
240300.0,1505.99,51.88
240400.0,1502.26,52.08
240500.0,1498.27,52.28
240600.0,1494.32,52.47
240700.0,1489.97,52.66
240800.0,1485.85,52.85
240900.0,1481.88,53.03
241000.0,1477.88,53.21
241200.0,1473.82,53.39
241300.0,1470.19,53.56
241400.0,1466.15,53.73
241500.0,1462.19,53.9
241600.0,1458.56,54.07
241700.0,1454.78,54.22
241800.0,1451.06,54.37
241900.0,1447.45,54.52
242000.0,1443.86,54.66
242100.0,1440.11,54.8
242200.0,1436.41,54.94
242300.0,1432.86,55.07
242500.0,1429.44,55.2
242600.0,1426.2,55.33
242700.0,1423.15,55.45
242800.0,1420.36,55.57
242900.0,1417.89,55.69
243000.0,1415.4,55.8
243100.0,1413.22,55.91
243200.0,1411.2,56.02
243300.0,1409.13,56.13
243400.0,1406.99,56.24
243500.0,1404.84,56.35
243700.0,1402.73,56.46
243800.0,1400.32,56.56
243900.0,1398.05,56.66
244000.0,1395.71,56.76
244100.0,1393.14,56.85
244200.0,1390.78,56.94
244300.0,1388.29,57.02
244400.0,1385.71,57.1
244500.0,1383.07,57.18
244600.0,1380.3,57.26
244700.0,1377.5,57.34
244900.0,1374.69,57.42
245000.0,1371.94,57.49
245100.0,1369.22,57.56
245200.0,1366.57,57.63
245300.0,1364.05,57.7
245400.0,1361.5,57.77
245500.0,1359.11,57.83
245600.0,1356.61,57.89
245700.0,1354.31,57.95
245800.0,1351.93,58.01
246000.0,1349.6,58.07
246100.0,1347.35,58.13
246200.0,1345.15,58.19
246300.0,1343.1,58.25
246400.0,1340.89,58.31
246500.0,1338.83,58.37
246600.0,1336.62,58.43
246700.0,1334.38,58.49
246800.0,1332.19,58.54
246900.0,1329.79,58.59
247000.0,1327.46,58.64
247200.0,1325.13,58.7
247300.0,1322.77,58.76
247400.0,1320.3,58.81
247500.0,1317.95,58.86
247600.0,1315.58,58.91
247700.0,1313.16,58.95
247800.0,1310.87,58.99
247900.0,1308.48,59.03
248000.0,1306.11,59.07
248100.0,1304.0,59.11
248300.0,1301.75,59.15
248400.0,1299.59,59.19
248500.0,1297.53,59.22
248600.0,1295.62,59.25
248700.0,1293.75,59.27
248800.0,1291.84,59.3
248900.0,1290.24,59.32
249000.0,1288.93,59.34
249100.0,1287.94,59.36
249200.0,1286.82,59.37
249400.0,1285.93,59.38
249500.0,1285.01,59.39
249600.0,1284.05,59.4
249700.0,1283.39,59.4
249800.0,1282.33,59.4
249900.0,1281.15,59.4
250000.0,1280.23,59.39
250100.0,1279.08,59.38
250200.0,1277.97,59.37
250300.0,1276.98,59.35
250500.0,1275.87,59.33
250600.0,1274.82,59.31
250700.0,1273.82,59.29
250800.0,1272.86,59.27
250900.0,1271.88,59.25
251000.0,1271.0,59.22
251100.0,1270.1,59.19
251200.0,1269.28,59.16
251300.0,1268.65,59.13
251400.0,1268.16,59.1
251600.0,1267.81,59.07
251700.0,1267.45,59.03
251800.0,1267.04,58.99
251900.0,1266.6,58.96
252000.0,1266.19,58.93
252100.0,1265.98,58.89
252200.0,1265.22,58.85
252300.0,1264.95,58.81
252400.0,1264.62,58.77
252500.0,1264.14,58.73
252700.0,1263.85,58.7
252800.0,1263.47,58.67
252900.0,1263.05,58.64
253000.0,1262.7,58.61
253100.0,1262.35,58.58
253200.0,1262.0,58.55
253300.0,1261.62,58.52
253400.0,1261.205,58.48
253500.0,1260.775,58.44
253600.0,1260.415,58.41
253800.0,1260.005,58.38
253900.0,1259.445,58.35
254000.0,1259.115,58.32
254100.0,1258.735,58.29
254200.0,1258.155,58.26
254300.0,1257.815,58.23
254400.0,1257.415,58.2
254500.0,1256.935,58.17
254600.0,1256.505,58.14
254800.0,1256.155,58.11
254900.0,1255.775,58.08
255000.0,1255.425,58.04
255100.0,1255.065,58.01
255200.0,1254.645,57.98
255300.0,1254.185,57.95
255400.0,1253.745,57.92
255500.0,1253.325,57.89
255600.0,1253.095,57.86
255800.0,1252.875,57.83
255900.0,1252.785,57.8
256000.0,1252.615,57.77
256100.0,1252.525,57.74
256200.0,1252.525,57.71
256300.0,1252.475,57.68
256400.0,1252.415,57.65
256500.0,1252.115,57.62
256600.0,1251.885,57.58
256800.0,1251.535,57.54
256900.0,1251.185,57.5
257000.0,1250.725,57.46
257100.0,1250.265,57.42
257200.0,1249.855,57.37
257300.0,1249.355,57.31
257400.0,1248.855,57.25
257500.0,1248.335,57.19
257600.0,1247.825,57.13
257800.0,1247.275,57.06
257900.0,1246.665,56.99
258000.0,1246.095,56.92
258100.0,1245.495,56.85
258200.0,1244.965,56.77
258300.0,1244.635,56.69
258400.0,1243.855,56.61
258500.0,1243.205,56.52
258600.0,1242.565,56.43
258800.0,1241.795,56.34
258900.0,1241.025,56.25
259000.0,1240.405,56.16
259100.0,1239.705,56.07
259200.0,1238.985,55.98
259300.0,1238.385,55.89
259400.0,1237.805,55.8
259500.0,1237.125,55.71
259600.0,1236.635,55.61
259800.0,1236.245,55.52
259900.0,1235.935,55.42
260000.0,1235.605,55.33
260100.0,1235.125,55.24
260200.0,1234.675,55.14
260300.0,1234.375,55.04
260400.0,1234.055,54.94
260500.0,1233.765,54.84
260600.0,1233.425,54.74
260800.0,1232.975,54.64
260900.0,1232.785,54.53
261000.0,1232.685,54.42
261100.0,1232.255,54.32
261200.0,1231.985,54.22
261300.0,1231.675,54.12
261400.0,1231.705,54.02
261500.0,1231.745,53.92
261600.0,1231.425,53.82
261800.0,1231.245,53.72
261900.0,1231.285,53.62
262000.0,1231.105,53.52
262100.0,1231.175,53.42
262200.0,1231.195,53.32
262300.0,1231.235,53.22
262400.0,1231.265,53.12
262500.0,1231.155,53.02
262600.0,1230.995,52.92
262800.0,1230.945,52.83
262900.0,1230.875,52.74
263000.0,1230.975,52.64
263100.0,1230.935,52.54
263200.0,1230.785,52.44
263300.0,1230.685,52.34
263400.0,1230.425,52.24
263500.0,1230.155,52.14
263600.0,1229.885,52.03
263800.0,1229.715,51.92
263900.0,1229.465,51.8
264000.0,1229.335,51.68
264100.0,1229.325,51.56
264200.0,1229.335,51.43
264300.0,1229.335,51.3
264400.0,1229.375,51.17
264500.0,1229.48,51.05
264600.0,1229.715,50.92
264700.0,1230.005,50.79
264900.0,1230.635,50.66
265000.0,1230.585,50.53
265100.0,1231.165,50.4
265200.0,1231.475,50.27
265300.0,1232.045,50.14
265400.0,1232.415,50.01
265500.0,1233.185,49.88
265600.0,1234.045,49.75
265700.0,1235.145,49.63
265900.0,1236.285,49.51
266000.0,1237.645,49.39
266100.0,1238.935,49.28
266200.0,1240.555,49.17
266300.0,1242.115,49.07
266400.0,1243.935,48.97
266500.0,1245.635,48.87
266600.0,1247.565,48.77
266700.0,1249.395,48.67
266800.0,1251.425,48.58
266900.0,1253.555,48.49
267100.0,1256.185,48.4
267200.0,1259.015,48.31
267300.0,1262.115,48.22
267400.0,1265.635,48.14
267500.0,1269.165,48.06
267600.0,1273.045,47.98
267700.0,1276.935,47.92
267800.0,1280.995,47.86
267900.0,1285.215,47.8
268000.0,1289.665,47.74
268200.0,1294.175,47.69
268300.0,1298.735,47.65
268400.0,1303.355,47.61
268500.0,1308.175,47.58
268600.0,1313.085,47.55
268700.0,1318.165,47.52
268800.0,1323.185,47.51
268900.0,1328.315,47.5
269000.0,1333.545,47.49
269100.0,1338.635,47.49
269200.0,1343.565,47.49
269400.0,1348.205,47.49
269500.0,1353.22,47.495
269600.0,1357.75,47.515
269700.0,1361.96,47.535
269800.0,1365.96,47.555
269900.0,1369.69,47.585
270000.0,1373.06,47.615
270100.0,1376.38,47.645
270200.0,1379.33,47.675
270300.0,1382.18,47.705
270500.0,1384.82,47.745
270600.0,1387.46,47.785
270700.0,1389.78,47.835
270800.0,1392.01,47.885
270900.0,1394.28,47.935
271000.0,1396.47,47.985
271100.0,1398.49,48.045
271200.0,1400.68,48.115
271300.0,1402.79,48.185
271400.0,1404.8,48.255
271600.0,1406.81,48.325
271700.0,1408.88,48.395
271800.0,1410.6,48.475
271900.0,1412.31,48.565
272000.0,1413.92,48.655
272100.0,1415.62,48.745
272200.0,1417.48,48.835
272300.0,1419.33,48.925
272400.0,1420.81,49.015
272600.0,1422.37,49.105
272700.0,1424.27,49.205
272800.0,1426.18,49.305
272900.0,1427.92,49.405
273000.0,1429.89,49.505
273100.0,1431.6,49.605
273200.0,1433.38,49.705
273300.0,1435.26,49.805
273500.0,1437.19,49.905
273600.0,1439.29,50.015
273700.0,1441.49,50.125
273800.0,1443.64,50.235
273900.0,1445.92,50.345
274000.0,1448.06,50.455
274100.0,1450.15,50.565
274200.0,1452.55,50.685
274300.0,1454.92,50.805
274500.0,1457.39,50.935
274600.0,1459.95,51.065
274700.0,1462.56,51.205
274800.0,1465.1,51.345
274900.0,1467.78,51.495
275000.0,1470.18,51.645
275100.0,1472.6,51.795
275200.0,1474.99,51.955
275400.0,1477.32,52.125
275500.0,1479.62,52.295
275600.0,1481.93,52.465
275700.0,1484.075,52.645
275800.0,1486.075,52.825
275900.0,1487.645,53.005
276000.0,1489.755,53.185
276100.0,1491.265,53.365
276200.0,1492.795,53.545
276400.0,1493.985,53.725
276500.0,1495.165,53.905
276600.0,1495.845,54.085
276700.0,1496.355,54.275
276800.0,1496.535,54.455
276900.0,1496.655,54.635
277000.0,1496.665,54.815
277100.0,1496.595,54.995
277200.0,1496.315,55.175
277400.0,1496.055,55.345
277500.0,1495.545,55.515
277600.0,1495.175,55.685
277700.0,1494.585,55.855
277800.0,1493.935,56.025
277900.0,1493.075,56.185
278000.0,1491.985,56.345
278100.0,1490.435,56.505
278200.0,1488.655,56.665
278400.0,1486.515,56.825
278500.0,1483.965,56.985
278600.0,1481.415,57.145
278700.0,1478.645,57.305
278800.0,1475.805,57.455
278900.0,1472.805,57.605
279000.0,1469.645,57.755
279100.0,1466.305,57.905
279300.0,1462.905,58.045
279400.0,1459.355,58.185
279500.0,1455.765,58.325
279600.0,1452.035,58.455
279700.0,1448.215,58.585
279800.0,1444.145,58.715
279900.0,1440.125,58.835
280000.0,1436.005,58.955
280200.0,1431.725,59.075
280300.0,1427.575,59.185
280400.0,1423.375,59.295
280500.0,1419.315,59.405
280600.0,1415.34,59.51
280700.0,1411.67,59.61
280800.0,1408.25,59.71
280900.0,1405.16,59.81
281000.0,1402.27,59.9
281200.0,1399.67,59.99
281300.0,1397.19,60.08
281400.0,1395.02,60.17
281500.0,1392.99,60.26
281600.0,1391.01,60.34
281700.0,1389.23,60.42
281800.0,1387.59,60.5
281900.0,1386.07,60.58
282000.0,1384.57,60.66
282100.0,1383.1,60.74
282300.0,1381.8,60.81
282400.0,1380.35,60.88
282500.0,1378.94,60.95
282600.0,1377.58,61.01
282700.0,1376.28,61.07
282800.0,1374.96,61.13
282900.0,1373.84,61.18
283000.0,1372.86,61.23
283100.0,1371.94,61.28
283200.0,1371.05,61.33
283300.0,1370.04,61.38
283500.0,1369.02,61.43
283600.0,1367.99,61.485
283700.0,1366.99,61.545
283800.0,1365.94,61.595
283900.0,1364.88,61.645
284000.0,1363.73,61.695
284100.0,1362.58,61.745
284200.0,1361.42,61.795
284300.0,1360.37,61.845
284400.0,1359.2,61.895
284500.0,1357.95,61.945
284700.0,1356.68,61.985
284800.0,1355.38,62.025
284900.0,1354.1,62.065
285000.0,1352.73,62.105
285100.0,1351.36,62.145
285200.0,1350.16,62.185
285300.0,1348.74,62.225
285400.0,1347.41,62.265
285500.0,1346.09,62.295
285600.0,1344.84,62.325
285700.0,1343.46,62.355
285900.0,1342.12,62.385
286000.0,1340.75,62.415
286100.0,1339.6,62.445
286200.0,1338.35,62.475
286300.0,1337.07,62.505
286400.0,1335.86,62.525
286500.0,1334.72,62.545
286600.0,1333.51,62.565
286700.0,1332.4,62.585
286800.0,1331.35,62.605
287000.0,1330.41,62.625
287100.0,1329.64,62.645
287200.0,1328.92,62.665
287300.0,1328.41,62.685
287400.0,1328.03,62.715
287500.0,1327.81,62.745
287600.0,1327.8,62.775
287700.0,1327.86,62.795
287800.0,1328.05,62.815
288000.0,1328.19,62.835
288100.0,1328.31,62.855
288200.0,1328.46,62.875
288300.0,1328.58,62.895
288400.0,1328.7,62.915
288500.0,1328.88,62.935
288600.0,1329.03,62.955
288700.0,1329.13,62.975
288800.0,1329.29,62.995
288900.0,1329.48,63.015
289000.0,1329.54,63.035
289200.0,1329.65,63.055
289300.0,1329.73,63.075
289400.0,1329.75,63.095
289500.0,1329.87,63.105
289600.0,1329.88,63.115
289700.0,1329.95,63.115
289800.0,1330.07,63.125
289900.0,1330.16,63.125
290000.0,1330.14,63.125
290100.0,1330.03,63.125
290300.0,1329.98,63.125
290400.0,1329.93,63.125
290500.0,1329.8,63.125
290600.0,1329.41,63.125
290700.0,1329.19,63.115
290800.0,1329.03,63.105
290900.0,1328.75,63.095
291000.0,1328.59,63.085
291100.0,1328.31,63.075
291200.0,1328.05,63.065
291300.0,1327.86,63.055
291500.0,1327.57,63.035
291600.0,1327.27,63.015
291700.0,1326.9,62.995
291800.0,1326.55,62.975
291900.0,1326.2,62.955
292000.0,1325.86,62.925
292100.0,1325.47,62.895
292200.0,1325.09,62.865
292300.0,1324.64,62.835
292400.0,1324.23,62.805
292600.0,1323.93,62.775
292700.0,1323.85,62.745
292800.0,1323.52,62.715
292900.0,1323.01,62.685
293000.0,1322.77,62.655
293100.0,1322.35,62.625
293200.0,1322.0,62.585
293300.0,1321.52,62.545
293400.0,1321.12,62.505
293500.0,1320.67,62.475
293700.0,1320.21,62.445
293800.0,1319.7,62.415
293900.0,1319.21,62.385
294000.0,1318.63,62.355
294100.0,1318.12,62.325
294200.0,1317.49,62.295
294300.0,1316.89,62.265
294400.0,1316.3,62.235
294500.0,1315.58,62.19
294700.0,1315.03,62.14
294800.0,1314.36,62.09
294900.0,1313.52,62.04
295000.0,1312.87,61.99
295100.0,1312.12,61.94
295200.0,1311.39,61.89
295300.0,1310.69,61.83
295400.0,1309.9,61.78
295500.0,1309.16,61.72
295600.0,1308.43,61.66
295700.0,1307.7,61.6
295900.0,1306.96,61.54
296000.0,1306.29,61.48
296100.0,1305.59,61.42
296200.0,1304.88,61.36
296300.0,1304.21,61.3
296400.0,1303.67,61.25
296500.0,1303.11,61.2
296600.0,1302.53,61.15
296700.0,1301.94,61.1
296800.0,1301.39,61.05
296900.0,1300.84,61.0
297000.0,1300.26,60.95
297200.0,1299.67,60.9
297300.0,1299.17,60.85
297400.0,1298.67,60.8
297500.0,1298.05,60.75
297600.0,1297.46,60.7
297700.0,1296.91,60.65
297800.0,1296.25,60.6
297900.0,1295.7,60.55
298000.0,1295.1,60.51
298100.0,1294.43,60.47
298200.0,1293.74,60.43
298300.0,1293.06,60.38
298400.0,1292.42,60.33
298600.0,1291.7,60.28
298700.0,1291.01,60.23
298800.0,1290.32,60.18
298900.0,1289.67,60.13
299000.0,1288.98,60.08
299100.0,1288.36,60.03
299200.0,1287.68,59.98
299300.0,1287.04,59.93
299400.0,1286.36,59.88
299500.0,1285.74,59.83
299600.0,1285.16,59.78
299700.0,1284.52,59.73
299900.0,1283.87,59.68
300000.0,1283.34,59.64
300100.0,1282.82,59.6
300200.0,1282.27,59.56
300300.0,1281.77,59.52
300400.0,1281.16,59.48
300500.0,1280.7,59.44
300600.0,1280.17,59.41
300700.0,1279.59,59.37
300800.0,1279.01,59.34
300900.0,1278.59,59.31
301000.0,1278.16,59.28
301100.0,1277.62,59.25
301200.0,1277.09,59.22
301300.0,1276.67,59.19
301500.0,1276.41,59.16
301600.0,1276.04,59.14
301700.0,1275.67,59.12
301800.0,1275.41,59.1
301900.0,1275.04,59.08
302000.0,1274.83,59.06
302100.0,1274.59,59.04
302200.0,1274.33,59.02
302300.0,1274.16,59.01
302400.0,1274.0,59.0
302500.0,1273.92,58.99
302600.0,1273.89,58.98
302700.0,1273.83,58.97
302900.0,1273.79,58.97
303000.0,1273.86,58.97
303100.0,1273.95,58.97
303200.0,1274.07,58.97
303300.0,1274.15,58.97
303400.0,1274.2,58.97
303500.0,1273.99,58.97
303600.0,1273.99,58.97
303700.0,1274.18,58.97
303800.0,1274.16,58.97
303900.0,1274.24,58.97
304000.0,1274.34,58.98
304200.0,1274.52,58.99
304300.0,1274.67,59.0
304400.0,1274.98,59.01
304500.0,1275.23,59.02
304600.0,1275.57,59.03
304700.0,1275.91,59.05
304800.0,1276.33,59.07
304900.0,1276.7,59.09
305000.0,1277.25,59.11
305100.0,1277.7,59.13
305200.0,1278.17,59.15
305300.0,1278.84,59.18
305500.0,1279.3,59.21
305600.0,1279.9,59.24
305700.0,1280.73,59.27
305800.0,1281.33,59.3
305900.0,1282.08,59.33
306000.0,1282.83,59.36
306100.0,1283.49,59.41
306200.0,1284.34,59.45
306300.0,1285.2,59.5
306400.0,1286.03,59.55
306500.0,1286.85,59.6
306600.0,1287.7,59.65
306700.0,1288.51,59.7
306900.0,1289.39,59.75
307000.0,1290.18,59.8
307100.0,1291.0,59.85
307200.0,1291.74,59.9
307300.0,1292.54,59.95
307400.0,1293.3,60.0
307500.0,1294.18,60.05
307600.0,1295.05,60.1
307700.0,1295.83,60.15
307800.0,1296.62,60.2
308000.0,1297.52,60.25
308100.0,1298.35,60.3
308200.0,1299.19,60.35
308300.0,1300.07,60.4
308400.0,1300.91,60.46
308500.0,1301.63,60.52
308600.0,1302.43,60.58
308700.0,1303.12,60.63
308800.0,1303.72,60.67
308900.0,1304.47,60.71
309000.0,1305.12,60.75
309200.0,1305.73,60.79
309300.0,1306.45,60.83
309400.0,1307.08,60.87
309500.0,1307.72,60.91
309600.0,1308.09,60.95
309700.0,1308.71,60.99
309800.0,1309.29,61.02
309900.0,1309.63,61.05
310000.0,1310.09,61.08
310100.0,1310.46,61.11
310300.0,1310.87,61.14
310400.0,1311.24,61.17
310500.0,1311.59,61.2
310600.0,1311.91,61.23
310700.0,1312.23,61.26
310800.0,1312.51,61.28
310900.0,1312.76,61.3
311000.0,1313.06,61.32
311100.0,1313.33,61.34
311200.0,1313.6,61.36
311400.0,1313.82,61.37
311500.0,1314.07,61.38
311600.0,1314.3,61.39
311700.0,1314.56,61.4
311800.0,1314.75,61.41
311900.0,1314.98,61.42
312000.0,1315.25,61.43
312100.0,1315.5,61.44
312200.0,1315.73,61.45
312300.0,1315.99,61.46
312500.0,1316.21,61.47
312600.0,1316.37,61.48
312700.0,1316.6,61.49
312800.0,1316.79,61.5
312900.0,1316.98,61.51
313000.0,1317.16,61.52
313100.0,1317.31,61.53
313200.0,1317.46,61.54
313300.0,1317.54,61.54
313500.0,1317.59,61.54
313600.0,1317.69,61.54
313700.0,1317.7,61.54
313800.0,1317.8,61.54
313900.0,1317.71,61.54
314000.0,1317.66,61.54
314100.0,1317.65,61.54
314200.0,1317.65,61.54
314300.0,1317.62,61.54
314400.0,1317.63,61.54
314500.0,1317.67,61.54
314700.0,1317.72,61.54
314800.0,1317.76,61.54
314900.0,1317.91,61.54
315000.0,1318.04,61.54
315100.0,1318.15,61.54
315200.0,1318.21,61.54
315300.0,1318.25,61.54
315400.0,1318.34,61.54
315500.0,1318.39,61.54
315600.0,1318.36,61.53
315800.0,1318.33,61.52
315900.0,1318.21,61.51
316000.0,1318.03,61.5
316100.0,1317.94,61.49
316200.0,1317.83,61.48
316300.0,1317.69,61.47
316400.0,1317.6,61.46
316500.0,1317.49,61.45
316600.0,1317.28,61.45
316800.0,1317.18,61.45
316900.0,1317.03,61.45
317000.0,1316.91,61.45
317100.0,1316.81,61.44
317200.0,1316.52,61.43
317300.0,1316.18,61.42
317400.0,1315.93,61.41
317500.0,1315.71,61.4
317600.0,1315.46,61.39
317800.0,1315.14,61.38
317900.0,1314.84,61.37
318000.0,1314.5,61.36
318100.0,1314.15,61.35
318200.0,1313.76,61.33
318300.0,1313.37,61.31
318400.0,1312.99,61.29
318500.0,1312.61,61.27
318600.0,1312.21,61.25
318800.0,1311.9,61.24
318900.0,1311.59,61.23
319000.0,1311.22,61.22
319100.0,1310.88,61.21
319200.0,1310.61,61.2
319300.0,1310.42,61.19
319400.0,1310.19,61.17
319500.0,1310.05,61.15
319600.0,1310.0,61.13
319800.0,1310.01,61.12
319900.0,1310.13,61.12
320000.0,1310.18,61.12
320100.0,1310.33,61.12
320200.0,1310.55,61.12
320300.0,1310.7,61.12
320400.0,1310.95,61.12
320500.0,1311.17,61.12
320600.0,1311.67,61.12
320700.0,1311.94,61.12
320900.0,1312.27,61.14
321000.0,1312.85,61.16
321100.0,1313.37,61.18
321200.0,1313.88,61.2
321300.0,1314.34,61.22
321400.0,1314.84,61.24
321500.0,1315.35,61.26
321600.0,1315.91,61.28
321700.0,1316.48,61.31
321900.0,1317.08,61.34
322000.0,1317.66,61.37
322100.0,1318.19,61.4
322200.0,1318.73,61.43
322300.0,1319.28,61.46
322400.0,1319.79,61.5
322500.0,1320.4,61.54
322600.0,1320.95,61.58
322700.0,1321.57,61.62
322900.0,1322.25,61.66
323000.0,1323.02,61.7
323100.0,1323.72,61.74
323200.0,1324.51,61.78
323300.0,1325.27,61.82
323400.0,1326.07,61.87
323500.0,1326.84,61.92
323600.0,1327.71,61.97
323700.0,1328.56,62.02
323900.0,1329.47,62.07
324000.0,1330.35,62.12
324100.0,1331.23,62.17
324200.0,1332.15,62.22
324300.0,1333.03,62.27
324400.0,1333.96,62.33
324500.0,1334.9,62.39
324600.0,1335.82,62.45
324800.0,1336.81,62.51
324900.0,1337.73,62.58
325000.0,1338.75,62.65
325100.0,1339.7,62.72
325200.0,1340.56,62.79
325300.0,1341.39,62.85
325400.0,1342.29,62.92
325500.0,1343.12,62.99
325700.0,1343.9,63.05
325800.0,1344.7,63.11
325900.0,1345.46,63.17
326000.0,1346.13,63.23
326100.0,1346.78,63.29
326200.0,1347.47,63.35
326300.0,1348.13,63.41
326400.0,1348.81,63.47
326600.0,1349.41,63.53
326700.0,1350.01,63.59
326800.0,1350.65,63.65
326900.0,1351.36,63.71
327000.0,1352.14,63.77
327100.0,1352.89,63.83
327200.0,1353.62,63.89
327300.0,1354.37,63.95
327400.0,1355.01,64.01
327600.0,1355.69,64.07
327700.0,1356.38,64.13
327800.0,1356.96,64.18
327900.0,1357.53,64.23
328000.0,1358.06,64.28
328100.0,1358.58,64.33
328200.0,1359.06,64.38
328300.0,1359.57,64.43
328400.0,1360.07,64.48
328600.0,1360.55,64.53
328700.0,1360.95,64.58
328800.0,1361.33,64.62
328900.0,1361.79,64.66
329000.0,1362.15,64.7
329100.0,1362.59,64.74
329200.0,1362.97,64.78
329300.0,1363.31,64.82
329400.0,1363.62,64.86
329600.0,1363.91,64.9
329700.0,1364.1,64.94
329800.0,1364.27,64.98
329900.0,1364.43,65.01
330000.0,1364.55,65.04
330100.0,1364.65,65.07
330200.0,1364.75,65.1
330300.0,1364.77,65.13
330500.0,1364.76,65.16
330600.0,1364.81,65.19
330700.0,1364.88,65.22
330800.0,1364.86,65.25
330900.0,1364.81,65.28
331000.0,1364.72,65.3
331100.0,1364.64,65.32
331200.0,1364.54,65.33
331400.0,1364.42,65.35
331500.0,1364.2,65.36
331600.0,1363.96,65.37
331700.0,1363.75,65.38
331800.0,1363.5,65.39
331900.0,1363.22,65.4
332000.0,1362.91,65.4
332100.0,1362.61,65.4
332200.0,1362.25,65.4
332400.0,1361.96,65.4
332500.0,1361.71,65.4
332600.0,1361.45,65.4
332700.0,1361.18,65.4
332800.0,1360.94,65.4
332900.0,1360.69,65.39
333000.0,1360.43,65.38
333100.0,1360.19,65.37
333300.0,1359.96,65.36
333400.0,1359.76,65.35
333500.0,1359.57,65.34
333600.0,1359.45,65.33
333700.0,1359.25,65.32
333800.0,1359.06,65.31
333900.0,1358.86,65.3
334000.0,1358.62,65.29
334200.0,1358.32,65.28
334300.0,1358.04,65.27
334400.0,1357.67,65.26
334500.0,1357.29,65.25
334600.0,1357.0,65.23
334700.0,1356.65,65.21
334800.0,1356.04,65.19
334900.0,1355.6,65.17
335000.0,1355.11,65.15
335200.0,1354.58,65.13
335300.0,1354.24,65.11
335400.0,1353.78,65.08
335500.0,1353.42,65.05
335600.0,1353.06,65.02
335700.0,1352.6,64.99
335800.0,1352.13,64.96
335900.0,1351.685,64.93
336000.0,1351.235,64.89
336200.0,1350.745,64.85
336300.0,1350.305,64.8
336400.0,1349.875,64.75
336500.0,1349.465,64.71
336600.0,1348.995,64.66
336700.0,1348.525,64.61
336800.0,1348.105,64.57
336900.0,1347.635,64.53
337000.0,1347.135,64.49
337100.0,1346.665,64.45
337300.0,1346.165,64.4
337400.0,1345.655,64.35
337500.0,1345.195,64.3
337600.0,1344.625,64.25
337700.0,1344.085,64.2
337800.0,1343.575,64.15
337900.0,1343.005,64.1
338000.0,1342.355,64.05
338100.0,1341.715,64.0
338200.0,1341.045,63.94
338400.0,1340.345,63.88
338500.0,1339.635,63.82
338600.0,1338.935,63.76
338700.0,1338.395,63.7
338800.0,1337.745,63.64
338900.0,1337.045,63.58
339000.0,1336.375,63.52
339100.0,1335.765,63.46
339200.0,1335.035,63.4
339300.0,1334.385,63.34
339500.0,1333.755,63.28
339600.0,1333.185,63.22
339700.0,1332.505,63.16
339800.0,1331.985,63.1
339900.0,1331.475,63.05
340000.0,1330.835,63.0
340100.0,1330.285,62.95
340200.0,1329.815,62.9
340300.0,1329.265,62.85
340400.0,1328.745,62.8
340600.0,1328.275,62.75
340700.0,1327.765,62.7
340800.0,1327.305,62.65
340900.0,1326.845,62.6
341000.0,1326.365,62.55
341100.0,1325.915,62.5
341200.0,1325.425,62.45
341300.0,1324.925,62.4
341400.0,1324.455,62.35
341500.0,1323.925,62.3
341700.0,1323.345,62.25
341800.0,1322.755,62.2
341900.0,1322.165,62.15
342000.0,1321.535,62.1
342100.0,1320.975,62.05
342200.0,1320.315,62.0
342300.0,1319.685,61.96
342400.0,1319.125,61.91
342500.0,1318.515,61.87
342600.0,1317.915,61.83
342800.0,1317.295,61.79
342900.0,1316.665,61.75
343000.0,1316.075,61.71
343100.0,1315.445,61.67
343200.0,1314.745,61.62
343300.0,1314.105,61.57
343400.0,1313.405,61.52
343500.0,1312.685,61.47
343700.0,1311.935,61.42
343800.0,1311.135,61.37
343900.0,1310.325,61.32
344000.0,1309.515,61.27
344100.0,1308.725,61.22
344200.0,1307.885,61.17
344300.0,1307.065,61.12
344400.0,1306.215,61.07
344500.0,1305.355,61.02
344700.0,1304.465,60.97
344800.0,1303.535,60.92
344900.0,1302.625,60.87
345000.0,1301.715,60.82
345100.0,1300.795,60.77
345200.0,1299.915,60.72
345300.0,1299.025,60.66
345400.0,1298.195,60.6
345500.0,1297.415,60.55
345700.0,1296.495,60.5
345800.0,1295.665,60.45
345900.0,1294.975,60.4
346000.0,1294.065,60.35
346100.0,1293.215,60.3
346200.0,1292.485,60.25
346300.0,1291.595,60.2
346400.0,1290.735,60.16
346600.0,1289.815,60.12
346700.0,1288.895,60.08
346800.0,1287.995,60.04
346900.0,1287.125,60.0
347000.0,1286.22,59.96
347100.0,1285.35,59.92
347200.0,1284.43,59.87
347300.0,1283.41,59.83
347400.0,1282.65,59.79
347600.0,1281.78,59.75
347700.0,1280.91,59.71
347800.0,1280.09,59.67
347900.0,1279.17,59.63
348000.0,1278.25,59.59
348100.0,1277.35,59.54
348200.0,1276.39,59.49
348300.0,1275.76,59.45
348500.0,1274.72,59.41
348600.0,1273.91,59.37
348700.0,1273.15,59.33
348800.0,1272.24,59.29
348900.0,1271.42,59.25
349000.0,1270.65,59.21
349100.0,1269.85,59.17
349200.0,1269.12,59.13
349300.0,1268.23,59.1
349500.0,1267.48,59.06
349600.0,1266.76,59.02
349700.0,1266.04,58.98
349800.0,1265.1,58.94
349900.0,1264.7,58.9
350000.0,1264.19,58.85
350100.0,1263.43,58.8
350200.0,1262.72,58.75
350400.0,1261.99,58.69
350500.0,1261.13,58.62
350600.0,1260.29,58.55
350700.0,1259.43,58.47
350800.0,1258.64,58.39
350900.0,1257.73,58.3
351000.0,1256.81,58.2
351100.0,1255.99,58.09
351200.0,1255.11,57.98
351400.0,1254.2,57.86
351500.0,1253.35,57.73
351600.0,1252.52,57.59
351700.0,1251.66,57.44
351800.0,1250.88,57.29
351900.0,1250.16,57.13
352000.0,1249.53,56.96
352100.0,1248.92,56.79
352300.0,1248.4,56.61
352400.0,1247.97,56.43
352500.0,1247.74,56.24
352600.0,1247.52,56.04
352700.0,1247.24,55.83
352800.0,1246.87,55.62
352900.0,1246.32,55.4
353000.0,1245.74,55.18
353100.0,1245.17,54.95
353300.0,1244.54,54.72
353400.0,1243.95,54.48
353500.0,1243.27,54.23
353600.0,1242.6,53.97
353700.0,1241.935,53.705
353800.0,1241.225,53.425
353900.0,1240.585,53.14
354000.0,1240.055,52.85
354100.0,1239.675,52.55
354300.0,1239.235,52.24
354400.0,1238.845,51.94
354500.0,1238.325,51.63
354600.0,1237.875,51.32
354700.0,1237.465,51.0
354800.0,1237.115,50.68
354900.0,1236.855,50.35
355000.0,1236.435,50.02
355200.0,1235.965,49.68
355300.0,1235.395,49.33
355400.0,1234.955,48.97
355500.0,1234.525,48.6
355600.0,1234.095,48.23
355700.0,1233.665,47.85
355800.0,1233.095,47.47
355900.0,1232.535,47.08
356000.0,1231.365,46.69
356200.0,1229.435,46.29
356300.0,1226.575,45.88
356400.0,1224.695,45.47
356500.0,1223.295,45.06
356600.0,1222.225,44.64
356700.0,1221.005,44.21
356800.0,1219.675,43.77
356900.0,1218.115,43.33
357000.0,1216.505,42.88
357100.0,1214.685,42.42
357300.0,1212.565,41.95
357400.0,1210.085,41.47
357500.0,1207.025,40.99
357600.0,1203.795,40.5
357700.0,1200.155,40.0
357800.0,1196.085,39.49
357900.0,1191.825,38.97
358000.0,1187.315,38.45
358100.0,1182.365,37.92
358300.0,1177.085,37.38
358400.0,1171.405,36.85
358500.0,1165.425,36.31
358600.0,1159.175,35.77
358700.0,1152.945,35.23
358800.0,1146.785,34.69
358900.0,1140.725,34.14
359000.0,1134.795,33.59
359100.0,1129.185,33.035
359200.0,1123.775,32.485
359300.0,1118.485,31.935
359500.0,1112.825,31.385
359600.0,1107.505,30.825
359700.0,1101.905,30.255
359800.0,1096.295,29.685
359900.0,1090.875,29.115
360000.0,1085.365,28.545
360100.0,1079.935,27.975
360200.0,1074.415,27.405
360300.0,1069.005,26.835
360500.0,1063.785,26.265
360600.0,1058.495,25.705
360700.0,1053.165,25.145
360800.0,1047.875,24.585
360900.0,1042.565,24.025
361000.0,1036.755,23.465
361100.0,1031.185,22.915
361200.0,1025.765,22.365
361300.0,1020.325,21.815
361500.0,1015.065,21.275
361600.0,1009.875,20.745
361700.0,1004.745,20.215
361800.0,999.555,19.695
361900.0,994.475,19.175
362000.0,989.385,18.665
362100.0,984.395,18.165
362200.0,979.265,17.675
362300.0,974.235,17.185
362400.0,969.015,16.705
362600.0,963.825,16.235
362700.0,958.605,15.775
362800.0,953.265,15.325
362900.0,948.035,14.875
363000.0,943.045,14.435
363100.0,938.315,14.005
363200.0,934.115,13.575
363300.0,930.045,13.155
363400.0,926.085,12.735
363600.0,922.055,12.325
363700.0,917.885,11.925
363800.0,913.705,11.535
363900.0,909.665,11.145
364000.0,905.565,10.765
364100.0,901.195,10.385
364200.0,896.825,10.015
364300.0,892.345,9.655
364400.0,888.035,9.315
364500.0,884.365,8.985
364700.0,882.265,8.665
364800.0,882.11,8.35
364900.0,883.51,8.06
365000.0,886.01,7.785
365100.0,888.76,7.525
365200.0,891.57,7.275
365300.0,894.61,7.045
365400.0,897.74,6.825
365500.0,901.05,6.615
365600.0,904.5,6.415
365700.0,908.12,6.225
365900.0,912.38,6.045
366000.0,917.36,5.885
366100.0,923.2,5.735
366200.0,929.26,5.605
366300.0,934.95,5.485
366400.0,940.18,5.385
366500.0,945.33,5.305
366600.0,950.58,5.225
366700.0,955.8,5.165
366900.0,960.97,5.105
367000.0,965.85,5.065
367100.0,971.1,5.035
367200.0,976.73,5.015
367300.0,983.19,5.015
367400.0,988.53,5.015
367500.0,993.09,5.035
367600.0,996.63,5.065
367700.0,999.55,5.105
367900.0,1002.26,5.155
368000.0,1004.87,5.215
368100.0,1007.27,5.285
368200.0,1009.83,5.375
368300.0,1012.97,5.475
368400.0,1016.3,5.595
368500.0,1020.18,5.715
368600.0,1024.54,5.855
368700.0,1029.32,6.005
368900.0,1034.6,6.175
369000.0,1040.2,6.355
369100.0,1046.09,6.535
369200.0,1052.43,6.735
369300.0,1059.19,6.945
369400.0,1066.22,7.155
369500.0,1073.56,7.385
369600.0,1081.05,7.615
369800.0,1088.49,7.855
369900.0,1096.05,8.095
370000.0,1103.36,8.345
370100.0,1110.89,8.605
370200.0,1118.12,8.87
370300.0,1125.2,9.14
370400.0,1132.38,9.41
370500.0,1139.54,9.69
370600.0,1146.92,9.98
370700.0,1154.33,10.28
370900.0,1161.82,10.59
371000.0,1169.35,10.9
371100.0,1176.77,11.21
371200.0,1184.21,11.53
371300.0,1191.75,11.85
371400.0,1199.21,12.17
371500.0,1206.72,12.5
371600.0,1214.07,12.83
371700.0,1221.55,13.16
371900.0,1228.99,13.5
372000.0,1236.5,13.84
372100.0,1243.98,14.18
372200.0,1251.51,14.53
372300.0,1258.98,14.88
372400.0,1266.39,15.23
372500.0,1273.8,15.58
372600.0,1281.22,15.94
372700.0,1288.48,16.3
372900.0,1295.86,16.66
373000.0,1303.01,17.03
373100.0,1310.26,17.4
373200.0,1317.48,17.77
373300.0,1324.75,18.14
373400.0,1331.9,18.52
373500.0,1339.01,18.9
373600.0,1346.04,19.28
373700.0,1352.81,19.66
373800.0,1359.3,20.04
374000.0,1365.36,20.43
374100.0,1370.97,20.82
374200.0,1375.94,21.21
374300.0,1380.35,21.6
374400.0,1384.34,21.99
374500.0,1387.88,22.38
374600.0,1391.3,22.76
374700.0,1394.97,23.14
374800.0,1398.37,23.52
374900.0,1402.01,23.9
375100.0,1405.97,24.28
375200.0,1410.15,24.66
375300.0,1414.29,25.04
375400.0,1418.46,25.4
375500.0,1422.53,25.75
375600.0,1425.99,26.1
375700.0,1427.85,26.45
375800.0,1427.86,26.8
375900.0,1426.39,27.13
376100.0,1423.78,27.45
376200.0,1420.84,27.76
376300.0,1417.7,28.07
376400.0,1414.4,28.37
376500.0,1411.06,28.65
376600.0,1407.65,28.93
376700.0,1404.1,29.2
376800.0,1400.36,29.47
376900.0,1396.01,29.73
377000.0,1390.88,29.97
377100.0,1385.0,30.2
377300.0,1378.77,30.42
377400.0,1373.03,30.64
377500.0,1367.62,30.84
377600.0,1362.35,31.03
377700.0,1356.93,31.21
377800.0,1351.58,31.38
377900.0,1346.39,31.55
378000.0,1341.54,31.7
378100.0,1336.95,31.84
378200.0,1332.7,31.97
378300.0,1328.56,32.09
378500.0,1324.48,32.2
378600.0,1320.69,32.3
378700.0,1317.52,32.39
378800.0,1315.05,32.47
378900.0,1312.98,32.54
379000.0,1311.23,32.59
379100.0,1309.89,32.64
379200.0,1308.67,32.67
379300.0,1307.12,32.7
379400.0,1305.79,32.71
379500.0,1304.53,32.72
379700.0,1303.05,32.71
379800.0,1301.56,32.7
379900.0,1299.96,32.67
380000.0,1298.13,32.63
380100.0,1296.13,32.59
380200.0,1293.82,32.54
380300.0,1291.09,32.48
380400.0,1287.67,32.42
380500.0,1283.83,32.35
380600.0,1278.82,32.27
380700.0,1273.89,32.18
380900.0,1270.22,32.09
381000.0,1267.82,32.0
381100.0,1265.6,31.9
381200.0,1263.49,31.8
381300.0,1261.28,31.69
381400.0,1258.83,31.58
381500.0,1256.36,31.46
381600.0,1253.63,31.34
381700.0,1250.84,31.22
381800.0,1247.9,31.09
381900.0,1244.78,30.96
382100.0,1241.84,30.83
382200.0,1239.13,30.69
382300.0,1237.26,30.55
382400.0,1236.49,30.41
382500.0,1236.61,30.26
382600.0,1237.16,30.11
382700.0,1237.74,29.96
382800.0,1238.44,29.8
382900.0,1239.24,29.64
383000.0,1240.36,29.49
383200.0,1241.7,29.33
383300.0,1243.29,29.17
383400.0,1245.06,29.01
383500.0,1246.64,28.86
383600.0,1247.93,28.7
383700.0,1249.24,28.54
383800.0,1250.38,28.38
383900.0,1251.66,28.21
384000.0,1252.86,28.05
384100.0,1254.25,27.89
384300.0,1256.05,27.73
384400.0,1258.35,27.57
384500.0,1261.05,27.41
384600.0,1263.9,27.26
384700.0,1266.94,27.11
384800.0,1270.04,26.96
384900.0,1273.23,26.81
385000.0,1276.07,26.66
385100.0,1279.03,26.52
385200.0,1281.65,26.38
385300.0,1283.93,26.24
385500.0,1286.17,26.11
385600.0,1287.67,25.99
385700.0,1288.76,25.88
385800.0,1290.34,25.77
385900.0,1291.58,25.67
386000.0,1292.72,25.57
386100.0,1293.9,25.47
386200.0,1295.07,25.38
386300.0,1296.34,25.3
386400.0,1297.59,25.22
386500.0,1298.87,25.15
386600.0,1300.25,25.08
386800.0,1301.54,25.01
386900.0,1302.85,24.96
387000.0,1304.1,24.91
387100.0,1305.45,24.87
387200.0,1306.82,24.83
387300.0,1308.16,24.79
387400.0,1309.55,24.77
387500.0,1310.91,24.75
387600.0,1312.23,24.73
387700.0,1313.61,24.71
387800.0,1314.89,24.7
388000.0,1316.24,24.7
388100.0,1317.6,24.71
388200.0,1319.12,24.72
388300.0,1320.63,24.73
388400.0,1322.17,24.76
388500.0,1323.67,24.79
388600.0,1325.28,24.83
388700.0,1326.85,24.88
388800.0,1328.53,24.93
388900.0,1330.16,24.99
389000.0,1331.88,25.05
389100.0,1333.56,25.13
389300.0,1335.32,25.21
389400.0,1337.18,25.3
389500.0,1339.26,25.39
389600.0,1341.42,25.5
389700.0,1343.53,25.61
389800.0,1345.79,25.73
389900.0,1348.08,25.87
390000.0,1350.43,26.01
390100.0,1352.65,26.16
390200.0,1355.04,26.32
390300.0,1357.34,26.49
390400.0,1359.495,26.665
390600.0,1361.575,26.855
390700.0,1363.645,27.045
390800.0,1365.725,27.245
390900.0,1367.895,27.465
391000.0,1370.195,27.685
391100.0,1372.775,27.905
391200.0,1375.605,28.135
391300.0,1379.405,28.375
391400.0,1383.655,28.615
391500.0,1389.145,28.865
391700.0,1394.455,29.125
391800.0,1398.335,29.385
391900.0,1401.045,29.645
392000.0,1403.145,29.905
392100.0,1405.105,30.175
392200.0,1406.995,30.455
392300.0,1408.685,30.735
392400.0,1410.385,31.015
392500.0,1411.895,31.295
392600.0,1413.405,31.575
392800.0,1414.745,31.855
392900.0,1416.115,32.145
393000.0,1417.235,32.435
393100.0,1417.935,32.725
393200.0,1417.775,33.015
393300.0,1416.255,33.305
393400.0,1413.625,33.595
393500.0,1410.775,33.885
393600.0,1407.635,34.175
393700.0,1404.445,34.465
393900.0,1401.075,34.765
394000.0,1397.315,35.055
394100.0,1393.395,35.345
394200.0,1389.255,35.635
394300.0,1384.795,35.925
394400.0,1380.305,36.205
394500.0,1376.205,36.485
394600.0,1372.175,36.765
394700.0,1368.035,37.045
394800.0,1363.945,37.325
394900.0,1359.785,37.595
395100.0,1355.395,37.865
395200.0,1350.715,38.135
395300.0,1345.475,38.395
395400.0,1339.995,38.655
395500.0,1334.515,38.905
395600.0,1329.105,39.155
395700.0,1323.965,39.405
395800.0,1319.085,39.645
395900.0,1314.685,39.885
396000.0,1310.425,40.115
396200.0,1306.555,40.335
396300.0,1303.225,40.555
396400.0,1300.385,40.765
396500.0,1298.725,40.975
396600.0,1297.675,41.175
396700.0,1296.685,41.375
396800.0,1295.585,41.565
396900.0,1294.505,41.755
397000.0,1293.525,41.945
397100.0,1292.345,42.125
397300.0,1291.435,42.305
397400.0,1290.245,42.485
397500.0,1289.325,42.655
397600.0,1288.145,42.825
397700.0,1286.985,42.985
397800.0,1285.815,43.135
397900.0,1284.605,43.285
398000.0,1283.335,43.425
398100.0,1282.025,43.565
398200.0,1280.805,43.705
398400.0,1279.495,43.825
398500.0,1278.275,43.945
398600.0,1277.035,44.065
398700.0,1275.725,44.185
398800.0,1274.525,44.295
398900.0,1273.355,44.405
399000.0,1272.105,44.495
399100.0,1270.875,44.585
399200.0,1269.565,44.675
399300.0,1268.325,44.755
399400.0,1266.935,44.835
399600.0,1265.525,44.905
399700.0,1264.165,44.965
399800.0,1262.705,45.025
399900.0,1261.305,45.085
400000.0,1259.815,45.145
400100.0,1258.375,45.185
400200.0,1256.885,45.225
400300.0,1255.305,45.265
400400.0,1253.605,45.305
400500.0,1251.825,45.335
400700.0,1250.245,45.365
400800.0,1248.485,45.385
400900.0,1246.685,45.395
401000.0,1244.715,45.405
401100.0,1242.805,45.415
401200.0,1240.845,45.415
401300.0,1238.795,45.415
401400.0,1236.92,45.4
401500.0,1235.03,45.38
401600.0,1233.21,45.36
401700.0,1231.41,45.34
401800.0,1229.65,45.31
401900.0,1227.92,45.27
402000.0,1226.16,45.23
402200.0,1224.5,45.19
402300.0,1222.75,45.14
402400.0,1221.07,45.09
402500.0,1219.24,45.04
402600.0,1217.69,44.97
402700.0,1216.09,44.9
402800.0,1214.55,44.83
402900.0,1213.13,44.76
403000.0,1211.72,44.68
403100.0,1210.47,44.59
403200.0,1209.54,44.5
403300.0,1208.82,44.41
403400.0,1208.61,44.32
403500.0,1208.22,44.23
403600.0,1207.94,44.14
403700.0,1207.94,44.04
403900.0,1207.98,43.94
404000.0,1208.42,43.84
404100.0,1208.7,43.73
404200.0,1209.22,43.62
404300.0,1209.71,43.51
404400.0,1210.21,43.4
404500.0,1210.92,43.29
404600.0,1211.54,43.17
404700.0,1212.18,43.04
404800.0,1212.91,42.91
404900.0,1213.43,42.78
405000.0,1214.04,42.65
405100.0,1214.75,42.51
405200.0,1215.62,42.37
405300.0,1216.28,42.22
405400.0,1216.97,42.07
405600.0,1217.83,41.92
405700.0,1218.61,41.76
405800.0,1219.44,41.6
405900.0,1220.23,41.43
406000.0,1221.02,41.26
406100.0,1221.88,41.08
406200.0,1222.82,40.89
406300.0,1223.67,40.7
406400.0,1224.55,40.51
406500.0,1225.42,40.31
406600.0,1226.23,40.1
406700.0,1227.0,39.88
406800.0,1227.78,39.66
406900.0,1228.56,39.43
407100.0,1229.32,39.2
407200.0,1229.9,38.96
407300.0,1230.02,38.72
407400.0,1229.77,38.47
407500.0,1229.32,38.21
407600.0,1229.01,37.94
407700.0,1228.62,37.67
407800.0,1227.65,37.39
407900.0,1225.93,37.11
408000.0,1223.52,36.82
408100.0,1222.43,36.53
408200.0,1221.47,36.23
408400.0,1220.73,35.92
408500.0,1220.0,35.62
408600.0,1219.13,35.32
408700.0,1218.15,35.02
408800.0,1217.09,34.72
408900.0,1215.98,34.41
409000.0,1214.73,34.1
409100.0,1213.45,33.8
409200.0,1211.93,33.5
409300.0,1210.45,33.2
409400.0,1208.81,32.89
409500.0,1206.97,32.58
409700.0,1204.74,32.27
409800.0,1202.53,31.96
409900.0,1200.44,31.65
410000.0,1199.0,31.34
410100.0,1198.05,31.03
410200.0,1198.23,30.71
410300.0,1198.73,30.4
410400.0,1199.82,30.09
410500.0,1200.86,29.78
410600.0,1201.69,29.47
410800.0,1202.43,29.16
410900.0,1203.14,28.86
411000.0,1203.8,28.56
411100.0,1204.65,28.26
411200.0,1205.56,27.96
411300.0,1206.58,27.66
411400.0,1207.72,27.37
411500.0,1208.92,27.09
411600.0,1209.98,26.81
411700.0,1211.09,26.53
411900.0,1212.47,26.25
412000.0,1214.07,25.98
412100.0,1215.97,25.71
412200.0,1218.16,25.45
412300.0,1220.65,25.19
412400.0,1223.22,24.94
412500.0,1225.99,24.69
412600.0,1228.92,24.44
412700.0,1231.8,24.21
412800.0,1234.65,23.98
413000.0,1237.4,23.76
413100.0,1239.96,23.54
413200.0,1242.34,23.32
413300.0,1244.41,23.11
413400.0,1246.08,22.91
413500.0,1247.44,22.72
413600.0,1248.22,22.53
413700.0,1248.59,22.34
413800.0,1248.93,22.15
414000.0,1249.21,21.98
414100.0,1249.29,21.81
414200.0,1249.32,21.64
414300.0,1249.01,21.48
414400.0,1248.94,21.32
414500.0,1248.98,21.16
414600.0,1248.73,21.01
414700.0,1248.61,20.86
414900.0,1248.2,20.71
415000.0,1247.99,20.58
415100.0,1247.68,20.45
415200.0,1247.61,20.32
415300.0,1247.34,20.195
415400.0,1246.93,20.075
415500.0,1246.57,19.965
415600.0,1246.18,19.865
415800.0,1245.9,19.765
415900.0,1245.65,19.665
416000.0,1245.37,19.565
416100.0,1245.08,19.485
416200.0,1244.72,19.405
416300.0,1244.36,19.335
416400.0,1244.07,19.265
416500.0,1243.77,19.195
416700.0,1243.77,19.135
416800.0,1243.66,19.075
416900.0,1243.72,19.025
417000.0,1243.64,18.975
417100.0,1243.39,18.935
417200.0,1243.09,18.905
417300.0,1243.31,18.875
417500.0,1243.25,18.845
417600.0,1243.0,18.825
417700.0,1242.86,18.805
417800.0,1242.53,18.795
417900.0,1242.16,18.775
418000.0,1241.64,18.775
418100.0,1241.14,18.775
418200.0,1240.59,18.775
418400.0,1240.28,18.775
418500.0,1240.01,18.785
418600.0,1239.83,18.795
418700.0,1239.68,18.815
418800.0,1239.53,18.825
418900.0,1239.23,18.845
419000.0,1239.19,18.865
419100.0,1238.69,18.895
419200.0,1236.93,18.925
419400.0,1236.95,18.965
419500.0,1237.54,19.005
419600.0,1238.2,19.045
419700.0,1238.71,19.085
419800.0,1239.21,19.125
419900.0,1239.7,19.165
420000.0,1240.12,19.215
420200.0,1240.62,19.265
420300.0,1241.04,19.315
420400.0,1241.54,19.365
420500.0,1242.01,19.415
420600.0,1242.79,19.475
420700.0,1243.9,19.535
420800.0,1245.79,19.585
420900.0,1248.14,19.645
421000.0,1250.58,19.705
421200.0,1252.5,19.765
421300.0,1254.12,19.825
421400.0,1255.07,19.895
421500.0,1256.16,19.965
421600.0,1256.87,20.035
421700.0,1257.65,20.105
421800.0,1258.66,20.175
421900.0,1259.7,20.245
422100.0,1260.58,20.315
422200.0,1261.18,20.395
422300.0,1261.56,20.475
422400.0,1262.01,20.555
422500.0,1263.01,20.635
422600.0,1264.1,20.705
422700.0,1265.65,20.775
422800.0,1267.93,20.855
423000.0,1270.23,20.935
423100.0,1272.46,21.015
423200.0,1274.41,21.085
423300.0,1276.18,21.165
423400.0,1277.35,21.245
423500.0,1278.16,21.325
423600.0,1278.31,21.395
423700.0,1277.72,21.475
423800.0,1276.68,21.555
424000.0,1274.94,21.625
424100.0,1272.46,21.695
424200.0,1269.75,21.765
424300.0,1267.22,21.835
424400.0,1264.64,21.905
424500.0,1262.34,21.965
424600.0,1260.42,22.035
424700.0,1258.68,22.095
424900.0,1257.55,22.155
425000.0,1256.81,22.215
425100.0,1255.99,22.275
425200.0,1255.15,22.325
425300.0,1254.36,22.385
425400.0,1253.51,22.445
425500.0,1252.69,22.495
425600.0,1251.89,22.545
425700.0,1251.09,22.595
425900.0,1250.54,22.635
426000.0,1250.41,22.675
426100.0,1250.4,22.705
426200.0,1250.4,22.725
426300.0,1250.19,22.745
426400.0,1249.51,22.765
426500.0,1249.58,22.78
426600.0,1249.61,22.79
426700.0,1249.6,22.8
426800.0,1249.89,22.79
426900.0,1249.7,22.78
427100.0,1249.89,22.77
427200.0,1249.96,22.76
427300.0,1250.17,22.74
427400.0,1250.38,22.72
427500.0,1250.61,22.7
427600.0,1251.2,22.67
427700.0,1251.13,22.64
427800.0,1250.65,22.61
427900.0,1250.54,22.58
428000.0,1250.42,22.55
428100.0,1250.25,22.52
428200.0,1249.87,22.49
428400.0,1249.66,22.46
428500.0,1249.06,22.43
428600.0,1248.59,22.4
428700.0,1248.23,22.37
428800.0,1247.86,22.35
428900.0,1247.71,22.33
429000.0,1247.45,22.32
429100.0,1247.35,22.31
429200.0,1247.42,22.3
429300.0,1247.41,22.3
429400.0,1247.11,22.3
429500.0,1246.81,22.3
429600.0,1246.48,22.31
429800.0,1246.19,22.32
429900.0,1245.94,22.34
430000.0,1246.28,22.36
430100.0,1247.35,22.38
430200.0,1249.37,22.4
430300.0,1251.62,22.42
430400.0,1251.67,22.44
430500.0,1251.07,22.47
430600.0,1250.84,22.5
430700.0,1251.46,22.53
430800.0,1252.33,22.56
430900.0,1253.07,22.58
431000.0,1253.99,22.6
431200.0,1254.5,22.62
431300.0,1254.93,22.64
431400.0,1255.07,22.66
431500.0,1254.38,22.68
431600.0,1253.19,22.7
431700.0,1251.28,22.72
431800.0,1248.83,22.75
431900.0,1246.72,22.78
432000.0,1244.83,22.81
432100.0,1242.98,22.84
432200.0,1241.31,22.86
432300.0,1239.45,22.88
432400.0,1237.03,22.9
432600.0,1234.28,22.92
432700.0,1231.5,22.94
432800.0,1228.65,22.96
432900.0,1225.75,22.98
433000.0,1222.97,23.0
433100.0,1220.5,23.01
433200.0,1217.99,23.02
433300.0,1215.27,23.03
433400.0,1211.95,23.03
433500.0,1208.24,23.03
433600.0,1203.86,23.03
433700.0,1198.8,23.02
433800.0,1193.59,23.01
434000.0,1188.15,22.99
434100.0,1182.7,22.97
434200.0,1177.04,22.94
434300.0,1171.6,22.9
434400.0,1166.14,22.86
434500.0,1161.17,22.82
434600.0,1156.72,22.76
434700.0,1152.52,22.7
434800.0,1149.06,22.64
434900.0,1146.33,22.58
435000.0,1144.0,22.5
435100.0,1141.77,22.42
435200.0,1139.8,22.34
435300.0,1137.92,22.25
435500.0,1135.96,22.15
435600.0,1134.22,22.05
435700.0,1132.44,21.95
435800.0,1130.64,21.85
435900.0,1128.89,21.75
436000.0,1127.1,21.64
436100.0,1125.16,21.52
436200.0,1123.15,21.4
436300.0,1121.0,21.28
436400.0,1118.77,21.16
436500.0,1116.62,21.04
436600.0,1114.35,20.92
436700.0,1111.44,20.79
436900.0,1108.47,20.67
437000.0,1105.52,20.55
437100.0,1102.84,20.43
437200.0,1100.54,20.31
437300.0,1097.43,20.18
437400.0,1094.53,20.05
437500.0,1091.64,19.92
437600.0,1088.24,19.8
437700.0,1085.2,19.68
437800.0,1081.87,19.55
437900.0,1078.69,19.42
438000.0,1075.29,19.29
438100.0,1071.97,19.16
438200.0,1068.77,19.03
438400.0,1065.19,18.91
438500.0,1062.24,18.79
438600.0,1059.34,18.67
438700.0,1056.22,18.55
438800.0,1052.89,18.43
438900.0,1049.73,18.31
439000.0,1046.97,18.19
439100.0,1044.17,18.07
439200.0,1041.28,17.95
439300.0,1038.49,17.82
439400.0,1035.91,17.69
439500.0,1033.18,17.56
439600.0,1030.38,17.43
439800.0,1027.66,17.3
439900.0,1024.8,17.17
440000.0,1021.59,17.03
440100.0,1018.46,16.89
440200.0,1015.37,16.75
440300.0,1012.15,16.61
440400.0,1008.83,16.46
440500.0,1005.42,16.31
440600.0,1001.97,16.16
440700.0,998.49,16.0
440800.0,994.89,15.84
440900.0,991.19,15.68
441000.0,987.26,15.51
441100.0,983.04,15.34
441300.0,978.69,15.16
441400.0,973.66,14.98
441500.0,967.74,14.8
441600.0,961.74,14.62
441700.0,955.81,14.45
441800.0,950.09,14.28
441900.0,944.95,14.11
442000.0,940.58,13.94
442100.0,936.95,13.77
442200.0,934.74,13.6
442300.0,933.01,13.43
442400.0,931.87,13.26
442500.0,930.85,13.09
442700.0,929.02,12.92
442800.0,926.71,12.75
442900.0,924.3,12.58
443000.0,921.48,12.42
443100.0,918.41,12.26
443200.0,915.43,12.1
443300.0,912.47,11.94
443400.0,909.46,11.78
443500.0,906.49,11.62
443600.0,903.68,11.46
443700.0,901.0,11.3
443800.0,898.4,11.14
443900.0,895.98,10.98
444000.0,893.62,10.82
444100.0,891.23,10.67
444300.0,888.9,10.52
444400.0,886.72,10.37
444500.0,884.62,10.22
444600.0,882.56,10.07
444700.0,880.54,9.93
444800.0,878.39,9.79
444900.0,876.39,9.64
445000.0,874.36,9.5
445100.0,872.43,9.36
445200.0,870.5,9.22
445300.0,868.51,9.09
445400.0,866.39,8.96
445500.0,864.16,8.83
445600.0,861.98,8.69
445800.0,859.75,8.56
445900.0,857.79,8.43
446000.0,855.97,8.3
446100.0,854.12,8.18
446200.0,852.26,8.05
446300.0,850.11,7.92
446400.0,847.69,7.79
446500.0,845.2,7.66
446600.0,842.57,7.52
446700.0,839.65,7.38
446800.0,836.75,7.24
446900.0,834.01,7.1
447000.0,831.88,6.96
447100.0,830.28,6.82
447300.0,828.78,6.68
447400.0,827.43,6.54
447500.0,826.33,6.41
447600.0,825.3,6.28
447700.0,824.26,6.15
447800.0,823.18,6.02
447900.0,822.2,5.89
448000.0,821.47,5.77
448100.0,820.73,5.65
448200.0,820.19,5.53
448300.0,820.05,5.41
448400.0,820.02,5.29
448500.0,819.73,5.18
448600.0,819.22,5.07
448800.0,818.82,4.96
448900.0,818.66,4.85
449000.0,818.61,4.74
449100.0,818.58,4.63
449200.0,818.74,4.52
449300.0,818.86,4.41
449400.0,818.74,4.3
449500.0,818.66,4.19
449600.0,818.18,4.08
449700.0,817.53,3.97
449800.0,816.54,3.86
449900.0,815.42,3.75
450100.0,814.55,3.65
450200.0,813.84,3.55
450300.0,813.13,3.45
450400.0,812.58,3.35
450500.0,812.2,3.25
450600.0,811.97,3.15
450700.0,811.98,3.06
450800.0,812.07,2.97
450900.0,812.24,2.88
451000.0,812.49,2.79
451200.0,812.82,2.71
451300.0,813.22,2.63
451400.0,813.55,2.55
451500.0,813.76,2.48
451600.0,813.89,2.41
451700.0,813.95,2.34
451800.0,814.06,2.28
451900.0,814.44,2.22
452000.0,814.98,2.17
452100.0,815.84,2.12
452200.0,816.97,2.07
452400.0,818.09,2.02
452500.0,819.34,1.97
452600.0,820.27,1.92
452700.0,820.99,1.87
452800.0,821.15,1.82
452900.0,820.89,1.77
453000.0,819.98,1.72
453100.0,818.88,1.67
453200.0,817.62,1.62
453300.0,816.31,1.57
453500.0,815.09,1.52
453600.0,813.87,1.47
453700.0,812.66,1.42
453800.0,811.41,1.37
453900.0,810.38,1.32
454000.0,809.38,1.27
454100.0,808.52,1.22
454200.0,807.86,1.17
454300.0,807.33,1.12
454500.0,806.78,1.07
454600.0,806.08,1.02
454700.0,805.44,0.97
454800.0,804.82,0.92
454900.0,804.18,0.87
455000.0,803.6,0.82
455100.0,803.12,0.77
455200.0,802.64,0.72
455400.0,802.02,0.67
455500.0,801.53,0.62
455600.0,801.21,0.57
455700.0,801.01,0.52
455800.0,800.88,0.48
455900.0,800.68,0.44
456000.0,800.51,0.4
456100.0,800.45,0.36
456300.0,800.2,0.32
456400.0,800.2,0.28
456500.0,800.36,0.24
456600.0,800.37,0.21
456700.0,800.15,0.18
456800.0,799.55,0.15
456900.0,798.79,0.12
457000.0,797.9,0.09
457200.0,797.21,0.07
457300.0,796.78,0.05
457400.0,796.43,0.03
457500.0,796.26,0.01
457600.0,796.32,0.0
