system_time,timestamp,lat,lon,speed,bearing
1900,1508975978553.0,43.01578919281751,-78.81844061489713,1.1992029,0.0
2000,,,,,
2100,1508975978753.0,43.015805135916175,-78.81845222696774,0.91477984,0.0
2200,,,,,
2300,,,,,
2400,,,,,
2500,,,,,
2600,,,,,
2700,,,,,
2800,,,,,
2900,,,,,
3000,1508975979753.0,43.015800349645545,-78.81859722511341,0.87948793,0.0
3100,,,,,
3200,,,,,
3300,,,,,
3400,,,,,
3500,,,,,
3600,,,,,
3700,,,,,
3800,,,,,
3900,,,,,
4000,1508975981000.0,43.01581130090918,-78.81852195640059,0.36646873,0.0
4100,,,,,
4200,,,,,
4300,,,,,
4400,,,,,
4500,,,,,
4600,,,,,
4700,,,,,
4800,,,,,
4900,,,,,
5000,,,,,
5100,,,,,
5200,,,,,
5300,1508975982000.0,43.015798148461506,-78.81849538712169,0.54844904,0.0
5400,,,,,
5500,,,,,
5600,,,,,
5700,,,,,
5800,,,,,
5900,,,,,
6000,,,,,
6100,,,,,
6200,,,,,
6300,1508975983000.0,43.01586950559943,-78.81855742083701,1.7706816000000003,330.53174
6400,,,,,
6500,,,,,
6600,,,,,
6700,,,,,
6800,,,,,
6900,,,,,
7000,,,,,
7100,,,,,
7200,,,,,
7300,1508975984000.0,43.01588895913085,-78.81856609251946,1.8948045,313.97153
7400,,,,,
7500,,,,,
7600,,,,,
7700,,,,,
7800,,,,,
7900,,,,,
8000,,,,,
8100,,,,,
8200,,,,,
8300,1508975985000.0,43.015911805546104,-78.81858188116428,2.0374715,318.86685
8400,,,,,
8500,,,,,
8600,,,,,
8700,,,,,
8800,,,,,
8900,,,,,
9000,,,,,
9100,,,,,
9200,,,,,
9300,1508975986000.0,43.01592608343791,-78.81859270964256,1.4664332,326.54504
9400,,,,,
9500,,,,,
9600,,,,,
9700,,,,,
9800,,,,,
9900,,,,,
10000,,,,,
10100,,,,,
10200,,,,,
10300,1508975987000.0,43.015935704205674,-78.81860305715429,1.837502,347.3409
10400,,,,,
10500,,,,,
10600,,,,,
10700,,,,,
10800,,,,,
10900,,,,,
11000,,,,,
11100,,,,,
11200,,,,,
11300,1508975988000.0,43.01590961566159,-78.81858699358729,1.0530814,1.1101553
11400,,,,,
11500,,,,,
11600,,,,,
11700,,,,,
11800,,,,,
11900,,,,,
12000,,,,,
12100,,,,,
12200,,,,,
12300,1508975989000.0,43.0158680121593,-78.81855634883078,0.82609284,28.313908
12400,,,,,
12500,,,,,
12600,,,,,
12700,,,,,
12800,,,,,
12900,,,,,
13000,,,,,
13100,,,,,
13200,,,,,
13300,1508975990000.0,43.01584693804465,-78.81853120196428,0.4805807,51.373444
13400,,,,,
13500,,,,,
13600,,,,,
13700,,,,,
13800,,,,,
13900,,,,,
14000,,,,,
14100,,,,,
14200,,,,,
14300,1508975991000.0,43.0158401528205,-78.8185139792388,0.81663185,88.69526
14400,,,,,
14500,,,,,
14600,,,,,
14700,,,,,
14800,,,,,
14900,,,,,
15000,,,,,
15100,,,,,
15200,,,,,
15300,1508975992000.0,43.01583859029273,-78.81849939736006,0.7605255999999999,98.03991
15400,,,,,
15500,,,,,
15600,,,,,
15700,,,,,
15800,,,,,
15900,,,,,
16000,,,,,
16100,,,,,
16200,,,,,
16300,1508975993000.0,43.01582960660574,-78.81848113871861,0.6659644,71.4865
16400,,,,,
16500,,,,,
16600,,,,,
16700,,,,,
16800,,,,,
16900,,,,,
17000,,,,,
17100,1508975992283.0,43.0156502,-78.81889670000002,0.0,0.0
17200,,,,,
17300,1508975994000.0,43.015819201919136,-78.81847117436033,0.24508326,73.54425
17400,,,,,
17500,,,,,
17600,,,,,
17700,,,,,
17800,,,,,
17900,,,,,
18000,,,,,
18100,,,,,
18200,,,,,
18300,,,,,
18400,,,,,
18500,,,,,
18600,,,,,
18700,,,,,
18800,,,,,
18900,,,,,
19000,,,,,
19100,,,,,
19200,,,,,
19300,1508975996000.0,43.01580152004826,-78.8184779895986,1.8970431,211.93765
19400,,,,,
19500,,,,,
19600,,,,,
19700,,,,,
19800,,,,,
19900,,,,,
20000,,,,,
20100,,,,,
20200,,,,,
20300,1508975997000.0,43.01577451726354,-78.8184905268743,3.5669824999999995,194.82535
20400,,,,,
20500,,,,,
20600,,,,,
20700,,,,,
20800,,,,,
20900,,,,,
21000,,,,,
21100,,,,,
21200,,,,,
21300,1508975998000.0,43.01572797578327,-78.81850052733516,5.5429907,187.28581
21400,,,,,
21500,,,,,
21600,,,,,
21700,,,,,
21800,,,,,
21900,,,,,
22000,,,,,
22100,,,,,
22200,,,,,
22300,1508975999000.0,43.01566324090252,-78.8185066205717,7.1763697,183.82008
22400,,,,,
22500,,,,,
22600,,,,,
22700,,,,,
22800,,,,,
22900,,,,,
23000,,,,,
23100,,,,,
23200,,,,,
23300,1508976000000.0,43.015583906468,-78.81851031711588,8.673741,181.96147
23400,,,,,
23500,,,,,
23600,,,,,
23700,,,,,
23800,,,,,
23900,,,,,
24000,,,,,
24100,,,,,
24200,,,,,
24300,1508976001000.0,43.01548871987526,-78.81851613408413,9.878492,180.96939
24400,,,,,
24500,,,,,
24600,,,,,
24700,,,,,
24800,,,,,
24900,,,,,
25000,,,,,
25100,,,,,
25200,,,,,
25300,1508976002000.0,43.01538801248904,-78.81851723289894,10.872686,179.16171
25400,,,,,
25500,,,,,
25600,,,,,
25700,,,,,
25800,,,,,
25900,,,,,
26000,,,,,
26100,,,,,
26200,,,,,
26300,1508976003000.0,43.015282229792014,-78.81851898675725,11.620592,180.68059
26400,,,,,
26500,,,,,
26600,,,,,
26700,,,,,
26800,,,,,
26900,,,,,
27000,,,,,
27100,,,,,
27200,,,,,
27300,1508976004000.0,43.01516911354877,-78.8185210342617,12.17101,181.64183
27400,,,,,
27500,,,,,
27600,,,,,
27700,,,,,
27800,,,,,
27900,,,,,
28000,,,,,
28100,,,,,
28200,,,,,
28300,1508976005000.0,43.01505580033306,-78.818524913954,12.221735,181.73358
28400,,,,,
28500,,,,,
28600,,,,,
28700,,,,,
28800,,,,,
28900,,,,,
29000,,,,,
29100,,,,,
29200,,,,,
29300,1508976006000.0,43.01494160110265,-78.81853095943144,12.627892999999998,182.38663
29400,,,,,
29500,,,,,
29600,,,,,
29700,,,,,
29800,,,,,
29900,,,,,
30000,,,,,
30100,,,,,
30200,,,,,
30300,1508976007000.0,43.01482694596674,-78.81853604526816,12.731836,181.78305
30400,,,,,
30500,,,,,
30600,,,,,
30700,,,,,
30800,,,,,
30900,,,,,
31000,,,,,
31100,,,,,
31200,,,,,
31300,1508976008000.0,43.01471096406967,-78.81853849635642,13.0347185,181.35616
31400,,,,,
31500,,,,,
31600,,,,,
31700,,,,,
31800,,,,,
31900,,,,,
32000,,,,,
32100,,,,,
32200,,,,,
32300,1508976009000.0,43.01459152088126,-78.81853913887609,13.644424,181.0902
32400,,,,,
32500,,,,,
32600,,,,,
32700,,,,,
32800,,,,,
32900,,,,,
33000,,,,,
33100,,,,,
33200,,,,,
33300,1508976010000.0,43.01446846071085,-78.81854079892919,13.8529215,180.83754
33400,,,,,
33500,,,,,
33600,,,,,
33700,,,,,
33800,,,,,
33900,,,,,
34000,,,,,
34100,,,,,
34200,,,,,
34300,1508976011000.0,43.01434526133048,-78.81853988561338,13.882069,180.53984
34400,,,,,
34500,,,,,
34600,,,,,
34700,,,,,
34800,,,,,
34900,,,,,
35000,,,,,
35100,,,,,
35200,,,,,
35300,1508976012000.0,43.014221813952304,-78.81853929685019,13.874476,180.5988
35400,,,,,
35500,,,,,
35600,,,,,
35700,,,,,
35800,,,,,
35900,,,,,
36000,,,,,
36100,,,,,
36200,,,,,
36300,1508976013000.0,43.01409678145091,-78.81853980014209,14.088028,181.27219
36400,,,,,
36500,1508976003099.0,43.0151164,-78.8188082,0.0,0.0
36600,,,,,
36700,,,,,
36800,,,,,
36900,,,,,
37000,,,,,
37100,,,,,
37200,,,,,
37300,1508976014000.0,43.013970371018495,-78.81854163236899,14.258095,180.9511
37400,,,,,
37500,,,,,
37600,,,,,
37700,,,,,
37800,,,,,
37900,,,,,
38000,,,,,
38100,,,,,
38200,,,,,
38300,1508976015000.0,43.01384140008878,-78.81854496461584,14.530342999999998,181.20512
38400,,,,,
38500,,,,,
38600,,,,,
38700,,,,,
38800,,,,,
38900,,,,,
39000,,,,,
39100,,,,,
39200,,,,,
39300,1508976016000.0,43.01371214278098,-78.81854875756498,14.681415,181.27037
39400,,,,,
39500,,,,,
39600,,,,,
39700,,,,,
39800,,,,,
39900,,,,,
40000,,,,,
40100,,,,,
40200,,,,,
40300,1508976017000.0,43.01358171653615,-78.81855227739283,14.49436,180.91821
40400,,,,,
40500,,,,,
40600,,,,,
40700,,,,,
40800,,,,,
40900,,,,,
41000,,,,,
41100,,,,,
41200,,,,,
41300,1508976018000.0,43.013455679137756,-78.81855334433166,13.703665,179.91505
41400,,,,,
41500,,,,,
41600,,,,,
41700,,,,,
41800,,,,,
41900,,,,,
42000,,,,,
42100,,,,,
42200,,,,,
42300,1508976019000.0,43.01333262238532,-78.81855670471012,13.707124,181.31627
42400,,,,,
42500,,,,,
42600,,,,,
42700,,,,,
42800,,,,,
42900,,,,,
43000,,,,,
43100,,,,,
43200,,,,,
43300,1508976020000.0,43.013213402114964,-78.81855899141841,12.928355,180.18977
43400,,,,,
43500,,,,,
43600,,,,,
43700,,,,,
43800,,,,,
43900,,,,,
44000,,,,,
44100,,,,,
44200,,,,,
44300,1508976021000.0,43.01309945313142,-78.81856212600796,12.653252,180.89307
44400,,,,,
44500,,,,,
44600,,,,,
44700,,,,,
44800,,,,,
44900,,,,,
45000,,,,,
45100,,,,,
45200,,,,,
45300,1508976022000.0,43.01298847065724,-78.81856662899426,12.130245,181.70811
45400,,,,,
45500,,,,,
45600,,,,,
45700,,,,,
45800,,,,,
45900,,,,,
46000,,,,,
46100,,,,,
46200,,,,,
46300,1508976023000.0,43.01288389083415,-78.81856874674216,11.266802,180.46779
46400,,,,,
46500,,,,,
46600,,,,,
46700,,,,,
46800,,,,,
46900,,,,,
47000,,,,,
47100,,,,,
47200,,,,,
47300,1508976024000.0,43.01278877394285,-78.81856807568977,10.118414,179.48166
47400,,,,,
47500,,,,,
47600,,,,,
47700,,,,,
47800,,,,,
47900,,,,,
48000,,,,,
48100,,,,,
48200,,,,,
48300,1508976025000.0,43.012704098208616,-78.81856892068318,9.128201,180.49908
48400,,,,,
48500,,,,,
48600,,,,,
48700,,,,,
48800,,,,,
48900,,,,,
49000,,,,,
49100,,,,,
49200,,,,,
49300,1508976026000.0,43.01263027569839,-78.81857255600835,7.7977,182.23477
49400,,,,,
49500,,,,,
49600,,,,,
49700,,,,,
49800,,,,,
49900,,,,,
50000,,,,,
50100,,,,,
50200,,,,,
50300,1508976027000.0,43.012572160087615,-78.81857495315718,5.9917292999999985,180.38116
50400,,,,,
50500,,,,,
50600,,,,,
50700,,,,,
50800,,,,,
50900,,,,,
51000,,,,,
51100,,,,,
51200,,,,,
51300,1508976028000.0,43.012532564891615,-78.81857533616812,3.856064,177.49283
51400,,,,,
51500,,,,,
51600,,,,,
51700,,,,,
51800,,,,,
51900,,,,,
52000,,,,,
52100,,,,,
52200,,,,,
52300,1508976029000.0,43.01250885465321,-78.81857893772965,2.4091334,183.23691
52400,,,,,
52500,,,,,
52600,,,,,
52700,,,,,
52800,,,,,
52900,,,,,
53000,,,,,
53100,,,,,
53200,,,,,
53300,1508976030000.0,43.012491525109795,-78.8185849920981,2.0312479,187.91394
53400,,,,,
53500,,,,,
53600,,,,,
53700,,,,,
53800,,,,,
53900,,,,,
54000,,,,,
54100,,,,,
54200,,,,,
54300,1508976031000.0,43.01247617325046,-78.81858742135013,2.2097807,174.36702
54400,,,,,
54500,,,,,
54600,,,,,
54700,,,,,
54800,,,,,
54900,,,,,
55000,,,,,
55100,,,,,
55200,,,,,
55300,1508976032000.0,43.01245539192847,-78.81856440111967,4.1666837,128.19066
55400,,,,,
55500,,,,,
55600,,,,,
55700,,,,,
55800,,,,,
55900,,,,,
56000,,,,,
56100,,,,,
56200,,,,,
56300,1508976033000.0,43.012439090689014,-78.81851307378557,4.941847,108.35662
56400,,,,,
56500,,,,,
56600,,,,,
56700,,,,,
56800,,,,,
56900,,,,,
57000,1508976032417.0,43.0127612,-78.8190737,0.0,0.0
57100,,,,,
57200,,,,,
57300,1508976034000.0,43.01243132704329,-78.81844033892122,6.430643,94.864365
57400,,,,,
57500,,,,,
57600,,,,,
57700,,,,,
57800,,,,,
57900,,,,,
58000,,,,,
58100,,,,,
58200,,,,,
58300,1508976035000.0,43.01243184643757,-78.81834145436058,8.866714,87.93422
58400,,,,,
58500,,,,,
58600,,,,,
58700,,,,,
58800,,,,,
58900,,,,,
59000,,,,,
59100,,,,,
59200,,,,,
59300,1508976036000.0,43.012434107384394,-78.81821448783332,10.6481285,86.82744
59400,,,,,
59500,,,,,
59600,,,,,
59700,,,,,
59800,,,,,
59900,,,,,
60000,,,,,
60100,,,,,
60200,,,,,
60300,1508976037000.0,43.01243840285628,-78.81806559389027,12.329667,87.17750500000002
60400,,,,,
60500,,,,,
60600,,,,,
60700,,,,,
60800,,,,,
60900,,,,,
61000,,,,,
61100,,,,,
61200,,,,,
61300,1508976038000.0,43.01244053204,-78.81789643161001,13.544204999999998,88.83818000000002
61400,,,,,
61500,,,,,
61600,,,,,
61700,,,,,
61800,,,,,
61900,,,,,
62000,,,,,
62100,,,,,
62200,,,,,
62300,1508976039000.0,43.01243823320417,-78.81772233322133,13.7605915,90.29851
62400,,,,,
62500,,,,,
62600,,,,,
62700,,,,,
62800,,,,,
62900,,,,,
63000,,,,,
63100,,,,,
63200,,,,,
63300,1508976040000.0,43.012436805775344,-78.81755092913492,13.314712,87.94765500000003
63400,,,,,
63500,,,,,
63600,,,,,
63700,,,,,
63800,,,,,
63900,,,,,
64000,,,,,
64100,,,,,
64200,,,,,
64300,1508976041000.0,43.012436954892394,-78.81739609798618,11.096571,87.85307
64400,,,,,
64500,,,,,
64600,,,,,
64700,,,,,
64800,,,,,
64900,,,,,
65000,,,,,
65100,,,,,
65200,,,,,
65300,1508976042000.0,43.01243523913955,-78.81726732165995,8.855592999999997,88.88235
65400,,,,,
65500,,,,,
65600,,,,,
65700,,,,,
65800,,,,,
65900,,,,,
66000,,,,,
66100,,,,,
66200,,,,,
66300,1508976043000.0,43.01242581203064,-78.81717113412012,6.975296000000001,102.74957
66400,,,,,
66500,,,,,
66600,,,,,
66700,,,,,
66800,,,,,
66900,,,,,
67000,,,,,
67100,,,,,
67200,,,,,
67300,1508976044000.0,43.01239737849106,-78.81709365047749,6.0012813,126.476974
67400,,,,,
67500,,,,,
67600,,,,,
67700,,,,,
67800,,,,,
67900,,,,,
68000,,,,,
68100,,,,,
68200,,,,,
68300,1508976045000.0,43.01235570530297,-78.81704519376882,5.7545943,150.81387
68400,,,,,
68500,,,,,
68600,,,,,
68700,,,,,
68800,,,,,
68900,,,,,
69000,,,,,
69100,,,,,
69200,,,,,
69300,1508976046000.0,43.01229923716689,-78.81702742567799,6.399684400000001,179.18289
69400,,,,,
69500,,,,,
69600,,,,,
69700,,,,,
69800,,,,,
69900,,,,,
70000,,,,,
70100,,,,,
70200,,,,,
70300,1508976047000.0,43.01222956862851,-78.8170318014189,7.524319999999999,182.12267
70400,,,,,
70500,,,,,
70600,,,,,
70700,,,,,
70800,,,,,
70900,,,,,
71000,,,,,
71100,,,,,
71200,,,,,
71300,1508976048000.0,43.01215167402376,-78.81703420775659,8.449644000000001,180.0063
71400,,,,,
71500,,,,,
71600,,,,,
71700,,,,,
71800,,,,,
71900,,,,,
72000,,,,,
72100,,,,,
72200,,,,,
72300,1508976049000.0,43.012065570054624,-78.81703457355214,9.55711,177.42047
72400,,,,,
72500,,,,,
72600,,,,,
72700,,,,,
72800,,,,,
72900,,,,,
73000,,,,,
73100,,,,,
73200,,,,,
73300,1508976050000.0,43.011971746084136,-78.81703426000179,10.263757,178.95798
73400,,,,,
73500,,,,,
73600,,,,,
73700,,,,,
73800,,,,,
73900,,,,,
74000,,,,,
74100,,,,,
74200,,,,,
74300,1508976051000.0,43.01186790818907,-78.8170305323216,11.441973,176.62201000000005
74400,,,,,
74500,,,,,
74600,,,,,
74700,,,,,
74800,,,,,
74900,,,,,
75000,,,,,
75100,,,,,
75200,,,,,
75300,1508976052000.0,43.01175191672201,-78.81702753264611,12.938741,178.15837
75400,,,,,
75500,,,,,
75600,,,,,
75700,,,,,
75800,,,,,
75900,,,,,
76000,,,,,
76100,,,,,
76200,,,,,
76300,1508976053000.0,43.011626512324035,-78.81703233125906,14.004643,183.6287
76400,,,,,
76500,,,,,
76600,,,,,
76700,,,,,
76800,,,,,
76900,,,,,
77000,,,,,
77100,,,,,
77200,,,,,
77300,1508976054000.0,43.0114953258564,-78.81702808811399,14.390820499999998,175.52382
77400,,,,,
77500,,,,,
77600,,,,,
77700,,,,,
77800,,,,,
77900,,,,,
78000,,,,,
78100,,,,,
78200,,,,,
78300,1508976055000.0,43.01136042324865,-78.8170010876818,15.092977,169.6962
78400,,,,,
78500,,,,,
78600,,,,,
78700,,,,,
78800,,,,,
78900,,,,,
79000,,,,,
79100,,,,,
79200,,,,,
79300,1508976056000.0,43.01122210004542,-78.81696027556288,15.649029,167.89113999999995
79400,,,,,
79500,,,,,
79600,,,,,
79700,,,,,
79800,,,,,
79900,,,,,
80000,,,,,
80100,,,,,
80200,,,,,
80300,1508976057000.0,43.011081928584396,-78.81691834268662,15.736093,168.29373
80400,,,,,
80500,,,,,
80600,,,,,
80700,,,,,
80800,,,,,
80900,,,,,
81000,,,,,
81100,,,,,
81200,,,,,
81300,1508976058000.0,43.01094267629034,-78.81688524400589,15.691977,170.31049
81400,,,,,
81500,,,,,
81600,,,,,
81700,,,,,
81800,,,,,
81900,,,,,
82000,,,,,
82100,,,,,
82200,,,,,
82300,1508976059000.0,43.01080300037128,-78.81685594366886,15.734284,171.21756000000005
82400,,,,,
82500,,,,,
82600,,,,,
82700,,,,,
82800,,,,,
82900,,,,,
83000,,,,,
83100,,,,,
83200,,,,,
83300,1508976060000.0,43.010662423041715,-78.81683463162722,15.923095000000002,173.17746
83400,,,,,
83500,,,,,
83600,,,,,
83700,,,,,
83800,,,,,
83900,,,,,
84000,,,,,
84100,,,,,
84200,,,,,
84300,1508976061000.0,43.010520602375394,-78.81681676825849,16.010220999999998,174.59702
84400,,,,,
84500,,,,,
84600,,,,,
84700,,,,,
84800,,,,,
84900,,,,,
85000,,,,,
85100,,,,,
85200,,,,,
85300,1508976062000.0,43.010378100085276,-78.81680718386994,15.996754,176.55759
85400,,,,,
85500,,,,,
85600,,,,,
85700,,,,,
85800,,,,,
85900,,,,,
86000,,,,,
86100,,,,,
86200,,,,,
86300,1508976063000.0,43.010235495185746,-78.81680101736465,16.041218,176.50513
86400,,,,,
86500,,,,,
86600,,,,,
86700,,,,,
86800,,,,,
86900,,,,,
87000,,,,,
87100,,,,,
87200,,,,,
87300,1508976064000.0,43.01009343691635,-78.81679134076337,16.078073999999994,174.4104
87400,,,,,
87500,,,,,
87600,,,,,
87700,,,,,
87800,,,,,
87900,,,,,
88000,,,,,
88100,,,,,
88200,,,,,
88300,1508976065000.0,43.0099518763129,-78.81677291639006,15.943199,172.08463999999995
88400,,,,,
88500,,,,,
88600,,,,,
88700,,,,,
88800,,,,,
88900,,,,,
89000,,,,,
89100,,,,,
89200,,,,,
89300,1508976066000.0,43.00981249526495,-78.81674656704256,15.752312,168.81116
89400,,,,,
89500,,,,,
89600,,,,,
89700,,,,,
89800,,,,,
89900,,,,,
90000,,,,,
90100,,,,,
90200,,,,,
90300,1508976067000.0,43.00967634920462,-78.81670895257955,15.574375,165.21497
90400,,,,,
90500,,,,,
90600,,,,,
90700,,,,,
90800,,,,,
90900,,,,,
91000,,,,,
91100,,,,,
91200,,,,,
91300,1508976068000.0,43.009543381230976,-78.8166606095788,15.513341,161.62949
91400,,,,,
91500,,,,,
91600,,,,,
91700,,,,,
91800,,,,,
91900,,,,,
92000,,,,,
92100,,,,,
92200,,,,,
92300,1508976069000.0,43.009411263395826,-78.81660447965443,15.73421,161.4152
92400,,,,,
92500,,,,,
92600,,,,,
92700,,,,,
92800,,,,,
92900,,,,,
93000,,,,,
93100,,,,,
93200,,,,,
93300,1508976070000.0,43.009277402035025,-78.81654167012867,15.872258,159.80875
93400,,,,,
93500,,,,,
93600,,,,,
93700,,,,,
93800,,,,,
93900,,,,,
94000,,,,,
94100,,,,,
94200,,,,,
94300,1508976071000.0,43.00914253862668,-78.8164748959512,16.008465,160.04701
94400,,,,,
94500,,,,,
94600,,,,,
94700,,,,,
94800,,,,,
94900,,,,,
95000,,,,,
95100,,,,,
95200,,,,,
95300,1508976072000.0,43.009006468785756,-78.81640811036162,16.091486,160.30077
95400,,,,,
95500,,,,,
95600,,,,,
95700,,,,,
95800,,,,,
95900,,,,,
96000,,,,,
96100,,,,,
96200,,,,,
96300,1508976073000.0,43.008869904860255,-78.81634061989503,16.119116,159.92255
96400,,,,,
96500,,,,,
96600,,,,,
96700,,,,,
96800,,,,,
96900,,,,,
97000,,,,,
97100,,,,,
97200,,,,,
97300,1508976074000.0,43.008732217044326,-78.81627354531898,16.194073,160.83507
97400,,,,,
97500,,,,,
97600,,,,,
97700,,,,,
97800,,,,,
97900,,,,,
98000,,,,,
98100,,,,,
98200,,,,,
98300,1508976075000.0,43.008596724272,-78.81621000305383,15.634628,161.3482
98400,,,,,
98500,,,,,
98600,,,,,
98700,,,,,
98800,,,,,
98900,,,,,
99000,,,,,
99100,,,,,
99200,,,,,
99300,1508976076000.0,43.00846347500492,-78.81614791867572,15.6684,161.07446000000004
99400,,,,,
99500,,,,,
99600,,,,,
99700,,,,,
99800,,,,,
99900,,,,,
100000,,,,,
100100,,,,,
100200,,,,,
100300,1508976077000.0,43.008330435222035,-78.81608644793084,15.679245000000002,161.10057
100400,,,,,
100500,,,,,
100600,,,,,
100700,,,,,
100800,,,,,
100900,,,,,
101000,,,,,
101100,,,,,
101200,,,,,
101300,1508976078000.0,43.00819272831541,-78.81602710056838,16.009439999999998,161.56243999999995
101400,,,,,
101500,,,,,
101600,,,,,
101700,,,,,
101800,,,,,
101900,,,,,
102000,,,,,
102100,,,,,
102200,,,,,
102300,1508976079000.0,43.008054774984856,-78.81596315755834,16.421799,160.54799
102400,,,,,
102500,,,,,
102600,,,,,
102700,,,,,
102800,,,,,
102900,,,,,
103000,,,,,
103100,,,,,
103200,,,,,
103300,1508976080000.0,43.007915000830316,-78.81589852713853,16.328564,160.81061
103400,,,,,
103500,,,,,
103600,,,,,
103700,,,,,
103800,,,,,
103900,,,,,
104000,,,,,
104100,,,,,
104200,,,,,
104300,1508976081000.0,43.007780053933665,-78.81583507689164,15.820502,160.46258999999995
104400,,,,,
104500,,,,,
104600,,,,,
104700,,,,,
104800,,,,,
104900,,,,,
105000,,,,,
105100,,,,,
105200,,,,,
105300,1508976082000.0,43.00764631327372,-78.81577292861634,15.836832,161.11737
105400,,,,,
105500,,,,,
105600,,,,,
105700,,,,,
105800,,,,,
105900,,,,,
106000,,,,,
106100,,,,,
106200,,,,,
106300,1508976083000.0,43.00751268108015,-78.81571077949701,15.990865,160.70006999999995
106400,,,,,
106500,,,,,
106600,,,,,
106700,,,,,
106800,,,,,
106900,,,,,
107000,,,,,
107100,,,,,
107200,,,,,
107300,1508976084000.0,43.0073771902605,-78.81564995870842,15.927142000000002,161.36302
107400,,,,,
107500,,,,,
107600,,,,,
107700,,,,,
107800,,,,,
107900,,,,,
108000,,,,,
108100,,,,,
108200,,,,,
108300,1508976085000.0,43.007240309321546,-78.81558853329739,16.11159,161.26215
108400,,,,,
108500,,,,,
108600,,,,,
108700,,,,,
108800,,,,,
108900,,,,,
109000,,,,,
109100,,,,,
109200,,,,,
109300,1508976086000.0,43.00710447351715,-78.81552309173881,15.989888,160.21886
109400,,,,,
109500,,,,,
109600,,,,,
109700,,,,,
109800,,,,,
109900,,,,,
110000,,,,,
110100,,,,,
110200,,,,,
110300,1508976087000.0,43.0069692076986,-78.81545411916673,16.214022,158.96492
110400,,,,,
110500,,,,,
110600,,,,,
110700,,,,,
110800,,,,,
110900,,,,,
111000,,,,,
111100,,,,,
111200,,,,,
111300,1508976088000.0,43.00683312262292,-78.81537250152684,16.74645,154.93181
111400,,,,,
111500,,,,,
111600,,,,,
111700,,,,,
111800,,,,,
111900,,,,,
112000,,,,,
112100,,,,,
112200,,,,,
112300,1508976089000.0,43.006698575901105,-78.81529049069779,15.756982999999998,156.58344
112400,,,,,
112500,,,,,
112600,,,,,
112700,,,,,
112800,,,,,
112900,,,,,
113000,,,,,
113100,,,,,
113200,,,,,
113300,1508976090000.0,43.00656977189131,-78.81520018509654,16.185192,149.92571999999996
113400,,,,,
113500,,,,,
113600,,,,,
113700,,,,,
113800,,,,,
113900,,,,,
114000,,,,,
114100,,,,,
114200,,,,,
114300,1508976091000.0,43.00645009523932,-78.81508925499462,16.067942000000002,143.03725
114400,,,,,
114500,,,,,
114600,,,,,
114700,,,,,
114800,,,,,
114900,,,,,
115000,,,,,
115100,,,,,
115200,,,,,
115300,1508976092000.0,43.0063388449111,-78.81496118203634,16.421625,137.93068
115400,,,,,
115500,,,,,
115600,,,,,
115700,,,,,
115800,,,,,
115900,,,,,
116000,,,,,
116100,,,,,
116200,,,,,
116300,1508976093000.0,43.006231815884,-78.8148171181298,16.689651,134.45102
116400,,,,,
116500,,,,,
116600,,,,,
116700,,,,,
116800,,,,,
116900,,,,,
117000,,,,,
117100,,,,,
117200,,,,,
117300,1508976094000.0,43.00613018668896,-78.81466551878546,16.621387,132.98816000000002
117400,,,,,
117500,,,,,
117600,,,,,
117700,,,,,
117800,,,,,
117900,,,,,
118000,,,,,
118100,,,,,
118200,,,,,
118300,1508976095000.0,43.006030196456564,-78.81451515983275,16.217682,133.28384
118400,,,,,
118500,,,,,
118600,,,,,
118700,,,,,
118800,,,,,
118900,,,,,
119000,,,,,
119100,,,,,
119200,,,,,
119300,1508976096000.0,43.00592989632744,-78.81437013612596,15.966228,134.15683
119400,,,,,
119500,,,,,
119600,,,,,
119700,,,,,
119800,,,,,
119900,,,,,
120000,,,,,
120100,,,,,
120200,,,,,
120300,1508976097000.0,43.005830357564925,-78.81422977999587,15.678684,135.08725
120400,,,,,
120500,,,,,
120600,,,,,
120700,,,,,
120800,,,,,
120900,,,,,
121000,,,,,
121100,,,,,
121200,,,,,
121300,1508976098000.0,43.005733413762854,-78.81409099051447,15.590891,133.67094
121400,,,,,
121500,,,,,
121600,,,,,
121700,,,,,
121800,,,,,
121900,,,,,
122000,,,,,
122100,,,,,
122200,,,,,
122300,1508976099000.0,43.00563572963596,-78.81395604312509,15.39585,136.12566
122400,,,,,
122500,,,,,
122600,,,,,
122700,,,,,
122800,,,,,
122900,,,,,
123000,,,,,
123100,,,,,
123200,,,,,
123300,1508976100000.0,43.00553588279157,-78.8138242240623,15.5111685,135.94856
123400,,,,,
123500,,,,,
123600,,,,,
123700,,,,,
123800,,,,,
123900,,,,,
124000,,,,,
124100,,,,,
124200,,,,,
124300,1508976101000.0,43.0054349720326,-78.8136935638571,15.5055,136.68367
124400,,,,,
124500,,,,,
124600,,,,,
124700,,,,,
124800,,,,,
124900,,,,,
125000,,,,,
125100,,,,,
125200,,,,,
125300,1508976102000.0,43.0053338897934,-78.81356296793295,15.517661,136.45573000000002
125400,,,,,
125500,,,,,
125600,,,,,
125700,,,,,
125800,,,,,
125900,,,,,
126000,,,,,
126100,,,,,
126200,,,,,
126300,1508976103000.0,43.00523232107332,-78.8134334579947,15.43019,137.13072
126400,,,,,
126500,,,,,
126600,,,,,
126700,,,,,
126800,,,,,
126900,,,,,
127000,,,,,
127100,,,,,
127200,,,,,
127300,1508976104000.0,43.0051332335274,-78.81330535139298,15.262684,135.83238
127400,,,,,
127500,,,,,
127600,,,,,
127700,,,,,
127800,,,,,
127900,,,,,
128000,,,,,
128100,,,,,
128200,,,,,
128300,1508976105000.0,43.00503696954754,-78.81317495429418,15.193259,133.30838
128400,,,,,
128500,,,,,
128600,,,,,
128700,,,,,
128800,,,,,
128900,,,,,
129000,,,,,
129100,,,,,
129200,,,,,
129300,1508976106000.0,43.00494430138885,-78.8130378733647,15.233842,130.5197
129400,,,,,
129500,,,,,
129600,,,,,
129700,,,,,
129800,,,,,
129900,,,,,
130000,,,,,
130100,,,,,
130200,,,,,
130300,1508976107000.0,43.004860913701,-78.81289192115578,15.028145,124.270996
130400,,,,,
130500,,,,,
130600,,,,,
130700,,,,,
130800,,,,,
130900,,,,,
131000,,,,,
131100,,,,,
131200,,,,,
131300,1508976108000.0,43.00478756747215,-78.8127353466418,15.046116,119.847404
131400,,,,,
131500,,,,,
131600,,,,,
131700,,,,,
131800,,,,,
131900,,,,,
132000,,,,,
132100,,,,,
132200,,,,,
132300,1508976109000.0,43.00472409296261,-78.81256936470058,15.374968,115.15293
132400,,,,,
132500,,,,,
132600,,,,,
132700,,,,,
132800,,,,,
132900,,,,,
133000,,,,,
133100,,,,,
133200,,,,,
133300,1508976110000.0,43.00467042957153,-78.81239537168895,15.287596,110.68353
133400,,,,,
133500,,,,,
133600,,,,,
133700,,,,,
133800,,,,,
133900,,,,,
134000,,,,,
134100,,,,,
134200,,,,,
134300,1508976111000.0,43.00462721925494,-78.81221577871472,15.18988,106.68709
134400,,,,,
134500,,,,,
134600,,,,,
134700,,,,,
134800,,,,,
134900,,,,,
135000,,,,,
135100,,,,,
135200,,,,,
135300,1508976112000.0,43.00459350660117,-78.81203316775574,15.204723,102.72944
135400,,,,,
135500,,,,,
135600,,,,,
135700,,,,,
135800,,,,,
135900,,,,,
136000,,,,,
136100,,,,,
136200,,,,,
136300,1508976113000.0,43.00456820613696,-78.81184790802762,15.217922,98.71369
136400,,,,,
136500,,,,,
136600,,,,,
136700,,,,,
136800,,,,,
136900,,,,,
137000,,,,,
137100,,,,,
137200,,,,,
137300,1508976114000.0,43.00455191553972,-78.81165944320095,15.507935,94.87348
137400,,,,,
137500,,,,,
137600,,,,,
137700,,,,,
137800,,,,,
137900,,,,,
138000,,,,,
138100,,,,,
138200,,,,,
138300,1508976115000.0,43.00454345211096,-78.81146811239434,15.640633,91.640594
138400,,,,,
138500,,,,,
138600,,,,,
138700,,,,,
138800,,,,,
138900,,,,,
139000,,,,,
139100,,,,,
139200,,,,,
139300,1508976116000.0,43.00454264674189,-78.81127427818039,15.519155,89.9596
139400,,,,,
139500,,,,,
139600,,,,,
139700,,,,,
139800,,,,,
139900,,,,,
140000,,,,,
140100,,,,,
140200,,,,,
140300,1508976117000.0,43.00454778244837,-78.81107985441797,15.566852,87.79326
140400,,,,,
140500,,,,,
140600,,,,,
140700,,,,,
140800,,,,,
140900,,,,,
141000,,,,,
141100,,,,,
141200,,,,,
141300,1508976118000.0,43.004556190818434,-78.81089027928698,15.158265,87.03437
141400,,,,,
141500,,,,,
141600,,,,,
141700,,,,,
141800,,,,,
141900,,,,,
142000,,,,,
142100,,,,,
142200,,,,,
142300,1508976119000.0,43.00456364916575,-78.81070008053639,15.420059,87.61277
142400,,,,,
142500,,,,,
142600,,,,,
142700,,,,,
142800,,,,,
142900,,,,,
143000,,,,,
143100,,,,,
143200,,,,,
143300,1508976120000.0,43.00457015819296,-78.81050480648923,15.819757,87.48835
143400,,,,,
143500,,,,,
143600,,,,,
143700,,,,,
143800,,,,,
143900,,,,,
144000,,,,,
144100,,,,,
144200,,,,,
144300,1508976121000.0,43.00457474217365,-78.81030665177543,16.002642,89.06749
144400,,,,,
144500,,,,,
144600,,,,,
144700,,,,,
144800,,,,,
144900,,,,,
145000,,,,,
145100,,,,,
145200,,,,,
145300,1508976122000.0,43.00457654779753,-78.81010580031449,16.398176,89.00608000000003
145400,,,,,
145500,,,,,
145600,,,,,
145700,,,,,
145800,,,,,
145900,,,,,
146000,,,,,
146100,,,,,
146200,,,,,
146300,1508976123000.0,43.004577377510756,-78.80990060140408,16.668537,89.85103000000002
146400,,,,,
146500,,,,,
146600,,,,,
146700,,,,,
146800,,,,,
146900,,,,,
147000,,,,,
147100,,,,,
147200,,,,,
147300,1508976124000.0,43.00457840090499,-78.80969247875167,16.939804000000002,89.41776999999998
147400,,,,,
147500,,,,,
147600,,,,,
147700,,,,,
147800,,,,,
147900,,,,,
148000,,,,,
148100,,,,,
148200,,,,,
148300,1508976125000.0,43.0045798225636,-78.80948165495634,17.060898,89.276375
148400,,,,,
148500,,,,,
148600,,,,,
148700,,,,,
148800,,,,,
148900,,,,,
149000,,,,,
149100,,,,,
149200,,,,,
149300,1508976126000.0,43.00458138760651,-78.80927003293651,17.112581,89.50558000000002
149400,,,,,
149500,,,,,
149600,,,,,
149700,,,,,
149800,,,,,
149900,,,,,
150000,,,,,
150100,,,,,
150200,,,,,
150300,1508976127000.0,43.00458264456329,-78.80905827873032,17.14548,89.68587
150400,,,,,
150500,,,,,
150600,,,,,
150700,,,,,
150800,,,,,
150900,,,,,
151000,,,,,
151100,,,,,
151200,,,,,
151300,1508976128000.0,43.00458396819887,-78.80884626225713,17.14471,89.45786
151400,,,,,
151500,,,,,
151600,,,,,
151700,,,,,
151800,,,,,
151900,,,,,
152000,,,,,
152100,,,,,
152200,,,,,
152300,1508976129000.0,43.00458506779466,-78.80863347701978,17.29155,89.63296
152400,,,,,
152500,,,,,
152600,,,,,
152700,,,,,
152800,,,,,
152900,,,,,
153000,,,,,
153100,,,,,
153200,,,,,
153300,1508976130000.0,43.00458629375564,-78.80841927724335,17.374907999999998,89.3763
153400,,,,,
153500,,,,,
153600,,,,,
153700,,,,,
153800,,,,,
153900,,,,,
154000,,,,,
154100,,,,,
154200,,,,,
154300,1508976131000.0,43.00458828787768,-78.80820290834339,17.638834,89.218636
154400,,,,,
154500,,,,,
154600,,,,,
154700,,,,,
154800,,,,,
154900,,,,,
155000,,,,,
155100,,,,,
155200,,,,,
155300,1508976132000.0,43.00458973241076,-78.80798347409787,17.91858,89.40553
155400,,,,,
155500,,,,,
155600,,,,,
155700,,,,,
155800,,,,,
155900,,,,,
156000,,,,,
156100,,,,,
156200,,,,,
156300,1508976133000.0,43.004592684499684,-78.80776402499802,17.748545,88.56406
156400,,,,,
156500,,,,,
156600,,,,,
156700,,,,,
156800,,,,,
156900,,,,,
157000,,,,,
157100,,,,,
157200,,,,,
157300,1508976134000.0,43.00459335994947,-78.80754619479794,17.89046,90.98508
157400,,,,,
157500,,,,,
157600,,,,,
157700,,,,,
157800,,,,,
157900,,,,,
158000,,,,,
158100,,,,,
158200,,,,,
158300,1508976135000.0,43.00459114001389,-78.80732691514856,17.753614000000006,90.09172
158400,,,,,
158500,,,,,
158600,,,,,
158700,,,,,
158800,,,,,
158900,,,,,
159000,,,,,
159100,,,,,
159200,,,,,
159300,1508976136000.0,43.00459259920764,-78.80710932024543,17.744616,88.93906
159400,,,,,
159500,,,,,
159600,,,,,
159700,,,,,
159800,,,,,
159900,,,,,
160000,,,,,
160100,,,,,
160200,,,,,
160300,1508976137000.0,43.00459619732104,-78.80689215351383,17.645334,88.440216
160400,,,,,
160500,,,,,
160600,,,,,
160700,,,,,
160800,,,,,
160900,,,,,
161000,,,,,
161100,,,,,
161200,,,,,
161300,1508976138000.0,43.00460037198319,-78.8066741472609,17.955454,88.97184
161400,,,,,
161500,,,,,
161600,,,,,
161700,,,,,
161800,,,,,
161900,,,,,
162000,,,,,
162100,,,,,
162200,,,,,
162300,1508976139000.0,43.00460449270739,-78.80645300393716,18.221619,89.24710999999998
162400,,,,,
162500,,,,,
162600,,,,,
162700,,,,,
162800,,,,,
162900,,,,,
163000,,,,,
163100,,,,,
163200,,,,,
163300,1508976140000.0,43.004608047489576,-78.80623375254903,17.889103,89.12933000000002
163400,,,,,
163500,,,,,
163600,,,,,
163700,,,,,
163800,,,,,
163900,,,,,
164000,,,,,
164100,,,,,
164200,,,,,
164300,1508976141000.0,43.00461037861965,-78.80601679635943,17.779142,90.06663499999998
164400,,,,,
164500,,,,,
164600,,,,,
164700,,,,,
164800,,,,,
164900,,,,,
165000,,,,,
165100,,,,,
165200,,,,,
165300,1508976142000.0,43.00461065891693,-78.80579884592308,17.959463,90.43667
165400,,,,,
165500,,,,,
165600,,,,,
165700,,,,,
165800,,,,,
165900,,,,,
166000,,,,,
166100,,,,,
166200,,,,,
166300,1508976143000.0,43.00461078331777,-78.80558004281606,18.057968,90.22174
166400,,,,,
166500,,,,,
166600,,,,,
166700,,,,,
166800,,,,,
166900,,,,,
167000,,,,,
167100,,,,,
167200,,,,,
167300,1508976144000.0,43.00461001418393,-78.80536131766202,17.939817,90.83007
167400,,,,,
167500,,,,,
167600,,,,,
167700,,,,,
167800,,,,,
167900,,,,,
168000,,,,,
168100,,,,,
168200,,,,,
168300,1508976145000.0,43.00460843376791,-78.80514381358893,17.766460000000006,90.63903
168400,,,,,
168500,,,,,
168600,,,,,
168700,,,,,
168800,,,,,
168900,,,,,
169000,,,,,
169100,,,,,
169200,,,,,
169300,1508976146000.0,43.004604722859106,-78.80492500664049,17.933586,91.852325
169400,,,,,
169500,,,,,
169600,,,,,
169700,,,,,
169800,,,,,
169900,,,,,
170000,,,,,
170100,,,,,
170200,,,,,
170300,1508976147000.0,43.00459550712081,-78.80470615879631,18.018425,94.606476
170400,,,,,
170500,,,,,
170600,,,,,
170700,,,,,
170800,,,,,
170900,,,,,
171000,,,,,
171100,,,,,
171200,,,,,
171300,1508976148000.0,43.004576974376675,-78.80449243380602,17.306076,98.03113
171400,,,,,
171500,,,,,
171600,,,,,
171700,,,,,
171800,,,,,
171900,,,,,
172000,,,,,
172100,,,,,
172200,,,,,
172300,1508976149000.0,43.00455093065619,-78.8042867446798,17.009457,101.558
172400,,,,,
172500,,,,,
172600,,,,,
172700,,,,,
172800,,,,,
172900,,,,,
173000,,,,,
173100,,,,,
173200,,,,,
173300,1508976150000.0,43.00451443121437,-78.80408536214311,16.838322,105.353355
173400,,,,,
173500,,,,,
173600,,,,,
173700,,,,,
173800,,,,,
173900,,,,,
174000,,,,,
174100,,,,,
174200,,,,,
174300,1508976151000.0,43.004472586510545,-78.80389112858694,17.357988,104.603966
174400,,,,,
174500,,,,,
174600,,,,,
174700,,,,,
174800,,,,,
174900,,,,,
175000,,,,,
175100,,,,,
175200,,,,,
175300,1508976152000.0,43.0044253514981,-78.80368677026966,17.477718,108.81713
175400,,,,,
175500,,,,,
175600,,,,,
175700,,,,,
175800,,,,,
175900,,,,,
176000,,,,,
176100,,,,,
176200,,,,,
176300,1508976153000.0,43.00438307054093,-78.80348842340955,17.08002,103.153755
176400,,,,,
176500,,,,,
176600,,,,,
176700,,,,,
176800,,,,,
176900,,,,,
177000,,,,,
177100,,,,,
177200,,,,,
177300,1508976154000.0,43.004343268066165,-78.80329516323798,16.427108999999998,104.11923
177400,,,,,
177500,,,,,
177600,,,,,
177700,,,,,
177800,,,,,
177900,,,,,
178000,,,,,
178100,,,,,
178200,,,,,
178300,1508976155000.0,43.004302359261395,-78.80310914690241,16.437338,102.16341
178400,,,,,
178500,,,,,
178600,,,,,
178700,,,,,
178800,,,,,
178900,,,,,
179000,,,,,
179100,,,,,
179200,,,,,
179300,1508976156000.0,43.00428497042628,-78.8029121132908,17.057253,91.974014
179400,,,,,
179500,,,,,
179600,,,,,
179700,,,,,
179800,,,,,
179900,,,,,
180000,,,,,
180100,,,,,
180200,,,,,
180300,1508976157000.0,43.00427780551737,-78.80270768844893,16.389383,91.73624
180400,,,,,
180500,,,,,
180600,,,,,
180700,,,,,
180800,,,,,
180900,,,,,
181000,,,,,
181100,,,,,
181200,,,,,
181300,1508976158000.0,43.00428035505209,-78.80250544841613,16.729155,88.804245
181400,,,,,
181500,,,,,
181600,,,,,
181700,,,,,
181800,,,,,
181900,,,,,
182000,,,,,
182100,,,,,
182200,,,,,
182300,1508976159000.0,43.004286469107676,-78.80229830213048,17.286783,88.137146
182400,,,,,
182500,,,,,
182600,,,,,
182700,,,,,
182800,,,,,
182900,,,,,
183000,,,,,
183100,,,,,
183200,,,,,
183300,1508976160000.0,43.004293580543916,-78.80209237888799,17.20284,88.67355
183400,,,,,
183500,,,,,
183600,,,,,
183700,,,,,
183800,,,,,
183900,,,,,
184000,,,,,
184100,,,,,
184200,,,,,
184300,1508976161000.0,43.00429289718663,-78.80187905429365,17.322414000000002,89.93690500000002
184400,,,,,
184500,,,,,
184600,,,,,
184700,,,,,
184800,,,,,
184900,,,,,
185000,,,,,
185100,,,,,
185200,,,,,
185300,1508976162000.0,43.00429070481703,-78.8016606745627,17.581226,89.566315
185400,,,,,
185500,,,,,
185600,,,,,
185700,,,,,
185800,,,,,
185900,,,,,
186000,,,,,
186100,,,,,
186200,,,,,
186300,1508976163000.0,43.00428812671738,-78.80143864280599,17.603819,89.28219
186400,,,,,
186500,,,,,
186600,,,,,
186700,,,,,
186800,,,,,
186900,,,,,
187000,,,,,
187100,,,,,
187200,,,,,
187300,1508976164000.0,43.004286045912096,-78.80121904396901,17.225384,89.82268499999998
187400,,,,,
187500,,,,,
187600,,,,,
187700,,,,,
187800,,,,,
187900,,,,,
188000,,,,,
188100,,,,,
188200,,,,,
188300,1508976165000.0,43.00428140402639,-78.8010046046389,16.559535999999998,90.82326
188400,,,,,
188500,,,,,
188600,,,,,
188700,,,,,
188800,,,,,
188900,,,,,
189000,,,,,
189100,,,,,
189200,,,,,
189300,1508976166000.0,43.00427614991472,-78.80080311106087,15.868853,91.18617
189400,,,,,
189500,,,,,
189600,,,,,
189700,,,,,
189800,,,,,
189900,,,,,
190000,,,,,
190100,,,,,
190200,,,,,
190300,1508976167000.0,43.004267712577295,-78.80060932942219,15.289908,92.85152
190400,,,,,
190500,,,,,
190600,,,,,
190700,,,,,
190800,,,,,
190900,,,,,
191000,,,,,
191100,,,,,
191200,,,,,
191300,1508976168000.0,43.0042602051631,-78.80042464926883,14.788979,92.572
191400,,,,,
191500,,,,,
191600,,,,,
191700,,,,,
191800,,,,,
191900,,,,,
192000,,,,,
192100,,,,,
192200,,,,,
192300,1508976169000.0,43.00425125106707,-78.80024620056055,14.516782,92.94493
192400,,,,,
192500,,,,,
192600,,,,,
192700,,,,,
192800,,,,,
192900,,,,,
193000,,,,,
193100,,,,,
193200,,,,,
193300,1508976170000.0,43.00424382272174,-78.80007459167848,13.81915,92.79753
193400,,,,,
193500,,,,,
193600,,,,,
193700,,,,,
193800,,,,,
193900,,,,,
194000,,,,,
194100,,,,,
194200,,,,,
194300,1508976171000.0,43.004238732973526,-78.79991321108824,13.125724,91.04309
194400,,,,,
194500,,,,,
194600,,,,,
194700,,,,,
194800,,,,,
194900,,,,,
195000,,,,,
195100,,,,,
195200,,,,,
195300,1508976172000.0,43.00423743761121,-78.79976149851673,12.1528,89.852036
195400,,,,,
195500,,,,,
195600,,,,,
195700,,,,,
195800,,,,,
195900,,,,,
196000,,,,,
196100,,,,,
196200,,,,,
196300,1508976173000.0,43.00423820355361,-78.79961801854637,11.5706005,89.57607
196400,,,,,
196500,,,,,
196600,,,,,
196700,,,,,
196800,,,,,
196900,,,,,
197000,,,,,
197100,,,,,
197200,,,,,
197300,1508976174000.0,43.00423716943634,-78.79948067115055,10.91712,90.7352
197400,,,,,
197500,,,,,
197600,,,,,
197700,,,,,
197800,,,,,
197900,,,,,
198000,,,,,
198100,,,,,
198200,,,,,
198300,1508976175000.0,43.00423928466978,-78.79935643769805,9.471813,86.648384
198400,,,,,
198500,,,,,
198600,,,,,
198700,,,,,
198800,,,,,
198900,,,,,
199000,,,,,
199100,,,,,
199200,,,,,
199300,1508976176000.0,43.004242601634274,-78.79924773666632,8.592372,87.6619
199400,,,,,
199500,,,,,
199600,,,,,
199700,,,,,
199800,,,,,
199900,,,,,
200000,,,,,
200100,,,,,
200200,,,,,
200300,1508976177000.0,43.00424452195973,-78.79915164418045,7.573693799999999,88.76229000000002
200400,,,,,
200500,,,,,
200600,,,,,
200700,,,,,
200800,,,,,
200900,,,,,
201000,,,,,
201100,,,,,
201200,,,,,
201300,1508976178000.0,43.00424508731468,-78.79906738010592,6.605030499999999,89.53773000000002
201400,,,,,
201500,,,,,
201600,,,,,
201700,,,,,
201800,,,,,
201900,,,,,
202000,,,,,
202100,,,,,
202200,,,,,
202300,1508976179000.0,43.00424424747469,-78.79899389569681,5.466117400000001,93.576256
202400,,,,,
202500,,,,,
202600,,,,,
202700,,,,,
202800,,,,,
202900,,,,,
203000,,,,,
203100,,,,,
203200,,,,,
203300,1508976180000.0,43.004237003539494,-78.79893221602367,4.9858346,105.650345
203400,,,,,
203500,,,,,
203600,,,,,
203700,,,,,
203800,,,,,
203900,,,,,
204000,,,,,
204100,,,,,
204200,,,,,
204300,1508976181000.0,43.00422024175827,-78.79888333835693,4.0902143,128.83101000000002
204400,,,,,
204500,,,,,
204600,,,,,
204700,,,,,
204800,,,,,
204900,,,,,
205000,,,,,
205100,,,,,
205200,,,,,
205300,1508976182000.0,43.004187191964704,-78.79884337952036,5.626951,147.46457
205400,,,,,
205500,,,,,
205600,,,,,
205700,,,,,
205800,,,,,
205900,,,,,
206000,,,,,
206100,,,,,
206200,,,,,
206300,1508976183000.0,43.00413256156206,-78.79881114330959,7.448301299999999,165.34871
206400,,,,,
206500,,,,,
206600,,,,,
206700,,,,,
206800,,,,,
206900,,,,,
207000,,,,,
207100,,,,,
207200,,,,,
207300,1508976184000.0,43.0040563764984,-78.79879100264209,9.198264,174.71754
207400,,,,,
207500,,,,,
207600,,,,,
207700,,,,,
207800,,,,,
207900,,,,,
208000,,,,,
208100,,,,,
208200,,,,,
208300,1508976185000.0,43.0039601180243,-78.79877940362069,11.008118,179.03928
208400,,,,,
208500,,,,,
208600,,,,,
208700,,,,,
208800,,,,,
208900,,,,,
209000,,,,,
209100,,,,,
209200,,,,,
209300,1508976186000.0,43.00384901235861,-78.79877690032941,12.45227,180.14957
209400,,,,,
209500,,,,,
209600,,,,,
209700,,,,,
209800,,,,,
209900,,,,,
210000,,,,,
210100,,,,,
210200,,,,,
210300,1508976187000.0,43.00372558388026,-78.79877934078277,13.782437,180.83116
210400,,,,,
210500,,,,,
210600,,,,,
210700,,,,,
210800,,,,,
210900,,,,,
211000,,,,,
211100,,,,,
211200,,,,,
211300,1508976188000.0,43.00359467738244,-78.7987820017569,14.462013,180.18689
211400,,,,,
211500,,,,,
211600,,,,,
211700,,,,,
211800,,,,,
211900,,,,,
212000,,,,,
212100,,,,,
212200,,,,,
212300,1508976189000.0,43.00345844940129,-78.79878285846198,15.265464,180.05813999999995
212400,,,,,
212500,,,,,
212600,,,,,
212700,,,,,
212800,,,,,
212900,,,,,
213000,,,,,
213100,,,,,
213200,,,,,
213300,1508976190000.0,43.00331708262805,-78.79878220491598,15.654793,179.51685
213400,,,,,
213500,,,,,
213600,,,,,
213700,,,,,
213800,,,,,
213900,,,,,
214000,,,,,
214100,,,,,
214200,,,,,
214300,1508976191000.0,43.00317308796957,-78.79878121041095,15.937805,179.64858999999996
214400,,,,,
214500,,,,,
214600,,,,,
214700,,,,,
214800,,,,,
214900,,,,,
215000,,,,,
215100,,,,,
215200,,,,,
215300,1508976192000.0,43.00302710939896,-78.79878077308773,16.253935000000002,179.6414
215400,,,,,
215500,,,,,
215600,,,,,
215700,,,,,
215800,,,,,
215900,,,,,
216000,,,,,
216100,,,,,
216200,,,,,
216300,1508976193000.0,43.00287807037071,-78.79878228020645,16.65029,180.53404
216400,,,,,
216500,,,,,
216600,,,,,
216700,,,,,
216800,,,,,
216900,,,,,
217000,,,,,
217100,,,,,
217200,,,,,
217300,1508976194000.0,43.0027273551077,-78.79878317481142,16.76569,180.25212
217400,,,,,
217500,,,,,
217600,,,,,
217700,,,,,
217800,,,,,
217900,,,,,
218000,,,,,
218100,,,,,
218200,,,,,
218300,1508976195000.0,43.00257790007449,-78.79878388659718,16.59392,180.09097
218400,,,,,
218500,,,,,
218600,,,,,
218700,,,,,
218800,,,,,
218900,,,,,
219000,,,,,
219100,,,,,
219200,,,,,
219300,1508976196000.0,43.002431416070735,-78.79878406891706,16.342351999999998,179.97055
219400,,,,,
219500,,,,,
219600,,,,,
219700,,,,,
219800,,,,,
219900,,,,,
220000,,,,,
220100,,,,,
220200,,,,,
220300,1508976197000.0,43.00228766755549,-78.79878324587945,15.923122,179.64244
220400,,,,,
220500,,,,,
220600,,,,,
220700,,,,,
220800,,,,,
220900,,,,,
221000,,,,,
221100,,,,,
221200,,,,,
221300,1508976198000.0,43.00214820513049,-78.79878216923031,15.425993,179.36601000000005
221400,,,,,
221500,,,,,
221600,,,,,
221700,,,,,
221800,,,,,
221900,,,,,
222000,,,,,
222100,,,,,
222200,,,,,
222300,1508976199000.0,43.002012651058294,-78.79878379116694,15.174991,180.22656
222400,,,,,
222500,,,,,
222600,,,,,
222700,,,,,
222800,,,,,
222900,,,,,
223000,,,,,
223100,,,,,
223200,,,,,
223300,1508976200000.0,43.001882254292966,-78.79878412221886,14.152498,178.66019
223400,,,,,
223500,,,,,
223600,,,,,
223700,,,,,
223800,,,,,
223900,,,,,
224000,,,,,
224100,,,,,
224200,,,,,
224300,1508976201000.0,43.001757940208854,-78.79878499749773,13.803312,180.12604
224400,,,,,
224500,,,,,
224600,,,,,
224700,,,,,
224800,,,,,
224900,,,,,
225000,,,,,
225100,,,,,
225200,,,,,
225300,1508976202000.0,43.00163736795989,-78.79878818179482,13.527514000000002,180.37936
225400,,,,,
225500,,,,,
225600,,,,,
225700,,,,,
225800,,,,,
225900,,,,,
226000,,,,,
226100,,,,,
226200,,,,,
226300,1508976203000.0,43.001519182490256,-78.7987907574896,13.294285999999998,179.33711
226400,,,,,
226500,,,,,
226600,,,,,
226700,,,,,
226800,,,,,
226900,,,,,
227000,,,,,
227100,,,,,
227200,,,,,
227300,1508976204000.0,43.0014019569762,-78.7987893363282,13.129589,177.72769
227400,,,,,
227500,,,,,
227600,,,,,
227700,,,,,
227800,,,,,
227900,,,,,
228000,,,,,
228100,,,,,
228200,,,,,
228300,1508976205000.0,43.00128587757983,-78.79878280147378,13.0419855,176.83338999999995
228400,,,,,
228500,,,,,
228600,,,,,
228700,,,,,
228800,,,,,
228900,,,,,
229000,,,,,
229100,,,,,
229200,,,,,
229300,1508976206000.0,43.001169239944964,-78.79877482875614,13.155532999999998,176.51068
229400,,,,,
229500,,,,,
229600,,,,,
229700,,,,,
229800,,,,,
229900,,,,,
230000,,,,,
230100,,,,,
230200,,,,,
230300,1508976207000.0,43.00105135981131,-78.79876607608227,13.333758,177.27896
230400,,,,,
230500,,,,,
230600,,,,,
230700,,,,,
230800,,,,,
230900,,,,,
231000,,,,,
231100,,,,,
231200,,,,,
231300,1508976208000.0,43.00093398728831,-78.7987594228874,13.11847,177.46448
231400,,,,,
231500,,,,,
231600,,,,,
231700,,,,,
231800,,,,,
231900,,,,,
232000,,,,,
232100,,,,,
232200,,,,,
232300,1508976209000.0,43.00082199672463,-78.79875339630927,12.04049,177.3393
232400,,,,,
232500,,,,,
232600,,,,,
232700,,,,,
232800,,,,,
232900,,,,,
233000,,,,,
233100,,,,,
233200,,,,,
233300,1508976210000.0,43.00072439816726,-78.79874968388829,9.882479,178.106
233400,,,,,
233500,,,,,
233600,,,,,
233700,,,,,
233800,,,,,
233900,,,,,
234000,,,,,
234100,,,,,
234200,,,,,
234300,1508976211000.0,43.00064814456103,-78.798745875667,7.535325,178.4817
234400,,,,,
234500,,,,,
234600,,,,,
234700,,,,,
234800,,,,,
234900,,,,,
235000,,,,,
235100,,,,,
235200,,,,,
235300,1508976212000.0,43.000590428207985,-78.7987469194606,5.673760400000001,179.11696
235400,,,,,
235500,,,,,
235600,,,,,
235700,,,,,
235800,,,,,
235900,,,,,
236000,,,,,
236100,,,,,
236200,,,,,
236300,1508976213000.0,43.00054625216527,-78.79874928790396,4.6605124,181.2095
236400,,,,,
236500,,,,,
236600,,,,,
236700,,,,,
236800,,,,,
236900,,,,,
237000,,,,,
237100,,,,,
237200,,,,,
237300,1508976214000.0,43.000505692103474,-78.79875314669383,4.7445917,184.09909
237400,,,,,
237500,,,,,
237600,,,,,
237700,,,,,
237800,,,,,
237900,,,,,
238000,,,,,
238100,,,,,
238200,,,,,
238300,1508976215000.0,43.0004631318645,-78.79875545230772,5.043749,179.94913
238400,,,,,
238500,,,,,
238600,,,,,
238700,,,,,
238800,,,,,
238900,,,,,
239000,,,,,
239100,,,,,
239200,,,,,
239300,1508976216000.0,43.000411312862255,-78.7987549410831,6.4016495,180.30444
239400,,,,,
239500,,,,,
239600,,,,,
239700,,,,,
239800,,,,,
239900,,,,,
240000,,,,,
240100,,,,,
240200,,,,,
240300,1508976217000.0,43.00034838298362,-78.79875327708714,7.569841,180.54916
240400,,,,,
240500,,,,,
240600,,,,,
240700,,,,,
240800,,,,,
240900,,,,,
241000,,,,,
241100,,,,,
241200,,,,,
241300,1508976218000.0,43.000275909494896,-78.79875016528143,8.140215,181.37474
241400,,,,,
241500,,,,,
241600,,,,,
241700,,,,,
241800,,,,,
241900,,,,,
242000,,,,,
242100,,,,,
242200,,,,,
242300,1508976219000.0,43.00020146956975,-78.79874580463965,7.8652005,177.79504
242400,,,,,
242500,,,,,
242600,,,,,
242700,,,,,
242800,,,,,
242900,,,,,
243000,,,,,
243100,,,,,
243200,,,,,
243300,1508976220000.0,43.00012921661537,-78.79873501940153,7.858625999999999,170.67253
243400,,,,,
243500,,,,,
243600,,,,,
243700,,,,,
243800,,,,,
243900,,,,,
244000,,,,,
244100,,,,,
244200,,,,,
244300,1508976221000.0,43.00006178135438,-78.79870904558778,7.5232754,156.51518000000004
244400,,,,,
244500,,,,,
244600,,,,,
244700,,,,,
244800,,,,,
244900,,,,,
245000,,,,,
245100,,,,,
245200,,,,,
245300,1508976222000.0,43.00000549827631,-78.7986595516162,7.1702857,138.24051
245400,,,,,
245500,,,,,
245600,,,,,
245700,,,,,
245800,,,,,
245900,,,,,
246000,,,,,
246100,,,,,
246200,,,,,
246300,1508976223000.0,42.99996126477269,-78.79858797927675,7.9313474,119.38853
246400,,,,,
246500,,,,,
246600,,,,,
246700,,,,,
246800,,,,,
246900,,,,,
247000,,,,,
247100,,,,,
247200,,,,,
247300,1508976224000.0,42.99993525344879,-78.79848907198051,8.730644,100.232346
247400,,,,,
247500,,,,,
247600,,,,,
247700,,,,,
247800,,,,,
247900,,,,,
248000,,,,,
248100,,,,,
248200,,,,,
248300,1508976225000.0,42.99993122617672,-78.79837522454187,8.7085705,88.382835
248400,,,,,
248500,,,,,
248600,,,,,
248700,,,,,
248800,,,,,
248900,,,,,
249000,,,,,
249100,,,,,
249200,,,,,
249300,1508976226000.0,42.999935462295774,-78.79826082613737,9.06551,86.28299
249400,,,,,
249500,,,,,
249600,,,,,
249700,,,,,
249800,,,,,
249900,,,,,
250000,,,,,
250100,,,,,
250200,,,,,
250300,1508976227000.0,42.99994264886705,-78.79815109266092,8.195126,86.23059
250400,,,,,
250500,,,,,
250600,,,,,
250700,,,,,
250800,,,,,
250900,,,,,
251000,,,,,
251100,,,,,
251200,,,,,
251300,1508976228000.0,42.99995010995801,-78.79805650073469,6.7115490000000015,84.83169000000002
251400,,,,,
251500,,,,,
251600,,,,,
251700,,,,,
251800,,,,,
251900,,,,,
252000,,,,,
252100,,,,,
252200,,,,,
252300,1508976229000.0,42.999955234042865,-78.7979825295787,4.959923000000002,86.66365
252400,,,,,
252500,,,,,
252600,,,,,
252700,,,,,
252800,,,,,
252900,,,,,
253000,,,,,
253100,,,,,
253200,,,,,
253300,1508976230000.0,42.99995853026449,-78.79792799471895,3.6254086,89.33171999999998
253400,,,,,
253500,,,,,
253600,,,,,
253700,,,,,
253800,,,,,
253900,,,,,
254000,,,,,
254100,,,,,
254200,,,,,
254300,1508976231000.0,42.999961457854376,-78.79789007752404,2.73149,86.600296
254400,,,,,
254500,,,,,
254600,,,,,
254700,,,,,
254800,,,,,
254900,,,,,
255000,,,,,
255100,,,,,
255200,,,,,
255300,1508976232000.0,42.9999628089896,-78.79786070518155,1.9838307,86.33487
255400,,,,,
255500,,,,,
255600,,,,,
255700,,,,,
255800,,,,,
255900,,,,,
256000,,,,,
256100,,,,,
256200,,,,,
256300,1508976233000.0,42.99996440680068,-78.7978412494178,1.2020218,85.42003000000003
256400,,,,,
256500,,,,,
256600,,,,,
256700,,,,,
256800,,,,,
256900,,,,,
257000,,,,,
257100,,,,,
257200,,,,,
257300,,,,,
257400,,,,,
257500,,,,,
257600,,,,,
257700,,,,,
257800,,,,,
257900,,,,,
258000,,,,,
258100,,,,,
258200,,,,,
258300,,,,,
258400,,,,,
258500,,,,,
258600,,,,,
258700,,,,,
258800,,,,,
258900,,,,,
259000,,,,,
259100,,,,,
259200,,,,,
259300,,,,,
259400,,,,,
259500,,,,,
259600,,,,,
259700,,,,,
259800,,,,,
259900,,,,,
260000,,,,,
260100,,,,,
260200,,,,,
260300,,,,,
260400,,,,,
260500,,,,,
260600,,,,,
260700,,,,,
260800,,,,,
260900,,,,,
261000,,,,,
261100,,,,,
261200,,,,,
261300,,,,,
261400,,,,,
261500,,,,,
261600,,,,,
261700,,,,,
261800,,,,,
261900,,,,,
262000,,,,,
262100,,,,,
262200,,,,,
262300,,,,,
262400,,,,,
262500,,,,,
262600,,,,,
262700,,,,,
262800,,,,,
262900,,,,,
263000,,,,,
263100,,,,,
263200,,,,,
263300,,,,,
263400,,,,,
263500,,,,,
263600,,,,,
263700,,,,,
263800,,,,,
263900,,,,,
264000,,,,,
264100,,,,,
264200,,,,,
264300,,,,,
264400,,,,,
264500,,,,,
264600,,,,,
264700,,,,,
264800,,,,,
264900,,,,,
265000,,,,,
265100,,,,,
265200,,,,,
265300,,,,,
265400,,,,,
265500,,,,,
265600,,,,,
265700,,,,,
265800,,,,,
265900,,,,,
266000,,,,,
266100,,,,,
266200,,,,,
266300,,,,,
266400,,,,,
266500,,,,,
266600,,,,,
266700,,,,,
266800,,,,,
266900,,,,,
267000,,,,,
267100,,,,,
267200,,,,,
267300,,,,,
267400,,,,,
267500,,,,,
267600,,,,,
267700,,,,,
267800,,,,,
267900,,,,,
268000,,,,,
268100,,,,,
268200,,,,,
268300,,,,,
268400,,,,,
268500,,,,,
268600,,,,,
268700,,,,,
268800,,,,,
268900,,,,,
269000,,,,,
269100,,,,,
269200,,,,,
269300,,,,,
269400,,,,,
269500,,,,,
269600,,,,,
269700,,,,,
269800,,,,,
269900,,,,,
270000,,,,,
270100,,,,,
270200,,,,,
270300,,,,,
270400,,,,,
270500,,,,,
270600,,,,,
270700,,,,,
270800,,,,,
270900,,,,,
271000,,,,,
271100,,,,,
271200,,,,,
271300,,,,,
271400,,,,,
271500,,,,,
271600,,,,,
271700,,,,,
271800,,,,,
271900,,,,,
272000,,,,,
272100,,,,,
272200,,,,,
272300,,,,,
272400,,,,,
272500,,,,,
272600,,,,,
272700,,,,,
272800,,,,,
272900,,,,,
273000,,,,,
273100,,,,,
273200,,,,,
273300,,,,,
273400,,,,,
273500,,,,,
273600,,,,,
273700,,,,,
273800,,,,,
273900,,,,,
274000,,,,,
274100,,,,,
274200,,,,,
274300,,,,,
274400,,,,,
274500,,,,,
274600,,,,,
274700,,,,,
274800,,,,,
274900,,,,,
275000,,,,,
275100,,,,,
275200,,,,,
275300,,,,,
275400,,,,,
275500,,,,,
275600,,,,,
275700,,,,,
275800,,,,,
275900,,,,,
276000,,,,,
276100,,,,,
276200,,,,,
276300,,,,,
276400,,,,,
276500,,,,,
276600,,,,,
276700,,,,,
276800,,,,,
276900,,,,,
277000,,,,,
277100,,,,,
277200,,,,,
277300,,,,,
277400,,,,,
277500,,,,,
277600,,,,,
277700,,,,,
277800,,,,,
277900,,,,,
278000,,,,,
278100,,,,,
278200,,,,,
278300,,,,,
278400,,,,,
278500,,,,,
278600,,,,,
278700,,,,,
278800,,,,,
278900,,,,,
279000,,,,,
279100,,,,,
279200,,,,,
279300,,,,,
279400,,,,,
279500,,,,,
279600,,,,,
279700,,,,,
279800,,,,,
279900,,,,,
280000,,,,,
280100,,,,,
280200,,,,,
280300,,,,,
280400,,,,,
280500,,,,,
280600,,,,,
280700,,,,,
280800,,,,,
280900,,,,,
281000,,,,,
281100,,,,,
281200,,,,,
281300,,,,,
281400,,,,,
281500,,,,,
281600,,,,,
281700,,,,,
281800,,,,,
281900,,,,,
282000,,,,,
282100,,,,,
282200,,,,,
282300,,,,,
282400,,,,,
282500,,,,,
282600,,,,,
282700,,,,,
282800,,,,,
282900,,,,,
283000,,,,,
283100,,,,,
283200,,,,,
283300,,,,,
283400,,,,,
283500,,,,,
283600,,,,,
283700,,,,,
283800,,,,,
283900,,,,,
284000,,,,,
284100,,,,,
284200,,,,,
284300,1508976261000.0,42.99996609714324,-78.79782597031144,1.137802,125.3568
284400,,,,,
284500,,,,,
284600,,,,,
284700,,,,,
284800,,,,,
284900,,,,,
285000,,,,,
285100,,,,,
285200,,,,,
285300,1508976262000.0,42.99996677717101,-78.79780297632783,2.6794722,83.44928
285400,,,,,
285500,,,,,
285600,,,,,
285700,,,,,
285800,,,,,
285900,,,,,
286000,,,,,
286100,,,,,
286200,,,,,
286300,1508976263000.0,42.9999705547351,-78.797760939359,4.5436554000000005,80.86671
286400,,,,,
286500,,,,,
286600,,,,,
286700,,,,,
286800,,,,,
286900,,,,,
287000,,,,,
287100,,,,,
287200,,,,,
287300,1508976264000.0,42.99997849214776,-78.79769857982619,5.9221764000000015,80.256714
287400,,,,,
287500,,,,,
287600,,,,,
287700,,,,,
287800,,,,,
287900,,,,,
288000,,,,,
288100,,,,,
288200,,,,,
288300,1508976265000.0,42.999986125179774,-78.79761952820587,7.050554300000001,81.289024
288400,,,,,
288500,,,,,
288600,,,,,
288700,,,,,
288800,,,,,
288900,,,,,
289000,,,,,
289100,,,,,
289200,,,,,
289300,1508976266000.0,42.99999090613926,-78.7975288027417,7.790961299999998,86.41530999999998
289400,,,,,
289500,,,,,
289600,,,,,
289700,,,,,
289800,,,,,
289900,,,,,
290000,,,,,
290100,,,,,
290200,,,,,
290300,1508976267000.0,42.99999321560068,-78.79743416769129,7.386619599999999,88.16178000000002
290400,,,,,
290500,,,,,
290600,,,,,
290700,,,,,
290800,,,,,
290900,,,,,
291000,,,,,
291100,,,,,
291200,,,,,
291300,1508976268000.0,42.999993364878094,-78.79734730356256,6.261135,90.90461
291400,,,,,
291500,,,,,
291600,,,,,
291700,,,,,
291800,,,,,
291900,,,,,
292000,,,,,
292100,,,,,
292200,,,,,
292300,1508976269000.0,42.999993262742116,-78.7972750758595,4.955233,89.34472
292400,,,,,
292500,,,,,
292600,,,,,
292700,,,,,
292800,,,,,
292900,,,,,
293000,,,,,
293100,,,,,
293200,,,,,
293300,1508976270000.0,42.99999387744943,-78.7972226584068,3.0710287,90.71018
293400,,,,,
293500,,,,,
293600,,,,,
293700,,,,,
293800,,,,,
293900,,,,,
294000,,,,,
294100,,,,,
294200,,,,,
294300,1508976271000.0,42.99999527347208,-78.7971958916836,1.2150011,88.13799999999998
294400,,,,,
294500,,,,,
294600,,,,,
294700,,,,,
294800,,,,,
294900,,,,,
295000,,,,,
295100,,,,,
295200,,,,,
295300,,,,,
295400,,,,,
295500,,,,,
295600,,,,,
295700,,,,,
295800,,,,,
295900,,,,,
296000,,,,,
296100,,,,,
296200,,,,,
296300,,,,,
296400,,,,,
296500,,,,,
296600,,,,,
296700,,,,,
296800,,,,,
296900,,,,,
297000,,,,,
297100,,,,,
297200,,,,,
297300,,,,,
297400,,,,,
297500,,,,,
297600,,,,,
297700,,,,,
297800,,,,,
297900,,,,,
298000,,,,,
298100,,,,,
298200,,,,,
298300,,,,,
298400,,,,,
298500,,,,,
298600,,,,,
298700,,,,,
298800,,,,,
298900,,,,,
299000,,,,,
299100,,,,,
299200,,,,,
299300,,,,,
299400,,,,,
299500,,,,,
299600,,,,,
299700,,,,,
299800,,,,,
299900,,,,,
300000,,,,,
300100,,,,,
300200,,,,,
300300,,,,,
300400,,,,,
300500,,,,,
300600,,,,,
300700,,,,,
300800,,,,,
300900,,,,,
301000,,,,,
301100,,,,,
301200,,,,,
301300,,,,,
301400,,,,,
301500,,,,,
301600,,,,,
301700,,,,,
301800,,,,,
301900,,,,,
302000,,,,,
302100,,,,,
302200,,,,,
302300,,,,,
302400,,,,,
302500,,,,,
302600,,,,,
302700,,,,,
302800,,,,,
302900,,,,,
303000,,,,,
303100,,,,,
303200,,,,,
303300,,,,,
303400,,,,,
303500,,,,,
303600,,,,,
303700,,,,,
303800,,,,,
303900,,,,,
304000,,,,,
304100,,,,,
304200,,,,,
304300,,,,,
304400,,,,,
304500,,,,,
304600,,,,,
304700,,,,,
304800,,,,,
304900,,,,,
305000,,,,,
305100,,,,,
305200,,,,,
305300,,,,,
305400,,,,,
305500,,,,,
305600,,,,,
305700,,,,,
305800,,,,,
305900,,,,,
306000,,,,,
306100,,,,,
306200,,,,,
306300,,,,,
306400,,,,,
306500,,,,,
306600,,,,,
306700,,,,,
306800,,,,,
306900,,,,,
307000,,,,,
307100,,,,,
307200,,,,,
307300,,,,,
307400,,,,,
307500,,,,,
307600,,,,,
307700,,,,,
307800,,,,,
307900,,,,,
308000,,,,,
308100,,,,,
308200,,,,,
308300,,,,,
308400,,,,,
308500,,,,,
308600,,,,,
308700,,,,,
308800,,,,,
308900,,,,,
309000,,,,,
309100,,,,,
309200,,,,,
309300,,,,,
309400,,,,,
309500,,,,,
309600,,,,,
309700,,,,,
309800,,,,,
309900,,,,,
310000,,,,,
310100,,,,,
310200,,,,,
310300,,,,,
310400,,,,,
310500,,,,,
310600,,,,,
310700,,,,,
310800,,,,,
310900,,,,,
311000,,,,,
311100,,,,,
311200,,,,,
311300,,,,,
311400,,,,,
311500,,,,,
311600,,,,,
311700,,,,,
311800,,,,,
311900,,,,,
312000,,,,,
312100,,,,,
312200,,,,,
312300,,,,,
312400,,,,,
312500,,,,,
312600,,,,,
312700,,,,,
312800,,,,,
312900,,,,,
313000,,,,,
313100,,,,,
313200,,,,,
313300,,,,,
313400,,,,,
313500,,,,,
313600,,,,,
313700,,,,,
313800,,,,,
313900,,,,,
314000,,,,,
314100,,,,,
314200,,,,,
314300,,,,,
314400,,,,,
314500,,,,,
314600,,,,,
314700,,,,,
314800,,,,,
314900,,,,,
315000,,,,,
315100,,,,,
315200,,,,,
315300,,,,,
315400,,,,,
315500,,,,,
315600,,,,,
315700,,,,,
315800,,,,,
315900,,,,,
316000,,,,,
316100,,,,,
316200,,,,,
316300,,,,,
316400,,,,,
316500,,,,,
316600,,,,,
316700,,,,,
316800,,,,,
316900,,,,,
317000,,,,,
317100,,,,,
317200,,,,,
317300,,,,,
317400,,,,,
317500,,,,,
317600,,,,,
317700,,,,,
317800,,,,,
317900,,,,,
318000,,,,,
318100,,,,,
318200,,,,,
318300,,,,,
318400,,,,,
318500,,,,,
318600,,,,,
318700,,,,,
318800,,,,,
318900,,,,,
319000,,,,,
319100,,,,,
319200,,,,,
319300,,,,,
319400,,,,,
319500,,,,,
319600,,,,,
319700,,,,,
319800,,,,,
319900,,,,,
320000,,,,,
320100,,,,,
320200,,,,,
320300,,,,,
320400,,,,,
320500,,,,,
320600,,,,,
320700,,,,,
320800,,,,,
320900,,,,,
321000,,,,,
321100,,,,,
321200,,,,,
321300,,,,,
321400,,,,,
321500,,,,,
321600,,,,,
321700,,,,,
321800,,,,,
321900,,,,,
322000,,,,,
322100,,,,,
322200,,,,,
322300,,,,,
322400,,,,,
322500,,,,,
322600,,,,,
322700,,,,,
322800,,,,,
322900,,,,,
323000,,,,,
323100,,,,,
323200,,,,,
323300,,,,,
323400,,,,,
323500,,,,,
323600,,,,,
323700,,,,,
323800,,,,,
323900,,,,,
324000,,,,,
324100,,,,,
324200,,,,,
324300,,,,,
324400,,,,,
324500,,,,,
324600,,,,,
324700,,,,,
324800,,,,,
324900,,,,,
325000,,,,,
325100,,,,,
325200,,,,,
325300,,,,,
325400,,,,,
325500,,,,,
325600,,,,,
325700,,,,,
325800,,,,,
325900,,,,,
326000,,,,,
326100,,,,,
326200,,,,,
326300,,,,,
326400,,,,,
326500,,,,,
326600,,,,,
326700,,,,,
326800,,,,,
326900,,,,,
327000,,,,,
327100,,,,,
327200,,,,,
327300,,,,,
327400,,,,,
327500,,,,,
327600,,,,,
327700,,,,,
327800,,,,,
327900,,,,,
328000,,,,,
328100,,,,,
328200,,,,,
328300,,,,,
328400,,,,,
328500,,,,,
328600,,,,,
328700,,,,,
328800,,,,,
328900,,,,,
329000,,,,,
329100,,,,,
329200,,,,,
329300,,,,,
329400,,,,,
329500,,,,,
329600,,,,,
329700,,,,,
329800,,,,,
329900,,,,,
330000,,,,,
330100,,,,,
330200,,,,,
330300,,,,,
330400,,,,,
330500,,,,,
330600,,,,,
330700,,,,,
330800,,,,,
330900,,,,,
331000,,,,,
331100,,,,,
331200,,,,,
331300,,,,,
331400,,,,,
331500,,,,,
331600,,,,,
331700,,,,,
331800,,,,,
331900,,,,,
332000,,,,,
332100,,,,,
332200,,,,,
332300,,,,,
332400,,,,,
332500,,,,,
332600,,,,,
332700,,,,,
332800,,,,,
332900,,,,,
333000,,,,,
333100,,,,,
333200,,,,,
333300,,,,,
333400,,,,,
333500,,,,,
333600,,,,,
333700,,,,,
333800,,,,,
333900,,,,,
334000,,,,,
334100,,,,,
334200,,,,,
334300,,,,,
334400,,,,,
334500,,,,,
334600,,,,,
334700,,,,,
334800,,,,,
334900,,,,,
335000,,,,,
335100,,,,,
335200,,,,,
335300,,,,,
335400,,,,,
335500,,,,,
335600,,,,,
335700,,,,,
335800,,,,,
335900,,,,,
336000,,,,,
336100,,,,,
336200,,,,,
336300,,,,,
336400,,,,,
336500,,,,,
336600,,,,,
336700,,,,,
336800,,,,,
336900,,,,,
337000,,,,,
337100,,,,,
337200,,,,,
337300,,,,,
337400,,,,,
337500,,,,,
337600,,,,,
337700,,,,,
337800,,,,,
337900,,,,,
338000,,,,,
338100,,,,,
338200,,,,,
338300,,,,,
338400,,,,,
338500,,,,,
338600,,,,,
338700,,,,,
338800,,,,,
338900,,,,,
339000,,,,,
339100,,,,,
339200,,,,,
339300,,,,,
339400,,,,,
339500,,,,,
339600,,,,,
339700,,,,,
339800,,,,,
339900,,,,,
340000,,,,,
340100,,,,,
340200,,,,,
340300,,,,,
340400,,,,,
340500,,,,,
340600,,,,,
340700,,,,,
340800,,,,,
340900,,,,,
341000,,,,,
341100,,,,,
341200,,,,,
341300,,,,,
341400,,,,,
341500,,,,,
341600,,,,,
341700,,,,,
341800,,,,,
341900,,,,,
342000,,,,,
342100,,,,,
342200,,,,,
342300,1508976319000.0,42.99999700714141,-78.79715384721842,4.1954117,94.48931
342400,,,,,
342500,,,,,
342600,,,,,
342700,,,,,
342800,,,,,
342900,,,,,
343000,,,,,
343100,,,,,
343200,,,,,
343300,1508976320000.0,42.99999646351378,-78.79709664791764,5.3261685,85.898224
343400,,,,,
343500,,,,,
343600,,,,,
343700,,,,,
343800,,,,,
343900,,,,,
344000,,,,,
344100,,,,,
344200,,,,,
344300,1508976321000.0,43.00000218007871,-78.79702186700206,6.739609700000001,81.077736
344400,,,,,
344500,,,,,
344600,,,,,
344700,,,,,
344800,,,,,
344900,,,,,
345000,,,,,
345100,,,,,
345200,,,,,
345300,1508976322000.0,43.00001531283664,-78.79693034856254,8.160683,76.47
345400,,,,,
345500,,,,,
345600,,,,,
345700,,,,,
345800,,,,,
345900,,,,,
346000,,,,,
346100,,,,,
346200,,,,,
346300,1508976323000.0,43.000042400936145,-78.79682602077987,9.232126,66.327
346400,,,,,
346500,,,,,
346600,,,,,
346700,,,,,
346800,,,,,
346900,,,,,
347000,,,,,
347100,,,,,
347200,,,,,
347300,1508976324000.0,43.00008980501442,-78.79672672121123,9.74969,50.431404
347400,,,,,
347500,,,,,
347600,,,,,
347700,,,,,
347800,,,,,
347900,,,,,
348000,,,,,
348100,,,,,
348200,,,,,
348300,1508976325000.0,43.00016253320778,-78.79663921649153,10.920707,36.363792
348400,,,,,
348500,,,,,
348600,,,,,
348700,,,,,
348800,,,,,
348900,,,,,
349000,,,,,
349100,,,,,
349200,,,,,
349300,1508976326000.0,43.00025655033802,-78.79656816236152,12.287575,22.901201
349400,,,,,
349500,,,,,
349600,,,,,
349700,,,,,
349800,,,,,
349900,,,,,
350000,,,,,
350100,,,,,
350200,,,,,
350300,1508976327000.0,43.00037001222096,-78.79651696248291,13.431525,11.221212
350400,,,,,
350500,,,,,
350600,,,,,
350700,,,,,
350800,,,,,
350900,,,,,
351000,,,,,
351100,,,,,
351200,,,,,
351300,1508976328000.0,43.00049646506925,-78.79648864494432,14.304605,4.7568493
351400,,,,,
351500,,,,,
351600,,,,,
351700,,,,,
351800,,,,,
351900,,,,,
352000,,,,,
352100,,,,,
352200,,,,,
352300,1508976329000.0,43.000629554614896,-78.79648067142978,14.60988,1.7837274
352400,,,,,
352500,,,,,
352600,,,,,
352700,,,,,
352800,,,,,
352900,,,,,
353000,,,,,
353100,,,,,
353200,,,,,
353300,1508976330000.0,43.00076635066903,-78.79647335292144,15.285615,2.941707
353400,,,,,
353500,,,,,
353600,,,,,
353700,,,,,
353800,,,,,
353900,,,,,
354000,,,,,
354100,,,,,
354200,,,,,
354300,1508976331000.0,43.000910951316826,-78.79646078648847,16.253853,4.0573854
354400,,,,,
354500,,,,,
354600,,,,,
354700,,,,,
354800,,,,,
354900,,,,,
355000,,,,,
355100,,,,,
355200,,,,,
355300,1508976332000.0,43.00106262307826,-78.79644421484768,16.739,5.6518393
355400,,,,,
355500,,,,,
355600,,,,,
355700,,,,,
355800,,,,,
355900,,,,,
356000,,,,,
356100,,,,,
356200,,,,,
356300,1508976333000.0,43.00121835356904,-78.79642234059769,17.146437,5.4435883
356400,,,,,
356500,,,,,
356600,,,,,
356700,,,,,
356800,,,,,
356900,,,,,
357000,,,,,
357100,,,,,
357200,,,,,
357300,1508976334000.0,43.0013724019987,-78.79639944742344,17.026498999999998,6.2099175
357400,,,,,
357500,,,,,
357600,,,,,
357700,,,,,
357800,,,,,
357900,,,,,
358000,,,,,
358100,,,,,
358200,,,,,
358300,1508976335000.0,43.00152813820714,-78.79637805779844,17.471235,5.046641
358400,,,,,
358500,,,,,
358600,,,,,
358700,,,,,
358800,,,,,
358900,,,,,
359000,,,,,
359100,,,,,
359200,,,,,
359300,1508976336000.0,43.001684485495204,-78.79635954797926,17.247183,4.3783245000000015
359400,,,,,
359500,,,,,
359600,,,,,
359700,,,,,
359800,,,,,
359900,,,,,
360000,,,,,
360100,,,,,
360200,,,,,
360300,1508976337000.0,43.00184166723235,-78.79634485825528,17.621971,2.8821306
360400,,,,,
360500,,,,,
360600,,,,,
360700,,,,,
360800,,,,,
360900,,,,,
361000,,,,,
361100,,,,,
361200,,,,,
361300,1508976338000.0,43.00200082644173,-78.79633897346487,17.681767999999995,0.74283105
361400,,,,,
361500,,,,,
361600,,,,,
361700,,,,,
361800,,,,,
361900,,,,,
362000,,,,,
362100,,,,,
362200,,,,,
362300,1508976339000.0,43.002162415402964,-78.7963420928818,18.11229,358.34308
362400,,,,,
362500,,,,,
362600,,,,,
362700,,,,,
362800,,,,,
362900,,,,,
363000,,,,,
363100,,,,,
363200,,,,,
363300,1508976340000.0,43.002326047020134,-78.79635157193465,18.11887,357.22076
363400,,,,,
363500,,,,,
363600,,,,,
363700,,,,,
363800,,,,,
363900,,,,,
364000,,,,,
364100,,,,,
364200,,,,,
364300,1508976341000.0,43.002489974077044,-78.79636649727908,18.208643,355.81247
364400,,,,,
364500,,,,,
364600,,,,,
364700,,,,,
364800,,,,,
364900,,,,,
365000,,,,,
365100,,,,,
365200,,,,,
365300,1508976342000.0,43.00265348552207,-78.79638257545808,18.249205,356.05545
365400,,,,,
365500,,,,,
365600,,,,,
365700,,,,,
365800,,,,,
365900,,,,,
366000,,,,,
366100,,,,,
366200,,,,,
366300,1508976343000.0,43.00281612558744,-78.79639806175878,18.184122,356.45264
366400,,,,,
366500,,,,,
366600,,,,,
366700,,,,,
366800,,,,,
366900,,,,,
367000,,,,,
367100,,,,,
367200,,,,,
367300,1508976344000.0,43.002978838633354,-78.79640922956183,18.03288,358.10468
367400,,,,,
367500,,,,,
367600,,,,,
367700,,,,,
367800,,,,,
367900,,,,,
368000,,,,,
368100,,,,,
368200,,,,,
368300,1508976345000.0,43.003139744723434,-78.79641077626445,17.912101999999994,1.9118389
368400,,,,,
368500,,,,,
368600,,,,,
368700,,,,,
368800,,,,,
368900,,,,,
369000,,,,,
369100,,,,,
369200,,,,,
369300,1508976346000.0,43.003299259555206,-78.79639329087578,17.99735,7.3649845
369400,,,,,
369500,,,,,
369600,,,,,
369700,,,,,
369800,,,,,
369900,,,,,
370000,,,,,
370100,,,,,
370200,,,,,
370300,1508976347000.0,43.00345807964909,-78.79635719652941,17.99343,11.815251
370400,,,,,
370500,,,,,
370600,,,,,
370700,,,,,
370800,,,,,
370900,,,,,
371000,,,,,
371100,,,,,
371200,,,,,
371300,1508976348000.0,43.003617163750135,-78.79630190206872,18.321245,16.800279999999994
371400,,,,,
371500,,,,,
371600,,,,,
371700,,,,,
371800,,,,,
371900,,,,,
372000,,,,,
372100,,,,,
372200,,,,,
372300,1508976349000.0,43.003773666074906,-78.79622690976612,18.05187,22.358824
372400,,,,,
372500,,,,,
372600,,,,,
372700,,,,,
372800,,,,,
372900,,,,,
373000,,,,,
373100,,,,,
373200,,,,,
373300,1508976350000.0,43.00392473806584,-78.79613200928836,18.045385,27.260040000000004
373400,,,,,
373500,,,,,
373600,,,,,
373700,,,,,
373800,,,,,
373900,,,,,
374000,,,,,
374100,,,,,
374200,,,,,
374300,1508976351000.0,43.004073975529,-78.79601435839133,18.999601,32.558598
374400,,,,,
374500,,,,,
374600,,,,,
374700,,,,,
374800,,,,,
374900,,,,,
375000,,,,,
375100,,,,,
375200,,,,,
375300,1508976352000.0,43.004218650624466,-78.79587266929556,19.519138,37.01101
375400,,,,,
375500,,,,,
375600,,,,,
375700,,,,,
375800,,,,,
375900,,,,,
376000,,,,,
376100,,,,,
376200,,,,,
376300,1508976353000.0,43.00435751476525,-78.79571569969582,19.726624,41.53702
376400,,,,,
376500,,,,,
376600,,,,,
376700,,,,,
376800,,,,,
376900,,,,,
377000,,,,,
377100,,,,,
377200,,,,,
377300,1508976354000.0,43.004484713412324,-78.79554471660543,19.617388,46.434856
377400,,,,,
377500,,,,,
377600,,,,,
377700,,,,,
377800,,,,,
377900,,,,,
378000,,,,,
378100,,,,,
378200,,,,,
378300,1508976355000.0,43.00460031464841,-78.79536356395677,19.166422,50.695732
378400,,,,,
378500,,,,,
378600,,,,,
378700,,,,,
378800,,,,,
378900,,,,,
379000,,,,,
379100,,,,,
379200,,,,,
379300,1508976356000.0,43.00470310801708,-78.79517202294144,19.16436,55.664894
379400,,,,,
379500,,,,,
379600,,,,,
379700,,,,,
379800,,,,,
379900,,,,,
380000,,,,,
380100,,,,,
380200,,,,,
380300,1508976357000.0,43.00479628731041,-78.79497140544053,20.129156,57.81358
380400,,,,,
380500,,,,,
380600,,,,,
380700,,,,,
380800,,,,,
380900,,,,,
381000,,,,,
381100,,,,,
381200,,,,,
381300,1508976358000.0,43.00487342818856,-78.79476324881861,18.419285,65.60549
381400,,,,,
381500,,,,,
381600,,,,,
381700,,,,,
381800,,,,,
381900,,,,,
382000,,,,,
382100,,,,,
382200,,,,,
382300,1508976359000.0,43.00493053358832,-78.79455445181333,18.61136,69.72248
382400,,,,,
382500,,,,,
382600,,,,,
382700,,,,,
382800,,,,,
382900,,,,,
383000,,,,,
383100,,,,,
383200,,,,,
383300,1508976360000.0,43.00497821505904,-78.79434085497357,18.675882,72.5497
383400,,,,,
383500,,,,,
383600,,,,,
383700,,,,,
383800,,,,,
383900,,,,,
384000,,,,,
384100,,,,,
384200,,,,,
384300,1508976361000.0,43.005019901048854,-78.79412188188638,18.720606,75.00056500000002
384400,,,,,
384500,,,,,
384600,,,,,
384700,,,,,
384800,,,,,
384900,,,,,
385000,,,,,
385100,,,,,
385200,,,,,
385300,1508976362000.0,43.00505492163207,-78.79389841322894,18.823254,77.68403
385400,,,,,
385500,,,,,
385600,,,,,
385700,,,,,
385800,,,,,
385900,,,,,
386000,,,,,
386100,,,,,
386200,,,,,
386300,1508976363000.0,43.00508565130028,-78.79367307230726,18.903614,78.496025
386400,,,,,
386500,,,,,
386600,,,,,
386700,,,,,
386800,,,,,
386900,,,,,
387000,,,,,
387100,,,,,
387200,,,,,
387300,1508976364000.0,43.00511578321533,-78.79344607883426,19.106787,79.70129399999998
387400,,,,,
387500,,,,,
387600,,,,,
387700,,,,,
387800,,,,,
387900,,,,,
388000,,,,,
388100,,,,,
388200,,,,,
388300,1508976365000.0,43.00514407040106,-78.79321453261682,19.380487,81.225746
388400,,,,,
388500,,,,,
388600,,,,,
388700,,,,,
388800,,,,,
388900,,,,,
389000,,,,,
389100,,,,,
389200,,,,,
389300,1508976366000.0,43.00516951805485,-78.79297672599301,19.850868,82.1181
389400,,,,,
389500,,,,,
389600,,,,,
389700,,,,,
389800,,,,,
389900,,,,,
390000,,,,,
390100,,,,,
390200,,,,,
390300,1508976367000.0,43.00518923240625,-78.79273711959296,19.6647,84.9844
390400,,,,,
390500,,,,,
390600,,,,,
390700,,,,,
390800,,,,,
390900,,,,,
391000,,,,,
391100,,,,,
391200,,,,,
391300,1508976368000.0,43.00520392174842,-78.79250031873805,19.412249,86.15991
391400,,,,,
391500,,,,,
391600,,,,,
391700,,,,,
391800,,,,,
391900,,,,,
392000,,,,,
392100,,,,,
392200,,,,,
392300,1508976369000.0,43.00521460640565,-78.79226743444096,19.107325,87.78628499999998
392400,,,,,
392500,,,,,
392600,,,,,
392700,,,,,
392800,,,,,
392900,,,,,
393000,,,,,
393100,,,,,
393200,,,,,
393300,1508976370000.0,43.00522067268874,-78.79203975217345,18.591007,89.083115
393400,,,,,
393500,,,,,
393600,,,,,
393700,,,,,
393800,,,,,
393900,,,,,
394000,,,,,
394100,,,,,
394200,,,,,
394300,1508976371000.0,43.005222731380215,-78.79182141841841,17.703564,90.711975
394400,,,,,
394500,,,,,
394600,,,,,
394700,,,,,
394800,,,,,
394900,,,,,
395000,,,,,
395100,,,,,
395200,,,,,
395300,1508976372000.0,43.00522248332643,-78.79161009376884,17.24731,91.24973
395400,,,,,
395500,,,,,
395600,,,,,
395700,,,,,
395800,,,,,
395900,,,,,
396000,,,,,
396100,,,,,
396200,,,,,
396300,1508976373000.0,43.005219621214536,-78.79140522613922,16.638773,91.153946
396400,,,,,
396500,,,,,
396600,,,,,
396700,,,,,
396800,,,,,
396900,,,,,
397000,,,,,
397100,,,,,
397200,,,,,
397300,1508976374000.0,43.00521659123711,-78.79120721635886,15.997164,91.48876
397400,,,,,
397500,,,,,
397600,,,,,
397700,,,,,
397800,,,,,
397900,,,,,
398000,,,,,
398100,,,,,
398200,,,,,
398300,1508976375000.0,43.00521588044296,-78.79101772372198,15.290738,90.83971
398400,,,,,
398500,,,,,
398600,,,,,
398700,,,,,
398800,,,,,
398900,,,,,
399000,,,,,
399100,,,,,
399200,,,,,
399300,1508976376000.0,43.00521538035017,-78.79083808280095,14.425397,91.24645
399400,,,,,
399500,,,,,
399600,,,,,
399700,,,,,
399800,,,,,
399900,,,,,
400000,,,,,
400100,,,,,
400200,,,,,
400300,1508976377000.0,43.00521439292801,-78.79067037941637,13.4512415,91.19442
400400,,,,,
400500,,,,,
400600,,,,,
400700,,,,,
400800,,,,,
400900,,,,,
401000,,,,,
401100,,,,,
401200,,,,,
401300,1508976378000.0,43.00521280461192,-78.79051187217512,12.567854,91.09631
401400,,,,,
401500,,,,,
401600,,,,,
401700,,,,,
401800,,,,,
401900,,,,,
402000,,,,,
402100,,,,,
402200,,,,,
402300,1508976379000.0,43.00521024070782,-78.79035960095877,12.122858,91.808
402400,,,,,
402500,,,,,
402600,,,,,
402700,,,,,
402800,,,,,
402900,,,,,
403000,,,,,
403100,,,,,
403200,,,,,
403300,1508976380000.0,43.005208940357505,-78.79022313255217,10.354007,89.79220600000002
403400,,,,,
403500,,,,,
403600,,,,,
403700,,,,,
403800,,,,,
403900,,,,,
404000,,,,,
404100,,,,,
404200,,,,,
404300,1508976381000.0,43.00520919932681,-78.79010613152295,8.635797,90.709496
404400,,,,,
404500,,,,,
404600,,,,,
404700,,,,,
404800,,,,,
404900,,,,,
405000,,,,,
405100,,,,,
405200,,,,,
405300,1508976382000.0,43.005207751689284,-78.79001323738643,6.947783500000001,92.269135
405400,,,,,
405500,,,,,
405600,,,,,
405700,,,,,
405800,,,,,
405900,,,,,
406000,,,,,
406100,,,,,
406200,,,,,
406300,1508976383000.0,43.00520458227121,-78.78994244101824,5.2259107,91.573166
406400,,,,,
406500,,,,,
406600,,,,,
406700,,,,,
406800,,,,,
406900,,,,,
407000,,,,,
407100,,,,,
407200,,,,,
407300,1508976384000.0,43.0051995481847,-78.78989052272233,4.1812515,100.54272
407400,,,,,
407500,,,,,
407600,,,,,
407700,,,,,
407800,,,,,
407900,,,,,
408000,,,,,
408100,,,,,
408200,,,,,
408300,1508976385000.0,43.0051885680631,-78.78984950206856,3.5273051,118.35005
408400,,,,,
408500,,,,,
408600,,,,,
408700,,,,,
408800,,,,,
408900,,,,,
409000,,,,,
409100,,,,,
409200,,,,,
409300,1508976386000.0,43.0051692405583,-78.78981204826025,4.0980005,125.42059
409400,,,,,
409500,,,,,
409600,,,,,
409700,,,,,
409800,,,,,
409900,,,,,
410000,,,,,
410100,,,,,
410200,,,,,
410300,1508976387000.0,43.00513605293389,-78.78977486124731,5.454924,147.19218
410400,,,,,
410500,,,,,
410600,,,,,
410700,,,,,
410800,,,,,
410900,,,,,
411000,,,,,
411100,,,,,
411200,,,,,
411300,1508976388000.0,43.00508350872217,-78.78974942118948,6.898986,166.18081999999995
411400,,,,,
411500,,,,,
411600,,,,,
411700,,,,,
411800,,,,,
411900,,,,,
412000,,,,,
412100,,,,,
412200,,,,,
412300,1508976389000.0,43.00501294893635,-78.78973829045877,8.24902,177.55121
412400,,,,,
412500,,,,,
412600,,,,,
412700,,,,,
412800,,,,,
412900,,,,,
413000,,,,,
413100,,,,,
413200,,,,,
413300,1508976390000.0,43.00492998947885,-78.78973982937508,9.489136,181.66261
413400,,,,,
413500,,,,,
413600,,,,,
413700,,,,,
413800,,,,,
413900,,,,,
414000,,,,,
414100,,,,,
414200,,,,,
414300,1508976391000.0,43.004835696741296,-78.7897462042302,10.388048,182.13634
414400,,,,,
414500,,,,,
414600,,,,,
414700,,,,,
414800,,,,,
414900,,,,,
415000,,,,,
415100,,,,,
415200,,,,,
415300,1508976392000.0,43.00473441947295,-78.78975025117687,10.948983,181.51851
415400,,,,,
415500,,,,,
415600,,,,,
415700,,,,,
415800,,,,,
415900,,,,,
416000,,,,,
416100,,,,,
416200,,,,,
416300,1508976393000.0,43.00463157768729,-78.7897526613235,11.0165205,181.18898
416400,,,,,
416500,,,,,
416600,,,,,
416700,,,,,
416800,,,,,
416900,,,,,
417000,,,,,
417100,,,,,
417200,,,,,
417300,1508976394000.0,43.004531593989675,-78.7897559192252,10.629621,181.27296
417400,,,,,
417500,,,,,
417600,,,,,
417700,,,,,
417800,,,,,
417900,,,,,
418000,,,,,
418100,,,,,
418200,,,,,
418300,1508976395000.0,43.004440877777775,-78.78975640294487,9.328375,179.6817
418400,,,,,
418500,,,,,
418600,,,,,
418700,,,,,
418800,,,,,
418900,,,,,
419000,,,,,
419100,,,,,
419200,,,,,
419300,1508976396000.0,43.00436057885826,-78.78975473950541,8.517714,179.48486
419400,,,,,
419500,,,,,
419600,,,,,
419700,,,,,
419800,,,,,
419900,,,,,
420000,,,,,
420100,,,,,
420200,,,,,
420300,1508976397000.0,43.00428911389654,-78.78975255336344,7.4334793,179.65111000000005
420400,,,,,
420500,,,,,
420600,,,,,
420700,,,,,
420800,,,,,
420900,,,,,
421000,,,,,
421100,,,,,
421200,,,,,
421300,1508976398000.0,43.00422966570425,-78.78974763640326,5.879782700000002,174.96782
421400,,,,,
421500,,,,,
421600,,,,,
421700,,,,,
421800,,,,,
421900,,,,,
422000,,,,,
422100,,,,,
422200,,,,,
422300,1508976399000.0,43.004185871102,-78.78973297948778,4.4786972999999985,158.8876
422400,,,,,
422500,,,,,
422600,,,,,
422700,,,,,
422800,,,,,
422900,,,,,
423000,,,,,
423100,,,,,
423200,,,,,
423300,1508976400000.0,43.004157739495255,-78.78969645943427,4.451188,126.53744
423400,,,,,
423500,,,,,
423600,,,,,
423700,,,,,
423800,,,,,
423900,,,,,
424000,,,,,
424100,,,,,
424200,,,,,
424300,1508976401000.0,43.00414300201826,-78.789645998025,4.4054613,108.378586
424400,,,,,
424500,,,,,
424600,,,,,
424700,,,,,
424800,,,,,
424900,,,,,
425000,,,,,
425100,,,,,
425200,,,,,
425300,1508976402000.0,43.00413922580615,-78.78958634054091,4.9166975,91.01737
425400,,,,,
425500,,,,,
425600,,,,,
425700,,,,,
425800,,,,,
425900,,,,,
426000,,,,,
426100,,,,,
426200,,,,,
426300,1508976403000.0,43.00414275568507,-78.78952235360148,5.232718,84.961044
426400,,,,,
426500,,,,,
426600,,,,,
426700,,,,,
426800,,,,,
426900,,,,,
427000,,,,,
427100,,,,,
427200,,,,,
427300,1508976404000.0,43.004148995010816,-78.78945117973319,6.275876,86.42824
427400,,,,,
427500,,,,,
427600,,,,,
427700,,,,,
427800,,,,,
427900,,,,,
428000,,,,,
428100,,,,,
428200,,,,,
428300,1508976405000.0,43.004154138898095,-78.78937059921475,6.9766536,86.97272
428400,,,,,
428500,,,,,
428600,,,,,
428700,,,,,
428800,,,,,
428900,,,,,
429000,,,,,
429100,,,,,
429200,,,,,
429300,1508976406000.0,43.004160320587204,-78.78928139139862,7.2900815,86.768524
429400,,,,,
429500,,,,,
429600,,,,,
429700,,,,,
429800,,,,,
429900,,,,,
430000,,,,,
430100,,,,,
430200,,,,,
430300,1508976407000.0,43.004165605544365,-78.789186133011,7.5445194,85.93806500000002
430400,,,,,
430500,,,,,
430600,,,,,
430700,,,,,
430800,,,,,
430900,,,,,
431000,,,,,
431100,,,,,
431200,,,,,
431300,1508976408000.0,43.004169530075615,-78.78909042173645,7.6706705,89.43709
431400,,,,,
431500,,,,,
431600,,,,,
431700,,,,,
431800,,,,,
431900,,,,,
432000,,,,,
432100,,,,,
432200,,,,,
432300,1508976409000.0,43.004170505360115,-78.78899427683756,7.8144007,90.152405
432400,,,,,
432500,,,,,
432600,,,,,
432700,,,,,
432800,,,,,
432900,,,,,
433000,,,,,
433100,,,,,
433200,,,,,
433300,1508976410000.0,43.00417097111615,-78.78889802955567,7.836436,89.71502
433400,,,,,
433500,,,,,
433600,,,,,
433700,,,,,
433800,,,,,
433900,,,,,
434000,,,,,
434100,,,,,
434200,,,,,
434300,1508976411000.0,43.004172069467316,-78.7888052040134,7.426754499999999,88.57721
434400,,,,,
434500,,,,,
434600,,,,,
434700,,,,,
434800,,,,,
434900,,,,,
435000,,,,,
435100,,,,,
435200,,,,,
435300,1508976412000.0,43.00417367564425,-78.78871768677806,7.074527000000002,88.43758000000003
435400,,,,,
435500,,,,,
435600,,,,,
435700,,,,,
435800,,,,,
435900,,,,,
436000,,,,,
436100,,,,,
436200,,,,,
436300,1508976413000.0,43.00417568544113,-78.78863175742877,6.8888936,87.74619
436400,,,,,
436500,,,,,
436600,,,,,
436700,,,,,
436800,,,,,
436900,,,,,
437000,,,,,
437100,,,,,
437200,,,,,
437300,1508976414000.0,43.00417746052891,-78.78854361934856,7.2862754,89.5584
437400,,,,,
437500,,,,,
437600,,,,,
437700,,,,,
437800,,,,,
437900,,,,,
438000,,,,,
438100,,,,,
438200,,,,,
438300,1508976415000.0,43.0041783785334,-78.78845655846628,7.099945,90.88588
438400,,,,,
438500,,,,,
438600,,,,,
438700,,,,,
438800,,,,,
438900,,,,,
439000,,,,,
439100,,,,,
439200,,,,,
439300,1508976416000.0,43.004179685804395,-78.78836975204331,7.1716323000000015,89.3785
439400,,,,,
439500,,,,,
439600,,,,,
439700,,,,,
439800,,,,,
439900,,,,,
440000,,,,,
440100,,,,,
440200,,,,,
440300,1508976417000.0,43.00417979630327,-78.78828165107947,7.170114999999999,92.15511
440400,,,,,
440500,,,,,
440600,,,,,
440700,,,,,
440800,,,,,
440900,,,,,
441000,,,,,
441100,,,,,
441200,,,,,
441300,1508976418000.0,43.00417825315071,-78.7881967421171,6.728028299999999,91.67666
441400,,,,,
441500,,,,,
441600,,,,,
441700,,,,,
441800,,,,,
441900,,,,,
442000,,,,,
442100,,,,,
442200,,,,,
442300,1508976419000.0,43.00417652546783,-78.78811887944012,6.014819,92.758385
442400,,,,,
442500,,,,,
442600,,,,,
442700,,,,,
442800,,,,,
442900,,,,,
443000,,,,,
443100,,,,,
443200,,,,,
443300,1508976420000.0,43.00417542593251,-78.78804853687642,5.6752080000000005,92.63242
443400,,,,,
443500,,,,,
443600,,,,,
443700,,,,,
443800,,,,,
443900,,,,,
444000,,,,,
444100,,,,,
444200,,,,,
444300,1508976421000.0,43.00417235884678,-78.78798228712022,5.4100857000000016,96.979805
444400,,,,,
444500,,,,,
444600,,,,,
444700,,,,,
444800,,,,,
444900,,,,,
445000,,,,,
445100,,,,,
445200,,,,,
445300,1508976422000.0,43.004163472098476,-78.78792228514783,4.7112427000000014,108.44998
445400,,,,,
445500,,,,,
445600,,,,,
445700,,,,,
445800,,,,,
445900,,,,,
446000,,,,,
446100,,,,,
446200,,,,,
446300,1508976423000.0,43.00414493813776,-78.78787420428681,4.289681,131.00441
446400,,,,,
446500,,,,,
446600,,,,,
446700,,,,,
446800,,,,,
446900,,,,,
447000,,,,,
447100,,,,,
447200,,,,,
447300,1508976424000.0,43.00411412634408,-78.78784152630206,4.5535913,151.95303
447400,,,,,
447500,,,,,
447600,,,,,
447700,,,,,
447800,,,,,
447900,,,,,
448000,,,,,
448100,,,,,
448200,,,,,
448300,1508976425000.0,43.00407433367937,-78.7878263859484,4.7458434,173.89664
448400,,,,,
448500,,,,,
448600,,,,,
448700,,,,,
448800,,,,,
448900,,,,,
449000,,,,,
449100,,,,,
449200,,,,,
449300,1508976426000.0,43.004028391300345,-78.787827885453,5.508556400000002,184.55518
449400,,,,,
449500,,,,,
449600,,,,,
449700,,,,,
449800,,,,,
449900,,,,,
450000,,,,,
450100,,,,,
450200,,,,,
450300,1508976427000.0,43.003976338703566,-78.78783441834652,5.9937572,187.02422
450400,,,,,
450500,,,,,
450600,,,,,
450700,,,,,
450800,,,,,
450900,,,,,
451000,,,,,
451100,,,,,
451200,,,,,
451300,1508976428000.0,43.00392086574397,-78.78784367194399,6.137244,185.61778
451400,,,,,
451500,,,,,
451600,,,,,
451700,,,,,
451800,,,,,
451900,,,,,
452000,,,,,
452100,,,,,
452200,,,,,
452300,1508976429000.0,43.003865141995114,-78.78784964065353,6.07863,183.20891
452400,,,,,
452500,,,,,
452600,,,,,
452700,,,,,
452800,,,,,
452900,,,,,
453000,,,,,
453100,,,,,
453200,,,,,
453300,1508976430000.0,43.00380966682578,-78.78785219368964,6.188949,181.80661
453400,,,,,
453500,,,,,
453600,,,,,
453700,,,,,
453800,,,,,
453900,,,,,
454000,,,,,
454100,,,,,
454200,,,,,
454300,1508976431000.0,43.00375303412217,-78.78785287182244,6.205379,181.61838
454400,,,,,
454500,,,,,
454600,,,,,
454700,,,,,
454800,,,,,
454900,,,,,
455000,,,,,
455100,,,,,
455200,,,,,
455300,1508976432000.0,43.00369802251439,-78.78785359676947,5.979492,183.18428
455400,,,,,
455500,,,,,
455600,,,,,
455700,,,,,
455800,,,,,
455900,,,,,
456000,,,,,
456100,,,,,
456200,,,,,
456300,1508976433000.0,43.003645905991895,-78.78785756070302,5.675256299999999,185.49924
456400,,,,,
456500,,,,,
456600,,,,,
456700,,,,,
456800,,,,,
456900,,,,,
457000,,,,,
457100,,,,,
457200,,,,,
457300,1508976434000.0,43.00359799805311,-78.78786663732653,5.1125245,193.09451
457400,,,,,
457500,,,,,
457600,,,,,
457700,,,,,
457800,,,,,
457900,,,,,
458000,,,,,
458100,,,,,
458200,,,,,
458300,1508976435000.0,43.00355519072597,-78.78787552921548,4.55345,188.29066
458400,,,,,
458500,,,,,
458600,,,,,
458700,,,,,
458800,,,,,
458900,,,,,
459000,,,,,
459100,,,,,
459200,,,,,
459300,1508976436000.0,43.00351829358221,-78.78788193184714,3.806474,188.5112
459400,,,,,
459500,,,,,
459600,,,,,
459700,,,,,
459800,,,,,
459900,,,,,
460000,,,,,
460100,,,,,
460200,,,,,
460300,1508976437000.0,43.003486641016636,-78.78788563155567,3.3598905,183.2088
460400,,,,,
460500,,,,,
460600,,,,,
460700,,,,,
460800,,,,,
460900,,,,,
461000,,,,,
461100,,,,,
461200,,,,,
461300,1508976438000.0,43.00346145566525,-78.78788548263275,2.1785360000000003,175.90555
461400,,,,,
461500,,,,,
461600,,,,,
461700,,,,,
461800,,,,,
461900,,,,,
462000,,,,,
462100,,,,,
462200,,,,,
462300,1508976439000.0,43.00344536708129,-78.78788723183276,1.579021,199.41252
462400,,,,,
462500,,,,,
462600,,,,,
462700,,,,,
462800,,,,,
462900,,,,,
463000,,,,,
463100,,,,,
463200,,,,,
463300,,,,,
463400,,,,,
463500,,,,,
463600,,,,,
463700,,,,,
463800,,,,,
463900,,,,,
464000,,,,,
464100,,,,,
464200,,,,,
464300,1508976441000.0,43.003435061761046,-78.78788404778356,0.0,319.8531200000001
