timestamp,system_time,lat,lon,speed,bearing
1508975978553.0,1900,43.01578919281751,-78.81844061489713,1.1992029,0.0
1508975978753.0,2100,43.015797164366845,-78.81844642093243,1.05699137,0.0
1508975979753.0,3000,43.015798226126414,-78.81849668899275,0.9978235566666666,0.0
1508975981000.0,4000,43.01580149482211,-78.81850300584472,0.83998485,0.0
1508975982000.0,5300,43.01580082554999,-78.81850148210012,0.781677688,0.0
1508975983000.0,6300,43.0158122722249,-78.81851080522293,0.9465116733333333,55.08862333333334
1508975984000.0,7300,43.01582322749717,-78.81851870340815,1.0819820771428572,92.0718957142857
1508975985000.0,8300,43.015834299753294,-78.81852660062766,1.201418255,120.42126499999999
1508975986000.0,9300,43.01584449794048,-78.81853394607376,1.2308643600000002,143.32390666666666
1508975987000.0,10300,43.01585361856699,-78.81854085718182,1.2915281240000003,163.725606
1508975988000.0,11300,43.01585870921196,-78.81854505140049,1.2698511490909092,148.9423832090909
1508975989000.0,12300,43.01585948445757,-78.818545992853,1.23287129,138.890010275
1508975990000.0,13300,43.01585851934889,-78.81854485509234,1.1750027830769232,132.15796671538462
1508975991000.0,14300,43.015857207454005,-78.81854264967423,1.1494048592857145,129.0534876642857
1508975992000.0,15300,43.01585596630992,-78.81853976618662,1.1234795753333335,126.98591582
1508975993000.0,16300,43.01585431882841,-78.81853610196987,1.0948848768750001,123.51720233125
1508975992283.0,17100,43.015842311838504,-78.81855731361871,1.0304798841176472,116.25148454705882
1508975994000.0,17300,43.015841027954096,-78.81855252810436,0.9868467383333335,113.87886040555557
1508975996000.0,19300,43.015838948590634,-78.81854860502511,1.0347518100000002,119.03984933157895
1508975997000.0,20300,43.015835727024275,-78.81854570111757,1.1613633445000002,122.82912436500001
1508975998000.0,21300,43.0158305960128,-78.81854354998507,1.3700122661904763,125.89849034761905
1508975999000.0,22300,43.015822988962334,-78.81854187137537,1.6339376040909093,128.5312898772727
1508976000000.0,23300,43.01581259407128,-78.81854049945105,1.9400160126086958,130.85434118695653
1508976001000.0,24300,43.01579909931311,-78.81853948422743,2.270785845416667,132.94246822083335
1508976002000.0,25300,43.01578265584014,-78.81853859417429,2.6148618515999997,134.791237892
1508976003000.0,26300,43.01576340868444,-78.81853784004286,2.961236088076923,136.55621297307692
1508976004000.0,27300,43.015741397753494,-78.81853721760653,3.3023388255555552,138.22605064074074
1508976005000.0,28300,43.01571691213134,-78.81853677819038,3.620888688928571,139.779890975
1508976006000.0,29300,43.01569017726828,-78.81853657754351,3.931475044482758,141.2490888724138
1508976007000.0,30300,43.01566140289156,-78.818536559801,4.224820409666666,142.60022091000002
1508976008000.0,31300,43.01563074357473,-78.81853662227053,4.509010670645161,143.8504124935484
1508976009000.0,32300,43.01559826786556,-78.81853670091445,4.794492337187499,145.014155853125
1508976010000.0,33300,43.015564031285116,-78.81853682509671,5.06899019060606,146.09971294848484
1508976011000.0,34300,43.01552818510998,-78.8185369151119,5.328198390882353,147.11265786176472
1508976012000.0,35300,43.01549086021976,-78.81853698316158,5.572377751142857,148.06940477999999
1508976013000.0,36300,43.01545213580951,-78.81853706141104,5.808923591388888,148.99170436944442
1508976003099.0,36500,43.01544306186871,-78.818544389481,5.651925656486486,144.96490154864864
1508976014000.0,37300,43.015404306846335,-78.81854431692543,5.878403797105262,145.91190677105263
1508976015000.0,38300,43.01536423231409,-78.81854433353287,6.100248392051281,146.81686095641024
1508976016000.0,39300,43.01532293007576,-78.81854444413368,6.3147775572499985,147.67819868249998
1508976017000.0,40300,43.015280461452846,-78.81854463518879,6.51427956804878,148.48893066585364
1508976018000.0,41300,43.015237014254865,-78.81854484254933,6.685455411666665,149.23717160238093
1508976019000.0,42300,43.01519272607186,-78.81854511841354,6.84875003,149.9831971465116
1508976020000.0,43300,43.01514774143647,-78.8185454337091,6.986922870227272,150.66971016590907
1508976021000.0,44300,43.01510222391858,-78.81854580464908,7.112841295333333,151.34134038444444
1508976022000.0,45300,43.01505627276073,-78.81854625735222,7.221915288913044,152.00148754999998
1508976023000.0,46300,43.01501005186868,-78.81854673584989,7.307976708297872,152.60715355957444
1508976024000.0,47300,43.01496377524523,-78.81854718042989,7.366527485208333,153.16703911041665
1508976025000.0,48300,43.014917659387336,-78.81854762410852,7.402480005918366,153.72483586326527
1508976026000.0,49300,43.01487191171356,-78.81854812274652,7.4103844057999995,154.29503454599998
1508976027000.0,50300,43.01482681854443,-78.818548648833,7.382567639019607,154.80652720196076
1508976028000.0,51300,43.01478269828187,-78.81854916205097,7.314750261346153,155.2428022557692
1508976029000.0,52300,43.01473979557189,-78.81854972385622,7.222191452641508,155.7709929679245
1508976030000.0,53300,43.01469816093371,-78.81855037697181,7.126062868333332,156.36623272777777
1508976031000.0,54300,43.01465776115765,-78.81855105050597,7.0366759198181805,156.6935197690909
1508976032000.0,55300,43.0146184331357,-78.8185512889098,6.985426058749999,156.18454013035714
1508976033000.0,56300,43.01458019905769,-78.81855061846903,6.9495737945614025,155.3454538122807
1508976032417.0,57000,43.01454883700497,-78.81855963711612,6.829753556724136,152.66708391896552
1508976034000.0,57300,43.01451294700563,-78.81855761511282,6.822988971016947,151.68737681864405
1508976035000.0,58300,43.01447826199616,-78.81855401243362,6.857051054833332,150.62482420499998
1508976036000.0,59300,43.01444475126482,-78.81854844645657,6.919199865409834,149.57896544754095
1508976037000.0,60300,43.01441239080662,-78.81854065851196,7.006465464354838,148.57249027903222
1508976038000.0,61300,43.01438109146111,-78.81853043268812,7.110239107777776,147.62432662380948
1508976039000.0,62300,43.01435073430085,-78.81851780613395,7.214150863906248,146.72861073906247
1508976040000.0,63300,43.01432128924661,-78.8185029311032,7.3080056506153825,145.8242883430769
1508976041000.0,64300,43.0142927387261,-78.81848616090447,7.365408155909089,144.94593654999997
1508976042000.0,65300,43.01426501485167,-78.81846796927394,7.387649720746266,144.1091666014925
1508976043000.0,66300,43.014237967751356,-78.81844889816874,7.381585695441174,143.50093723970585
1508976044000.0,67300,43.01421129254469,-78.81842925689786,7.361581283913042,143.25421313478256
1508976045000.0,68300,43.01418478415552,-78.81840948456744,7.338624326999997,143.36220823285709
1508976046000.0,69300,43.01415822715568,-78.81839001894927,7.325399820985912,143.86672487746475
1508976047000.0,70300,43.014131440231694,-78.81837115481692,7.328162601249996,144.39805744861107
1508976048000.0,71300,43.01410432014665,-78.81835284047362,7.343525360136984,144.88584159315067
1508976049000.0,72300,43.01407676946973,-78.81833502605576,7.373438666081078,145.32549873378375
1508976050000.0,73300,43.01404870249126,-78.81831768250838,7.411976243866664,145.77393181733328
1508976051000.0,74300,43.014020007829394,-78.81830074632171,7.465002516973681,146.17982758289472
1508976052000.0,75300,43.01399055210072,-78.81828421107917,7.536090029740257,146.5951333285714
1508976053000.0,76300,43.01396024389846,-78.81826816133788,7.619020196025638,147.06992264487175
1508976054000.0,77300,43.01392904240426,-78.81825246420847,7.704739187215187,147.43009856075943
1508976055000.0,78300,43.013896934664814,-78.8182368220019,7.797092159874998,147.70842482874997
1508976056000.0,79300,43.01386391201519,-78.8182210621693,7.894029651728394,147.9575941518518
1508976057000.0,80300,43.013829985387986,-78.81820517534635,7.989664570609754,148.20559580853654
1508976058000.0,81300,43.01379519853138,-78.81818927255911,8.082463515542166,148.4719198349397
1508976059000.0,82300,43.013759577124716,-78.81817339959613,8.173556616547618,148.74270126547611
1508976060000.0,83300,43.01372314001785,-78.81815764938473,8.264727656352939,149.03016901529406
1508976061000.0,84300,43.013685901208056,-78.81814205774373,8.354791532441858,149.3274579802325
1508976062000.0,85300,43.0136478805055,-78.81812671436587,8.44263018149425,149.64044800344823
1508976063000.0,86300,43.013609103399595,-78.81811164962723,8.528977770340907,149.94572848068177
1508976064000.0,87300,43.01356960152899,-78.81809681469616,8.613799076292132,150.220612430337
1508976065000.0,88300,43.013529404582144,-78.81808210471499,8.695236853222221,150.46354606999995
1508976066000.0,89300,43.013488559424815,-78.81806742847682,8.772787129560438,150.66516820109882
1508976067000.0,90300,43.013447122357206,-78.81805266243445,8.846717432499998,150.82331822065208
1508976068000.0,91300,43.01340514664617,-78.81803769412419,8.918401556881719,150.93951361612895
1508976069000.0,92300,43.01336265852649,-78.81802244716174,8.990910157340423,151.0509570882978
1508976070000.0,93300,43.01331965582658,-78.81800686003508,9.06334539778947,151.14314438210516
1508976071000.0,94300,43.013276144189085,-78.81799090207588,9.135690393645831,151.23589298229157
1508976072000.0,95300,43.01323212691688,-78.81797458463552,9.20739962670103,151.32934532268033
1508976073000.0,96300,43.01318761444691,-78.81795791152592,9.277927344795916,151.41703108469378
1508976074000.0,97300,43.01314261043275,-78.81794089772585,9.34778740191919,151.512162790909
1508976075000.0,98300,43.013097151571145,-78.81792358877914,9.410655807899998,151.6105231629999
1508976076000.0,99300,43.01305127358534,-78.81790600788702,9.472613671188117,151.7042255079207
1508976077000.0,100300,43.01300499085629,-78.81788816906392,9.533462997941175,151.79634653235286
1508976078000.0,101300,43.012958269860746,-78.81787010043774,9.59633656106796,151.89116297378632
1508976079000.0,102300,43.01291112087155,-78.81785176444852,9.661966007596153,151.9744016951922
1508976080000.0,103300,43.012863538775925,-78.81783316218842,9.725457417047618,152.05855605999992
1508976081000.0,104300,43.012815581371754,-78.81781431232714,9.782957837641508,152.1378393990565
1508976082000.0,105300,43.01276727045495,-78.81779523397469,9.83953610084112,152.2217602457943
1508976083000.0,106300,43.012718616849625,-78.81777593347027,9.896492849907405,152.3002631138888
1508976084000.0,107300,43.012669612935966,-78.81775642911465,9.951819906330273,152.38340767247698
1508976085000.0,108300,43.01262025563038,-78.81773672097087,10.007817816272725,152.4641235118181
1508976086000.0,109300,43.01257056389963,-78.81771677836517,10.061710340450448,152.53398600270262
1508976087000.0,110300,43.01252055179069,-78.8176965760509,10.11664169455357,152.5914050562499
1508976088000.0,111300,43.012470220559116,-78.81767600901972,10.175312564513275,152.61211660442467
1508976089000.0,112300,43.01241959209721,-78.8176550834204,10.224274585877193,152.64695277456127
1508976090000.0,113300,43.01236872409542,-78.81763373647846,10.276108650347826,152.62328988086944
1508976091000.0,114300,43.01231770143286,-78.81761180129325,10.326038248189654,152.54065160603437
1508976092000.0,115300,43.01226660009507,-78.81758914642782,10.378137280256409,152.41578005384605
1508976093000.0,116300,43.012215457855994,-78.81756565466257,10.431624684661013,152.26353632457617
1508976094000.0,117300,43.0121643211235,-78.81754128377284,10.48363949403361,152.1015583722688
1508976095000.0,118300,43.01211320341794,-78.81751606607334,10.53142318158333,151.9447440524999
1508976096000.0,119300,43.012062101706455,-78.81749006665228,10.576338923884293,151.797736498347
1508976097000.0,120300,43.01201102183644,-78.81746334299116,10.618161424508193,151.6607652975409
1508976098000.0,121300,43.01195998437243,-78.81743592549135,10.658590120243899,151.51450655528447
1508976099000.0,122300,43.011908982318104,-78.81740786192388,10.696793828951611,151.39040295403217
1508976100000.0,123300,43.011857997521886,-78.81737919282098,10.735308826319997,151.26686821039993
1508976101000.0,124300,43.011807021129115,-78.81734994179746,10.773167486428568,151.15112854206342
1508976102000.0,125300,43.011756051591036,-78.81732012310562,10.810525703070864,151.03541674251963
1508976103000.0,126300,43.011705084946364,-78.81728975853444,10.846616830390623,150.9267862992187
1508976104000.0,127300,43.01165414036172,-78.81725887165739,10.880849909224805,150.80977539767437
1508976105000.0,128300,43.01160323904776,-78.81722745690843,10.914022286846151,150.6751492792307
1508976106000.0,129300,43.011552407462574,-78.81719547535465,10.946998009847327,150.5212908877862
1508976107000.0,130300,43.01150171432802,-78.81716287267133,10.977915790075755,150.32242501742417
1508976108000.0,131300,43.01145123202083,-78.81712958300194,11.008503761578945,150.09328952105255
1508976109000.0,132300,43.01140102949054,-78.81709555152207,11.041089315597013,149.8325405694029
1508976110000.0,133300,43.01135117319485,-78.81706073537516,11.072544920666665,149.54254789851845
1508976111000.0,134300,43.011301732357055,-78.81702511069385,11.102819443308821,149.22743423749992
1508976112000.0,135300,43.011252767205555,-78.81698867315416,11.13276034518248,148.88803281970795
1508976113000.0,136300,43.01120432835723,-78.81695142123294,11.162362965869564,148.52445062536225
1508976114000.0,137300,43.011156469272215,-78.81691334944854,11.193626074028776,148.13847241942437
1508976115000.0,138300,43.01110923343535,-78.81687445489817,11.225390409214285,147.73491614499991
1508976116000.0,139300,43.01106266189852,-78.81683473733278,11.255842640354608,147.32516212978715
1508976117000.0,140300,43.011016782465774,-78.81679420998832,11.286201861197181,146.90592338239426
1508976118000.0,141300,43.0109716035032,-78.81675292375964,11.313279225804195,146.487241190909
1508976119000.0,142300,43.01092710382031,-78.81671089012613,11.341798529791665,146.07839069652766
1508976120000.0,143300,43.01088326281598,-78.81666808954934,11.372681001999998,145.67432145034473
1508976121000.0,144300,43.01084005377048,-78.81662451805774,11.404393063630135,145.28660342671225
1508976122000.0,145300,43.01079744488631,-78.81658017303907,11.438364376122445,144.90374272312914
1508976123000.0,146300,43.01075541740404,-78.81653504079829,11.473703380337835,144.53176493445937
1508976124000.0,147300,43.01071396091748,-78.81648911756308,11.510388619395972,144.16187235100662
1508976125000.0,148300,43.01067306666178,-78.8164424011457,11.547392015266665,143.79596903533326
1508976126000.0,149300,43.01063272441639,-78.81639490201849,11.584247571456952,143.43643003509928
1508976127000.0,150300,43.01059292125946,-78.81634663476001,11.620834626907893,143.0828079296052
1508976128000.0,151300,43.01055364705645,-78.8162976127175,11.656938387516337,142.73231807385613
1508976129000.0,152300,43.01051489004825,-78.81624784560258,11.693526774610387,142.38751704740253
1508976130000.0,153300,43.010476641039915,-78.81619733870994,11.730180847032255,142.0455091954838
1508976131000.0,154300,43.01043889518631,-78.81614609236144,11.768056828782049,141.70687539294866
1508976132000.0,155300,43.01040163937245,-78.8160941011623,11.807232135605094,141.37374580445854
1508976133000.0,156300,43.01036487383528,-78.81604137916126,11.844835381582277,141.03950728670878
1508976134000.0,157300,43.01032857500581,-78.81598795032879,11.882858177924525,140.72469956792446
1508976135000.0,158300,43.010292716037114,-78.81593381885891,11.919550401812497,140.40824344562492
1508976136000.0,159300,43.01025731158476,-78.81587900830851,11.955730933478259,140.08855907639744
1508976137000.0,160300,43.01022236643498,-78.81582353389621,11.990851940061726,139.7697421438271
1508976138000.0,161300,43.01018787567148,-78.81576740268986,12.027444590736193,139.45809857239254
1508976139000.0,162300,43.0101538306534,-78.81571060757551,12.06521394689024,139.15193400792674
1508976140000.0,163300,43.01012021984635,-78.8156531720905,12.100510244181814,138.84876671090902
1508976141000.0,164300,43.010087028031734,-78.8155951216343,12.134718869216865,138.5548984475903
1508976142000.0,165300,43.0100542354023,-78.8155364613007,12.169597576586824,138.2667653431137
1508976143000.0,166300,43.010021833901796,-78.81547719690495,12.20464740053571,137.9807830494047
1508976144000.0,167300,43.00998981129992,-78.81541733963132,12.238583315325439,137.7017847473372
1508976145000.0,168300,43.00995815613796,-78.81535690712518,12.271100236999995,137.4249450135293
1508976146000.0,169300,43.0099268495106,-78.81529590185919,12.304214188830406,137.1584384637426
1508976147000.0,170300,43.009895853333916,-78.81523433358556,12.3374363447093,136.91104333313945
1508976148000.0,171300,43.00986510836884,-78.81517224167932,12.366156805144504,136.6863039497109
1508976149000.0,172300,43.00983456711762,-78.81510968135174,12.392842438448271,136.4844171454022
1508976150000.0,173300,43.009804166341034,-78.81504668524198,12.418245178799996,136.3065253617142
1508976151000.0,174300,43.009773873273815,-78.81498330139735,12.446311899374997,136.12639718352264
1508976152000.0,175300,43.00974365563667,-78.8149194791876,12.47473792254237,135.972107538418
1508976153000.0,176300,43.00971353999006,-78.81485525977311,12.500610293764042,135.78773477134823
1508976154000.0,177300,43.00968353847093,-78.81479067822822,12.522546040726256,135.61081575027924
1508976155000.0,178300,43.00965364303088,-78.81472578083196,12.544294884944444,135.42499682944435
1508976156000.0,179300,43.009623981856265,-78.81466051195052,12.56922835519337,135.18493615082863
1508976157000.0,180300,43.009594607261,-78.81459483709611,12.590218215879121,134.9462070510988
1508976158000.0,181300,43.00956556763144,-78.8145287748629,12.612835356775957,134.69406518196712
1508976159000.0,182300,43.0095368768786,-78.81446230490239,12.638237246141305,134.44103844728252
1508976160000.0,183300,43.00950853473625,-78.81439544043745,12.66291077454054,134.19364661783774
1508976161000.0,184300,43.009480493674154,-78.81432814803883,12.68796186715054,133.95570714677407
1508976162000.0,185300,43.00945274079257,-78.81426040753895,12.714129055026739,133.7183307181817
1508976163000.0,186300,43.0094252694411,-78.81419220666271,12.740138044095744,133.4819682675531
1508976164000.0,187300,43.00939807778222,-78.81412356559026,12.763869504179894,133.25096676878297
1508976165000.0,188300,43.00937114792035,-78.81405451842735,12.783846696263158,133.02766304894726
1508976166000.0,189300,43.009344472538125,-78.8139851393312,12.79999856172775,132.80859764031405
1508976167000.0,190300,43.00931803107999,-78.81391547365459,12.812966840052084,132.60048786093742
1508976168000.0,191300,43.00929182472809,-78.8138455730101,12.823205245025907,132.39308636942997
1508976169000.0,192300,43.00926584238963,-78.81377547315212,12.831935022113404,132.18974535721642
1508976170000.0,193300,43.00924008844261,-78.81370521222148,12.836997663025642,131.98773399641019
1508976171000.0,194300,43.00921457132287,-78.81363484486876,12.838470756581632,131.77883275153053
1508976172000.0,195300,43.009189306684746,-78.81356442179083,12.834990194365481,131.56600637208115
1508976173000.0,196300,43.00916430111337,-78.8134939854108,12.828604387828284,131.35393598636355
1508976174000.0,197300,43.00913954165771,-78.81342356674618,12.818998938643217,131.14982173517578
1508976175000.0,198300,43.00911504037277,-78.81335323110093,12.802263008950002,130.9273145464999
1508976176000.0,199300,43.00909079938402,-78.81328305451171,12.78131827756219,130.7120637278606
1508976177000.0,200300,43.00906680791162,-78.81321309703482,12.755537958366338,130.50439158069298
1508976178000.0,201300,43.009043055593416,-78.81314341370019,12.725239892068966,130.30258536600977
1508976179000.0,202300,43.00901953202421,-78.81307405331782,12.689655958284314,130.12255433970577
1508976180000.0,203300,43.00899620261696,-78.81300506874564,12.65207634190244,130.00317770878038
1508976181000.0,204300,43.00897301834095,-78.81293651665638,12.610513904805824,129.99748757427176
1508976182000.0,205300,43.00894989840676,-78.81286843386827,12.57677688594203,130.08186961497574
1508976183000.0,206300,43.008926738133475,-78.81280085074059,12.552120753317308,130.25142173221144
1508976184000.0,207300,43.00890343496775,-78.81273381797456,12.536073591818182,130.4641782789473
1508976185000.0,208300,43.008879895363265,-78.8126673683824,12.528797612809525,130.69548828714278
1508976186000.0,209300,43.00885605231585,-78.81260153678026,12.528434922701425,130.92986782132692
1508976187000.0,210300,43.00883185199304,-78.81253633774253,12.534350026839624,131.16525127499992
1508976188000.0,211300,43.00880726431881,-78.81247176339517,12.54340008774648,131.39539981361494
1508976189000.0,212300,43.008782269856574,-78.81240779654969,12.556120012570094,131.62279579579433
1508976190000.0,213300,43.00875685038109,-78.81234442170488,12.57053244506977,131.84555883860457
1508976191000.0,214300,43.008730999629186,-78.81228162906,12.586121669861113,132.0668691680555
1508976192000.0,215300,43.00870471442075,-78.81221941313385,12.603024035437791,132.28610663732712
1508976193000.0,216300,43.00867798669575,-78.81215777490941,12.621589475642205,132.50742743256873
1508976194000.0,217300,43.008650814862015,-78.81209670367608,12.640512309086763,132.7254397273972
1508976195000.0,218300,43.00862321070389,-78.81203619087117,12.658482344045458,132.94073759227268
1508976196000.0,219300,43.00859519353361,-78.81197622651844,12.675151437511316,133.15354217330312
1508976197000.0,220300,43.00856678125443,-78.81191679867771,12.689781935540545,133.36295162297293
1508976198000.0,221300,43.008537998401856,-78.81185789899409,12.702051940313904,133.56924336457394
1508976199000.0,222300,43.00850886738693,-78.8117995324413,12.71309184683036,133.77753495669637
1508976200000.0,223300,43.00847941577318,-78.81174168617365,12.719489207511113,133.9770134235555
1508976201000.0,224300,43.00844967473086,-78.81168435569278,12.724284883584074,134.18121265619465
1508976202000.0,225300,43.00841966456887,-78.81162754435401,12.727823337841413,134.3847287237885
1508976203000.0,226300,43.00838939929659,-78.81157124265724,12.730307823201755,134.5818882907894
1508976204000.0,227300,43.00835888644803,-78.81151542647238,12.732051409126639,134.7702979052401
1508976205000.0,228300,43.008328134235555,-78.81146006723327,12.733398948652177,134.95318091434777
1508976206000.0,229300,43.00829714335118,-78.81140515278098,12.735226368787881,135.13308350779215
1508976207000.0,230300,43.008265911525584,-78.8113506740021,12.737806246508624,135.31474676853443
1508976208000.0,231300,43.00823444403959,-78.81129663429775,12.739439996523608,135.49564691115873
1508976209000.0,232300,43.0082027669143,-78.8112430307166,12.736453030726498,135.67446594145292
1508976210000.0,233300,43.008170944068574,-78.8111898675386,12.72430846038298,135.855025660851
1508976211000.0,234300,43.008139067799476,-78.81113713875948,12.702321242330509,136.03564716228806
1508976212000.0,235300,43.00810721699951,-78.81108485935314,12.672664867468356,136.21742485358644
1508976213000.0,236300,43.00807544823971,-78.81103302922101,12.639000361302521,136.4064671861344
1508976214000.0,237300,43.00804377561989,-78.81098164895938,12.605969362719666,136.60601790920495
1508976215000.0,238300,43.00801218960424,-78.81093070647333,12.574460111208333,136.78661420958326
1508976216000.0,239300,43.007980650696595,-78.81088018462523,12.548846789170124,136.96718610082982
1508976217000.0,240300,43.00794911240026,-78.81083007343706,12.528272385082644,137.14727690206607
1508976218000.0,241300,43.00791753543358,-78.81078036188086,12.510214535761316,137.3292829230452
1508976219000.0,242300,43.00788591221282,-78.81073103992496,12.491177592991802,137.49512618975402
1508976220000.0,243300,43.00785425223079,-78.81068207657589,12.472269219142857,137.63054416448975
1508976221000.0,244300,43.00782257551992,-78.8106334057182,12.45215135808943,137.70731097682923
1508976222000.0,245300,43.0077909274339,-78.81058492857609,12.43076728659919,137.70946967732792
1508976223000.0,246300,43.0077593562135,-78.81053655378052,12.412624464475806,137.63559492056447
1508976224000.0,247300,43.007727934114044,-78.81048817031949,12.39783739433735,137.48538106947785
1508976225000.0,248300,43.007696747282296,-78.81043971853637,12.38308032676,137.28897088519994
1508976226000.0,249300,43.00766582582816,-78.81039119705271,12.369862915099601,137.08575980597604
1508976227000.0,250300,43.00763517830054,-78.8103426252099,12.353296498769842,136.88395357658723
1508976228000.0,251300,43.007604802536335,-78.81029406345307,12.330997101541502,136.67821340434776
1508976229000.0,252300,43.00757468612495,-78.81024559284727,12.30197712476378,136.48130567440938
1508976230000.0,253300,43.007544818847066,-78.81019728854088,12.267951365843137,136.29640533843133
1508976231000.0,254300,43.007515196343185,-78.81014921349784,12.230699563632813,136.10227991132805
1508976232000.0,255300,43.00748580962197,-78.81010139829039,12.190828478560311,135.90863240194545
1508976233000.0,256300,43.00745665689785,-78.81005387833352,12.148236204612402,135.71294014457357
1508976261000.0,284300,43.00742773581772,-78.81000666633344,12.105724875637065,135.6729550474903
1508976262000.0,285300,43.00739903982293,-78.80995972906419,12.069470057653847,135.47209475884608
1508976263000.0,286300,43.007370578194234,-78.80991299040632,12.040635518735632,135.2628787252873
1508976264000.0,287300,43.00734236412535,-78.8098663705186,12.017282621335877,135.05293153167935
1508976265000.0,288300,43.00731439363506,-78.80981980457825,11.998397722775664,134.8485060277566
1508976266000.0,289300,43.00728665315213,-78.80977324775311,11.982460463598484,134.66504695189388
1508976267000.0,290300,43.00725913074627,-78.80972668518685,11.965117667886792,134.48956292566032
1508976268000.0,291300,43.00723181583699,-78.80968014615819,11.943674124022555,134.32570971917286
1508976269000.0,292300,43.00720470515124,-78.80963368522075,11.917500187228464,134.15724159288385
1508976270000.0,293300,43.00717779907772,-78.8095873754192,11.884490965261195,133.99512569141785
1508976271000.0,294300,43.00715109823904,-78.8095413104239,11.84482743416357,133.82465310520442
1508976319000.0,342300,43.007124601605355,-78.80949543093054,11.81649626477778,133.6789666492592
1508976320000.0,343300,43.00709829851276,-78.8094496789637,11.792546715830259,133.50265394575638
1508976321000.0,344300,43.00707220984205,-78.80940398847855,11.773969741507354,133.30991527683815
1508976322000.0,345300,43.00704636040247,-78.80935829748985,11.760734258937731,133.10171045897428
1508976323000.0,346300,43.0070207985066,-78.80931255925367,11.751505761642337,132.8580071361313
1508976324000.0,347300,43.00699559489391,-78.80926679256989,11.744226431600001,132.5582740338181
1508976325000.0,348300,43.00697083742403,-78.80922104048265,11.741242665543481,132.2097433018115
1508976326000.0,349300,43.00694659812047,-78.80917536222228,11.743214984440435,131.81512762563167
1508976327000.0,350300,43.00692294133666,-78.80912982841028,11.749288042050361,131.38133656223013
1508976328000.0,351300,43.00689990737155,-78.80908451950896,11.75844688419355,130.92748535340493
1508976329000.0,352300,43.00687751325456,-78.80903950576582,11.768630573892858,130.46625764642846
1508976330000.0,353300,43.006855765345,-78.80899478636069,11.781146532704627,130.0124336227757
1508976331000.0,354300,43.0068346844442,-78.80895033955264,11.797007193936171,129.56578451560273
1508976332000.0,355300,43.00681428846764,-78.80890614829926,11.814470066042404,129.12792605194338
1508976333000.0,356300,43.006794584471514,-78.80886219122989,11.8332445975,128.69241782042243
1508976334000.0,357300,43.00677555926986,-78.80881846230425,11.85146654277193,128.2626546614034
1508976335000.0,358300,43.006757211643766,-78.8087749643864,11.871116082832168,127.83182943881107
1508976336000.0,359300,43.00673953663976,-78.80873170509578,11.889848023310105,127.40167785365843
1508976337000.0,360300,43.006722530148764,-78.80868869521092,11.909751228090279,126.96931831458323
1508976338000.0,361300,43.00670619207365,-78.80864596260972,11.929723604463668,126.53254846245666
1508976339000.0,362300,43.006690523878234,-78.80860353547273,11.951042798931034,127.33189512293094
1508976340000.0,363300,43.00667552567598,-78.80856143250524,11.972238081408934,128.12189122216483
1508976341000.0,364300,43.00666119159516,-78.80851966902844,11.9935956325,128.9016534782533
1508976342000.0,365300,43.006647513417434,-78.8084782455009,12.014945835119454,129.67692240836166
1508976343000.0,366300,43.00663448148604,-78.80843715644056,12.035929427517006,130.44826838656454
1508976344000.0,367300,43.006622089476366,-78.80839638380708,12.056258073525424,131.21998503610158
1508976345000.0,368300,43.006610324798146,-78.80835589188969,12.076041330033783,130.78313319104717
1508976346000.0,369300,43.00659917643033,-78.8083156137718,12.095978396262627,130.36758386885512
1508976347000.0,370300,43.0065886358371,-78.80827548485489,12.115768502315436,129.96975724848983
1508976348000.0,371300,43.00657869780336,-78.8082354394275,12.136522604314381,129.59126401354507
1508976349000.0,372300,43.0065693476976,-78.8081954109953,12.156240428966667,129.23382254683327
1508976350000.0,373300,43.00652979951509,-78.8081210489766,12.2123943693,129.32468934683325
1508976351000.0,374300,43.00649069564714,-78.80804625608134,12.2726771065,129.43321800683327
1508976352000.0,375300,43.00645208998374,-78.80797050756195,12.334809273400001,129.55658804016662
1508976353000.0,376300,43.006413910696594,-78.80789448670627,12.3993431243,129.69504477349994
1508976354000.0,377300,43.00637619924643,-78.80781798447123,12.462906254166667,129.84982762683327
1508976355000.0,378300,43.00633863527659,-78.80774067161495,12.520892055500001,128.91704093349995
1508976356000.0,379300,43.00630134910622,-78.80766269138303,12.5784572405,128.05601881349995
1508976357000.0,380300,43.00626429737876,-78.8075839897973,12.638762855500001,127.18584124683329
1508976358000.0,381300,43.006227455194605,-78.8075045582612,12.6952723615,126.31604274683332
1508976359000.0,382300,43.00619077129255,-78.80742439624339,12.7511852215,125.39064801349996
1508976360000.0,383300,43.00615433329054,-78.80734357578135,12.809927890166668,125.62877982916665
1508976361000.0,384300,43.006118172920175,-78.80726212755819,12.869576267366666,125.78440201916666
1508976362000.0,385300,43.00608219953213,-78.80718001826241,12.9307185117,125.8721039725
1508976363000.0,386300,43.00604635119373,-78.80709721523931,12.991008452200001,125.8381065225
1508976364000.0,387300,43.00601060850347,-78.80701370417756,13.052162656866667,125.7769778025
1508976365000.0,388300,43.00597499004946,-78.80692948215723,13.114544398866666,125.80944195583332
1508976366000.0,389300,43.00594005444297,-78.80684308224387,13.180713958866667,126.08316895583332
1508976367000.0,390300,43.005904621211265,-78.80675730206131,13.245446014666667,126.12130278916666
1508976368000.0,391300,43.0058692958836,-78.80667070982511,13.303830034333334,125.70204365583334
1508976369000.0,392300,43.00583409618074,-78.80658329951699,13.355631176000001,125.3452467725
1508976370000.0,393300,43.00579907183709,-78.80649509693313,13.399124563666668,125.01790445583335
1508976371000.0,394300,43.005764270138684,-78.80640614625928,13.434215211333333,124.70754410583335
1508976372000.0,395300,43.005729732061546,-78.80631647884812,13.462793774666666,124.40517163916668
1508976373000.0,396300,43.00569550173268,-78.80622610915498,13.485328044666668,124.10578682583335
1508976374000.0,397300,43.005661596995175,-78.8061350757665,13.502409638000001,123.81354365916668
1508976375000.0,398300,43.00562804249734,-78.80604340488972,13.514643458,123.51407405916667
1508976376000.0,399300,43.00559486338668,-78.80595112838485,13.522158081333334,123.21275612583332
1508976377000.0,400300,43.005562058695325,-78.8058582799364,13.526256436333334,122.91095892583333
1508976378000.0,401300,43.00552962937369,-78.80576488297889,13.526056306333333,122.60665785916666
1508976379000.0,402300,43.005497573689496,-78.80567096149785,13.524026379666667,122.30674102583333
1508976380000.0,403300,43.00546590027713,-78.80557657695184,13.515090674666666,122.00152784583331
1508976381000.0,404300,43.00543462587195,-78.80548180026067,13.498395251333333,121.7002588325
1508976382000.0,405300,43.00540375684187,-78.80538670838885,13.475378124666666,121.40503081583333
1508976383000.0,406300,43.005373287911674,-78.80529138357353,13.446524263666667,121.10847523583334
1508976384000.0,407300,43.00534321369245,-78.80519588765976,13.414213515333334,120.84162163583333
1508976385000.0,408300,43.00531351964782,-78.80510025333285,13.379011105666667,120.63188116916666
1508976386000.0,409300,43.00528036244968,-78.80500359949372,13.392671107333333,121.0499498025
1508976387000.0,410300,43.00525091472273,-78.80490771025666,13.363327204,120.93742006916666
1508976388000.0,411300,43.00522172175151,-78.8048117251119,13.337889347333334,120.88733906916667
1508976389000.0,412300,43.005192724438686,-78.80471569022156,13.316448030666669,120.87494186916668
1508976390000.0,413300,43.005163885348495,-78.80461964872816,13.29976395066667,120.8774232025
1508976391000.0,414300,43.00513515207384,-78.80452362492782,13.288711894,120.88482750249997
1508976392000.0,415300,43.00510649139747,-78.80442760341604,13.279518090666668,120.88550163583331
1508976393000.0,416300,43.00507788531604,-78.80433158231573,13.273145309000002,120.88883233583331
1508976394000.0,417300,43.00504932578556,-78.80423556162644,13.266399872333334,120.89009863583333
1508976395000.0,418300,43.005020833809304,-78.80413952753962,13.257060305666668,120.88334393583332
1508976396000.0,419300,43.00499242276938,-78.80404348084882,13.247896679000002,120.88006750249997
1508976397000.0,420300,43.004964090569224,-78.80394742910774,13.238946896666668,120.88063233583331
1508976398000.0,421300,43.00493584246088,-78.80385135816013,13.228118835666667,120.86219480249997
1508976399000.0,422300,43.00490769444556,-78.80375522623841,13.217055493333334,120.78437090249996
1508976400000.0,423300,43.00487964637692,-78.80365896459266,13.211920355666667,120.60489183583331
1508976401000.0,424300,43.00485168116734,-78.80356253346551,13.21375168,120.37451102249996
1508976402000.0,425300,43.004823782404515,-78.80346589147487,13.222110227,120.0671125558333
1508976403000.0,426300,43.0047959531731,-78.8033690160132,13.232781794000001,119.72393623583332
1508976404000.0,427300,43.0047681959123,-78.80327189520783,13.246335445000001,119.43080696916667
1508976405000.0,428300,43.00474052506886,-78.8031745825348,13.255702011333335,119.29341383583332
1508976406000.0,429300,43.00471292916852,-78.80307714359353,13.26352945966667,119.22145351583332
1508976407000.0,430300,43.004684277187,-78.80297751837021,13.288677857666668,119.5079137325
1508976408000.0,431300,43.004656737863776,-78.80287968531293,13.292811282666667,119.48982281583332
1508976409000.0,432300,43.00462920006019,-78.80278186138786,13.28930357166667,119.49721676583331
1508976410000.0,433300,43.004601656272634,-78.80268413986028,13.279931263333337,119.50684203249999
1508976411000.0,434300,43.004574101828005,-78.80258660522736,13.26358822166667,119.51150771583333
1508976412000.0,435300,43.00454654564002,-78.80248934274458,13.242022628333336,119.5101723825
1508976413000.0,436300,43.004519003814146,-78.80239237415861,13.219116968666668,119.50166464916666
1508976414000.0,437300,43.00449147266332,-78.80229568312599,13.199022180000002,119.50703379916665
1508976415000.0,438300,43.004463944075454,-78.80219921799426,13.185700093333335,119.51714316583333
1508976416000.0,439300,43.004436425564336,-78.80210289276219,13.180086891000002,119.51879699916667
1508976417000.0,440300,43.00440893884525,-78.80200659448539,13.180736287666669,119.4834821325
1508976418000.0,441300,43.004381541760786,-78.80191027145753,13.18315877766667,119.36748108583333
1508976419000.0,442300,43.00435427782801,-78.80181385040977,13.184026193333336,119.1739628025
1508976420000.0,443300,43.004327198457226,-78.80171725411377,13.181611272000003,118.88546123583336
1508976421000.0,444300,43.00430034109129,-78.80162042239944,13.174563824333337,118.60165168583337
1508976422000.0,445300,43.00427371375154,-78.80152338265741,13.16210248666667,118.3631306191667
1508976423000.0,446300,43.004247311645145,-78.80142618142654,13.144544390000004,118.20841041916671
1508976424000.0,447300,43.00422111957935,-78.80132887231419,13.125510504333336,118.1183939191667
1508976425000.0,448300,43.004195140997645,-78.80123152515961,13.103190072333337,118.10930935250003
1508976426000.0,449300,43.00416939591291,-78.8011341930023,13.078422790333336,118.13063205250005
1508976427000.0,450300,43.004143895334174,-78.80103686662594,13.051719837666669,118.14195045250004
1508976428000.0,451300,43.0041186471338,-78.80093958523871,13.024207916000003,118.17559698583338
1508976429000.0,452300,43.00409366286296,-78.8008424137486,12.99416009266667,118.22063935250004
1508976430000.0,453300,43.00406895475222,-78.80074538680903,12.96262649266667,118.26702425250005
1508976431000.0,454300,43.004044525104014,-78.80064850190614,12.930857446000003,118.31143975250006
1508976432000.0,455300,43.00402037625809,-78.80055172974868,12.898482496000003,118.35435238583338
1508976433000.0,456300,43.003996519276825,-78.80045506847213,12.864952403666669,118.40195798583339
1508976434000.0,457300,43.003972971193534,-78.80035850849113,12.828917168666669,118.46834815250007
1508976435000.0,458300,43.0039497531547,-78.80026203769431,12.790727932000001,118.51399361916673
1508976436000.0,459300,43.00392688713303,-78.80016562018757,12.750093665333335,118.55383898583341
1508976437000.0,460300,43.003904390952464,-78.8000692355682,12.707822573666668,118.57618455250008
1508976438000.0,461300,43.00388228434829,-78.79997288270778,12.661490780333335,118.58116838583342
1508976439000.0,462300,43.003860595984186,-78.79987659709258,12.613610187000003,118.67226131916674
1508976441000.0,464300,43.003839337872506,-78.79978038869504,12.561102480333336,119.17573451916675
