timestamp,RPM,Speed
0.0,1667.0,0.0
400.0,1659.5,0.0
700.0,1655.0,0.0
900.0,1657.0,0.0
1100.0,1657.6,0.0
1200.0,1641.3333333333333,0.0
1300.0,1607.7142857142858,0.0
1500.0,1559.625,0.0
1600.0,1502.2222222222222,0.0
1700.0,1455.2,0.0
1800.0,1420.6363636363637,0.0
1900.0,1392.5833333333333,0.0
2000.0,1364.923076923077,0.0
2100.0,1338.7857142857142,0.0
2300.0,1268.3529411764705,0.0
2400.0,1247.7222222222222,0.0
2500.0,1228.3157894736842,0.0
2700.0,1179.2272727272727,0.2727272727272727
2800.0,1166.695652173913,0.34782608695652173
3000.0,1147.0384615384614,0.5769230769230769
3200.0,1150.7241379310344,0.8620689655172413
3500.0,1176.4411764705883,1.4411764705882353
3800.0,1221.3846153846155,2.1794871794871793
4100.0,1231.159090909091,2.9318181818181817
4500.0,1209.450980392157,3.7058823529411766
4900.0,1173.8275862068965,3.8275862068965516
5400.0,1145.44776119403,3.373134328358209
5800.0,1148.027027027027,3.054054054054054
6200.0,1139.148148148148,2.7901234567901234
6600.0,1117.9318181818182,2.5681818181818183
7000.0,1104.3684210526317,2.463157894736842
7300.0,1102.02,2.47
7400.0,1097.91,2.5
7500.0,1094.29,2.53
7600.0,1090.58,2.57
7800.0,1085.73,2.61
7900.0,1080.42,2.65
8000.0,1075.52,2.7
8100.0,1071.49,2.75
8200.0,1069.0,2.8
8300.0,1068.11,2.85
8400.0,1067.27,2.9
8600.0,1065.88,2.94
8700.0,1064.35,2.98
8800.0,1063.24,3.02
8900.0,1062.44,3.06
9000.0,1061.79,3.09
9100.0,1061.35,3.12
9200.0,1061.14,3.14
9300.0,1060.91,3.16
9400.0,1060.85,3.18
9500.0,1061.0,3.16
9700.0,1061.33,3.14
9800.0,1061.81,3.12
9900.0,1062.48,3.1
10000.0,1063.02,3.08
10100.0,1063.21,3.06
10200.0,1062.56,3.03
10300.0,1061.37,3.0
10400.0,1060.0,2.97
10500.0,1058.66,2.93
10600.0,1057.58,2.89
10700.0,1056.26,2.85
10800.0,1054.18,2.8
11000.0,1051.29,2.75
11100.0,1047.0,2.69
11200.0,1041.82,2.63
11300.0,1036.33,2.56
11400.0,1030.42,2.49
11500.0,1024.25,2.41
11600.0,1018.42,2.33
11700.0,1013.12,2.25
11800.0,1009.42,2.16
11900.0,1007.15,2.09
12100.0,1008.94,2.02
12200.0,1012.1,1.96
12300.0,1017.44,1.91
12400.0,1024.07,1.87
12500.0,1031.38,1.84
12600.0,1038.62,1.82
12700.0,1045.99,1.82
12800.0,1053.57,1.82
12900.0,1061.75,1.83
13000.0,1070.38,1.86
13100.0,1079.84,1.91
13300.0,1089.55,1.98
13400.0,1099.39,2.05
13500.0,1108.93,2.14
13600.0,1117.9,2.24
13700.0,1126.67,2.35
13800.0,1134.97,2.47
13900.0,1142.41,2.6
14000.0,1149.32,2.75
14100.0,1155.86,2.91
14200.0,1161.88,3.07
14300.0,1167.41,3.24
14500.0,1172.28,3.41
14600.0,1176.45,3.59
14700.0,1180.26,3.77
14800.0,1183.9,3.96
14900.0,1187.15,4.15
15000.0,1189.57,4.35
15100.0,1191.1,4.55
15200.0,1191.86,4.76
15300.0,1192.3,4.97
15400.0,1192.96,5.18
15500.0,1193.66,5.4
15600.0,1195.38,5.62
15800.0,1197.97,5.85
15900.0,1201.01,6.08
16000.0,1204.82,6.31
16100.0,1208.87,6.55
16200.0,1213.02,6.79
16300.0,1217.65,7.04
16400.0,1222.55,7.29
16500.0,1227.66,7.54
16600.0,1232.87,7.8
16700.0,1238.35,8.06
16800.0,1244.04,8.32
16900.0,1249.97,8.59
17000.0,1255.96,8.86
17100.0,1262.04,9.14
17200.0,1268.16,9.42
17400.0,1274.07,9.69
17500.0,1280.05,9.96
17600.0,1285.79,10.24
17700.0,1291.06,10.52
17800.0,1296.11,10.81
17900.0,1300.85,11.1
18000.0,1305.16,11.39
18100.0,1308.43,11.68
18200.0,1311.3,11.97
18300.0,1313.19,12.27
18400.0,1314.68,12.57
18500.0,1316.4,12.86
18600.0,1318.89,13.16
18800.0,1322.11,13.46
18900.0,1325.63,13.75
19000.0,1329.96,14.05
19100.0,1334.32,14.35
19200.0,1338.99,14.65
19300.0,1343.51,14.95
19400.0,1348.03,15.27
19500.0,1352.46,15.59
19600.0,1357.02,15.91
19700.0,1361.49,16.24
19800.0,1365.99,16.58
19900.0,1370.7,16.92
20100.0,1375.52,17.27
20200.0,1380.78,17.63
20300.0,1385.88,17.99
20400.0,1391.13,18.37
20500.0,1396.01,18.75
20600.0,1400.89,19.13
20700.0,1405.22,19.52
20800.0,1409.49,19.91
20900.0,1413.6,20.3
21000.0,1417.625,20.695
21100.0,1421.515,21.095
21300.0,1424.945,21.495
21400.0,1427.925,21.895
21500.0,1430.525,22.305
21600.0,1433.075,22.715
21700.0,1435.805,23.125
21800.0,1439.015,23.535
21900.0,1442.925,23.955
22000.0,1447.115,24.375
22100.0,1451.495,24.795
22200.0,1455.985,25.215
22400.0,1460.575,25.645
22500.0,1465.205,26.075
22600.0,1469.645,26.505
22700.0,1473.675,26.935
22800.0,1476.925,27.345
22900.0,1477.035,27.765
23000.0,1475.965,28.175
23100.0,1473.435,28.575
23200.0,1469.605,28.965
23300.0,1465.365,29.345
23500.0,1461.335,29.725
23600.0,1457.375,30.095
23700.0,1453.435,30.465
23800.0,1449.155,30.825
23900.0,1444.725,31.175
24000.0,1440.005,31.525
24100.0,1435.025,31.865
24200.0,1430.165,32.205
24300.0,1425.655,32.535
24400.0,1421.955,32.875
24600.0,1418.465,33.205
24700.0,1415.405,33.535
24800.0,1413.085,33.855
24900.0,1410.985,34.175
25000.0,1409.045,34.495
25100.0,1407.475,34.815
25200.0,1406.065,35.125
25300.0,1405.215,35.435
25500.0,1404.885,35.745
25600.0,1404.755,36.055
25700.0,1404.745,36.355
25800.0,1404.905,36.655
25900.0,1404.925,36.945
26000.0,1404.985,37.235
26100.0,1404.855,37.515
26200.0,1404.455,37.795
26300.0,1403.555,38.085
26500.0,1402.645,38.365
26600.0,1401.405,38.645
26700.0,1399.955,38.915
26800.0,1398.555,39.185
26900.0,1396.955,39.455
27000.0,1395.255,39.715
27100.0,1393.645,39.975
27200.0,1391.845,40.225
27400.0,1389.765,40.475
27500.0,1387.435,40.725
27600.0,1384.925,40.965
27700.0,1382.125,41.205
27800.0,1379.085,41.445
27900.0,1375.755,41.675
28000.0,1372.165,41.905
28100.0,1368.335,42.125
28200.0,1364.335,42.345
28400.0,1360.485,42.555
28500.0,1356.635,42.765
28600.0,1352.955,42.965
28700.0,1349.545,43.165
28800.0,1346.185,43.355
28900.0,1342.945,43.545
29000.0,1339.905,43.725
29100.0,1337.005,43.905
29200.0,1334.185,44.085
29400.0,1331.295,44.255
29500.0,1328.475,44.425
29600.0,1325.605,44.595
29700.0,1322.925,44.755
29800.0,1320.035,44.915
29900.0,1317.485,45.075
30000.0,1314.815,45.235
30100.0,1312.475,45.395
30200.0,1310.115,45.555
30400.0,1307.885,45.715
30500.0,1305.815,45.865
30600.0,1304.045,46.015
30700.0,1302.165,46.165
30800.0,1300.405,46.305
30900.0,1298.815,46.445
31000.0,1297.155,46.585
31100.0,1295.445,46.735
31200.0,1293.465,46.875
31400.0,1291.675,47.015
31500.0,1289.775,47.155
31600.0,1287.975,47.295
31700.0,1285.925,47.435
31800.0,1284.145,47.565
31900.0,1282.065,47.695
32000.0,1280.055,47.825
32100.0,1278.0,47.95
32200.0,1276.01,48.07
32300.0,1273.99,48.19
32500.0,1272.07,48.31
32600.0,1270.12,48.42
32700.0,1268.18,48.54
32800.0,1266.14,48.66
32900.0,1264.23,48.77
33000.0,1262.11,48.88
33100.0,1260.04,48.98
33200.0,1257.81,49.09
33300.0,1255.64,49.2
33400.0,1253.47,49.29
33500.0,1251.1,49.38
33700.0,1248.89,49.47
33800.0,1246.66,49.56
33900.0,1244.37,49.65
34000.0,1242.36,49.73
34100.0,1240.7,49.81
34200.0,1238.85,49.89
34300.0,1237.06,49.97
34400.0,1235.29,50.05
34500.0,1233.37,50.11
34600.0,1231.64,50.17
34700.0,1229.89,50.23
34900.0,1228.06,50.29
35000.0,1226.31,50.35
35100.0,1224.52,50.4
35200.0,1222.85,50.45
35300.0,1221.06,50.5
35400.0,1219.34,50.55
35500.0,1217.43,50.58
35600.0,1215.5,50.61
35700.0,1213.58,50.64
35800.0,1211.58,50.67
35900.0,1209.77,50.7
36100.0,1207.95,50.71
36200.0,1206.18,50.72
36300.0,1204.55,50.73
36400.0,1202.84,50.74
36500.0,1201.27,50.74
36600.0,1199.65,50.73
36700.0,1198.12,50.72
36800.0,1196.67,50.71
36900.0,1195.41,50.7
37000.0,1194.33,50.69
37100.0,1193.57,50.68
37300.0,1192.98,50.66
37400.0,1192.73,50.63
37500.0,1192.72,50.6
37600.0,1193.01,50.57
37700.0,1193.37,50.54
37800.0,1193.93,50.5
37900.0,1194.62,50.46
38000.0,1195.36,50.42
38100.0,1196.3,50.38
38300.0,1197.17,50.33
38400.0,1198.1,50.28
38500.0,1199.01,50.23
38600.0,1199.91,50.18
38700.0,1200.86,50.13
38800.0,1201.78,50.07
38900.0,1202.74,50.01
39000.0,1203.62,49.95
39100.0,1204.41,49.89
39200.0,1205.24,49.82
39400.0,1206.01,49.75
39500.0,1206.78,49.68
39600.0,1207.49,49.6
39700.0,1208.29,49.52
39800.0,1209.1,49.44
39900.0,1209.95,49.35
40000.0,1210.82,49.26
40100.0,1211.69,49.17
40200.0,1212.51,49.08
40400.0,1213.37,48.99
40500.0,1214.22,48.89
40600.0,1215.01,48.79
40700.0,1215.8,48.68
40800.0,1216.38,48.57
40900.0,1216.91,48.45
41000.0,1217.33,48.32
41100.0,1217.64,48.18
41200.0,1217.87,48.04
41400.0,1218.29,47.89
41500.0,1218.79,47.74
41600.0,1219.11,47.58
41700.0,1219.67,47.42
41800.0,1220.11,47.25
41900.0,1220.37,47.08
42000.0,1220.57,46.9
42100.0,1220.78,46.71
42300.0,1220.91,46.51
42400.0,1221.04,46.3
42500.0,1221.08,46.09
42600.0,1221.2,45.87
42700.0,1221.33,45.64
42800.0,1221.44,45.41
42900.0,1221.56,45.17
43000.0,1221.65,44.92
43200.0,1221.74,44.67
43300.0,1221.86,44.41
43400.0,1222.14,44.15
43500.0,1222.37,43.88
43600.0,1222.59,43.6
43700.0,1222.81,43.31
43800.0,1223.03,43.01
43900.0,1223.19,42.71
44100.0,1223.36,42.39
44200.0,1223.48,42.07
44300.0,1223.56,41.74
44400.0,1223.23,41.4
44500.0,1221.8,41.07
44600.0,1219.93,40.73
44700.0,1217.73,40.38
44900.0,1216.16,40.03
45000.0,1215.38,39.67
45100.0,1214.87,39.3
45200.0,1213.82,38.92
45300.0,1212.37,38.54
45400.0,1210.82,38.15
45500.0,1208.94,37.75
45700.0,1206.68,37.36
45800.0,1203.91,36.96
45900.0,1200.97,36.56
46000.0,1197.89,36.16
46100.0,1194.62,35.75
46200.0,1191.51,35.34
46300.0,1188.61,34.93
46400.0,1186.1,34.52
46600.0,1184.97,34.11
46700.0,1184.45,33.71
46800.0,1186.71,33.31
46900.0,1189.58,32.92
47000.0,1193.64,32.53
47100.0,1198.25,32.14
47200.0,1203.03,31.77
47400.0,1208.02,31.41
47500.0,1213.18,31.05
47600.0,1218.8,30.69
47700.0,1224.42,30.34
47800.0,1230.1,30.01
47900.0,1235.61,29.68
48000.0,1240.96,29.36
48100.0,1246.27,29.04
48300.0,1251.33,28.73
48400.0,1256.23,28.42
48500.0,1260.93,28.13
48600.0,1265.5,27.84
48700.0,1269.76,27.56
48800.0,1273.55,27.28
48900.0,1276.82,27.01
49000.0,1279.87,26.75
49100.0,1281.96,26.5
49300.0,1283.36,26.25
49400.0,1284.51,26.01
49500.0,1285.83,25.78
49600.0,1286.93,25.55
49700.0,1288.05,25.33
49800.0,1289.31,25.11
49900.0,1290.41,24.9
50000.0,1291.58,24.7
50200.0,1293.18,24.5
50300.0,1295.06,24.31
50400.0,1297.03,24.12
50500.0,1299.13,23.95
50600.0,1301.66,23.78
50700.0,1304.31,23.62
50800.0,1307.2,23.47
51000.0,1310.07,23.32
51100.0,1313.01,23.18
51200.0,1315.93,23.06
51300.0,1319.16,22.94
51400.0,1322.44,22.83
51500.0,1325.63,22.72
51600.0,1329.02,22.61
51700.0,1332.3,22.52
51900.0,1335.73,22.44
52000.0,1339.06,22.37
52100.0,1342.84,22.31
52200.0,1346.39,22.26
52300.0,1350.22,22.21
52400.0,1354.18,22.18
52500.0,1358.5,22.16
52600.0,1362.95,22.15
52800.0,1367.54,22.15
52900.0,1372.34,22.16
53000.0,1377.08,22.18
53100.0,1382.14,22.21
53200.0,1387.48,22.25
53300.0,1392.96,22.3
53400.0,1398.45,22.35
53500.0,1403.95,22.42
53700.0,1409.44,22.5
53800.0,1414.88,22.59
53900.0,1420.32,22.69
54000.0,1425.74,22.81
54100.0,1431.07,22.93
54200.0,1436.38,23.07
54300.0,1441.75,23.22
54400.0,1447.13,23.37
54500.0,1452.43,23.54
54700.0,1457.71,23.71
54800.0,1462.87,23.9
54900.0,1468.07,24.1
55000.0,1473.24,24.31
55100.0,1478.46,24.53
55200.0,1483.3,24.76
55300.0,1488.12,25.01
55400.0,1492.56,25.27
55500.0,1496.3,25.53
55600.0,1500.11,25.8
55800.0,1504.2,26.07
55900.0,1508.04,26.35
56000.0,1512.08,26.64
56100.0,1515.02,26.93
56200.0,1516.95,27.22
56300.0,1518.2,27.52
56400.0,1519.41,27.83
56500.0,1520.74,28.14
56600.0,1522.16,28.46
56800.0,1523.9,28.78
56900.0,1525.93,29.1
57000.0,1528.22,29.42
57100.0,1530.58,29.74
57200.0,1533.11,30.05
57300.0,1535.69,30.37
57400.0,1538.08,30.68
57500.0,1540.25,30.99
57600.0,1542.0,31.29
57800.0,1542.43,31.59
57900.0,1542.25,31.88
58000.0,1539.36,32.17
58100.0,1535.95,32.44
58200.0,1531.38,32.7
58300.0,1526.19,32.96
58400.0,1520.86,33.2
58500.0,1515.36,33.43
58600.0,1509.67,33.65
58800.0,1503.59,33.87
58900.0,1497.39,34.07
59000.0,1491.25,34.25
59100.0,1485.22,34.42
59200.0,1479.43,34.57
59300.0,1473.59,34.72
59400.0,1468.0,34.85
59500.0,1462.62,34.97
59600.0,1457.46,35.08
59700.0,1452.42,35.18
59900.0,1447.73,35.26
60000.0,1443.6,35.34
60100.0,1440.21,35.4
60200.0,1437.04,35.46
60300.0,1434.82,35.5
60400.0,1433.29,35.54
60500.0,1431.85,35.57
60600.0,1430.34,35.59
60700.0,1428.92,35.6
60900.0,1427.59,35.6
61000.0,1426.1,35.6
61100.0,1424.65,35.58
61200.0,1423.44,35.55
61300.0,1421.72,35.52
61400.0,1419.47,35.48
61500.0,1416.94,35.44
61600.0,1413.43,35.39
61700.0,1409.13,35.34
61800.0,1403.7,35.27
61900.0,1400.29,35.2
62100.0,1397.58,35.13
62200.0,1395.53,35.05
62300.0,1393.68,34.96
62400.0,1392.14,34.87
62500.0,1391.93,34.77
62600.0,1393.445,34.67
62700.0,1396.115,34.58
62800.0,1399.775,34.48
62900.0,1403.635,34.38
63000.0,1407.595,34.28
63200.0,1411.045,34.18
63300.0,1414.575,34.08
63400.0,1417.625,33.98
63500.0,1420.275,33.88
63600.0,1422.365,33.77
63700.0,1423.835,33.67
63800.0,1424.785,33.56
63900.0,1425.305,33.46
64000.0,1425.515,33.35
64100.0,1425.105,33.25
64300.0,1423.875,33.14
64400.0,1421.655,33.04
64500.0,1419.225,32.94
64600.0,1416.985,32.84
64700.0,1414.695,32.74
64800.0,1412.545,32.63
64900.0,1410.415,32.53
65000.0,1408.185,32.42
65100.0,1406.385,32.31
65300.0,1404.485,32.2
65400.0,1402.645,32.1
65500.0,1400.895,32.0
65600.0,1399.105,31.89
65700.0,1397.295,31.79
65800.0,1395.625,31.68
65900.0,1393.845,31.58
66000.0,1392.035,31.47
66100.0,1390.265,31.37
66200.0,1388.785,31.27
66400.0,1387.445,31.16
66500.0,1386.315,31.06
66600.0,1386.275,30.96
66700.0,1386.415,30.86
66800.0,1387.325,30.77
66900.0,1389.045,30.68
67000.0,1390.785,30.6
67100.0,1393.195,30.52
67200.0,1395.425,30.45
67300.0,1398.535,30.39
67400.0,1401.655,30.33
67600.0,1405.345,30.27
67700.0,1408.975,30.22
67800.0,1412.805,30.18
67900.0,1416.745,30.14
68000.0,1420.855,30.12
68100.0,1424.975,30.1
68200.0,1429.295,30.09
68300.0,1433.625,30.09
68400.0,1438.075,30.1
68500.0,1442.385,30.12
68600.0,1446.745,30.15
68800.0,1451.005,30.18
68900.0,1455.305,30.23
69000.0,1459.455,30.28
69100.0,1463.675,30.34
69200.0,1467.745,30.42
69300.0,1471.975,30.5
69400.0,1475.895,30.59
69500.0,1479.905,30.69
69600.0,1483.805,30.8
69700.0,1487.715,30.91
69900.0,1491.575,31.03
70000.0,1495.325,31.17
70100.0,1499.025,31.32
70200.0,1502.495,31.48
70300.0,1505.985,31.65
70400.0,1509.275,31.83
70500.0,1512.395,32.02
70600.0,1515.325,32.21
70700.0,1518.155,32.41
70800.0,1520.825,32.63
70900.0,1523.225,32.85
71000.0,1525.225,33.08
71200.0,1527.225,33.31
71300.0,1529.165,33.55
71400.0,1531.255,33.8
71500.0,1533.485,34.05
71600.0,1535.625,34.31
71700.0,1537.995,34.58
71800.0,1540.345,34.86
71900.0,1542.925,35.14
72000.0,1545.555,35.43
72100.0,1547.865,35.73
72200.0,1550.355,36.03
72300.0,1553.255,36.33
72400.0,1556.275,36.64
72600.0,1560.295,36.95
72700.0,1564.715,37.26
72800.0,1569.955,37.58
72900.0,1573.015,37.9
73000.0,1575.21,38.225
73100.0,1576.48,38.555
73200.0,1577.39,38.885
73300.0,1577.55,39.215
73400.0,1576.09,39.545
73500.0,1572.745,39.875
73600.0,1567.905,40.205
73800.0,1561.965,40.535
73900.0,1555.605,40.855
74000.0,1549.185,41.175
74100.0,1542.895,41.485
74200.0,1536.665,41.795
74300.0,1530.695,42.115
74400.0,1524.985,42.425
74500.0,1519.365,42.735
74600.0,1514.025,43.035
74700.0,1508.755,43.335
74800.0,1503.615,43.625
74900.0,1498.485,43.915
75000.0,1493.725,44.195
75100.0,1489.505,44.475
75300.0,1486.135,44.745
75400.0,1482.905,45.015
75500.0,1479.525,45.275
75600.0,1476.195,45.535
75700.0,1472.755,45.795
75800.0,1469.255,46.045
75900.0,1465.955,46.295
76000.0,1462.225,46.545
76100.0,1458.755,46.785
76200.0,1455.145,47.015
76300.0,1451.535,47.245
76400.0,1447.995,47.485
76500.0,1444.475,47.715
76700.0,1440.985,47.945
76800.0,1437.645,48.165
76900.0,1434.375,48.385
77000.0,1431.095,48.595
77100.0,1427.955,48.805
77200.0,1424.755,49.015
77300.0,1421.815,49.215
77400.0,1418.585,49.415
77500.0,1415.505,49.615
77600.0,1412.525,49.805
77700.0,1409.595,50.005
77800.0,1406.715,50.195
77900.0,1403.655,50.385
78100.0,1400.965,50.575
78200.0,1397.735,50.755
78300.0,1394.735,50.935
78400.0,1391.505,51.115
78500.0,1388.355,51.285
78600.0,1385.005,51.455
78700.0,1381.745,51.625
78800.0,1378.425,51.785
78900.0,1375.275,51.945
79000.0,1372.035,52.105
79100.0,1368.885,52.255
79200.0,1365.645,52.405
79400.0,1362.445,52.545
79500.0,1359.265,52.685
79600.0,1356.005,52.825
79700.0,1352.755,52.955
79800.0,1349.575,53.085
79900.0,1346.205,53.215
80000.0,1342.955,53.335
80100.0,1339.565,53.455
80200.0,1336.395,53.575
80300.0,1333.065,53.685
80400.0,1329.815,53.795
80500.0,1326.465,53.905
80700.0,1323.285,54.015
80800.0,1320.095,54.115
80900.0,1316.965,54.215
81000.0,1313.915,54.315
81100.0,1310.955,54.405
81200.0,1308.135,54.495
81300.0,1305.465,54.585
81400.0,1302.965,54.675
81500.0,1300.535,54.765
81600.0,1298.255,54.845
81700.0,1296.125,54.925
81800.0,1294.185,55.005
81900.0,1292.175,55.085
82100.0,1290.225,55.165
82200.0,1288.175,55.235
82300.0,1285.965,55.305
82400.0,1283.865,55.375
82500.0,1281.675,55.445
82600.0,1279.485,55.505
82700.0,1277.105,55.565
82800.0,1274.695,55.625
82900.0,1272.355,55.685
83000.0,1269.835,55.745
83100.0,1267.235,55.805
83200.0,1264.835,55.855
83400.0,1262.275,55.905
83500.0,1259.665,55.955
83600.0,1257.215,56.005
83700.0,1254.735,56.055
83800.0,1252.33,56.1
83900.0,1250.08,56.14
84000.0,1247.96,56.18
84100.0,1246.0,56.22
84200.0,1244.27,56.26
84300.0,1242.73,56.3
84400.0,1241.35,56.33
84500.0,1240.19,56.36
84600.0,1239.17,56.39
84800.0,1238.24,56.42
84900.0,1237.39,56.45
85000.0,1236.68,56.48
85100.0,1236.01,56.5
85200.0,1235.36,56.52
85300.0,1234.87,56.54
85400.0,1234.46,56.56
85500.0,1234.28,56.58
85600.0,1234.17,56.6
85700.0,1234.25,56.62
85800.0,1234.4,56.64
85900.0,1234.71,56.66
86100.0,1235.05,56.68
86200.0,1235.49,56.7
86300.0,1235.91,56.72
86400.0,1236.34,56.75
86500.0,1236.82,56.78
86600.0,1237.31,56.81
86700.0,1237.74,56.84
86800.0,1238.2,56.87
86900.0,1238.57,56.9
87000.0,1239.03,56.93
87100.0,1239.43,56.96
87300.0,1239.84,56.98
87400.0,1240.21,57.0
87500.0,1240.61,57.02
87600.0,1240.92,57.04
87700.0,1241.19,57.06
87800.0,1241.47,57.08
87900.0,1241.71,57.1
88000.0,1241.93,57.12
88100.0,1242.15,57.14
88200.0,1242.3,57.16
88300.0,1242.47,57.18
88500.0,1242.61,57.2
88600.0,1242.72,57.21
88700.0,1242.79,57.22
88800.0,1242.82,57.23
88900.0,1242.87,57.24
89000.0,1242.94,57.25
89100.0,1242.96,57.26
89200.0,1242.91,57.27
89300.0,1242.95,57.28
89400.0,1242.94,57.29
89500.0,1242.89,57.3
89700.0,1242.8,57.31
89800.0,1242.63,57.32
89900.0,1242.5,57.33
90000.0,1242.32,57.34
90100.0,1242.01,57.35
90200.0,1241.78,57.36
90300.0,1241.45,57.37
90400.0,1241.22,57.38
90500.0,1240.96,57.39
90600.0,1240.69,57.4
90700.0,1240.41,57.41
90900.0,1240.19,57.42
91000.0,1239.96,57.43
91100.0,1239.8,57.43
91200.0,1239.66,57.43
91300.0,1239.48,57.44
91400.0,1239.38,57.44
91500.0,1239.2,57.44
91600.0,1239.09,57.44
91700.0,1238.94,57.44
91800.0,1238.88,57.44
92000.0,1238.76,57.44
92100.0,1238.66,57.44
92200.0,1238.52,57.44
92300.0,1238.42,57.44
92400.0,1238.3,57.44
92500.0,1238.19,57.44
92600.0,1238.09,57.44
92700.0,1238.03,57.44
92800.0,1237.96,57.44
93000.0,1237.88,57.44
93100.0,1237.82,57.44
93200.0,1237.84,57.44
93300.0,1237.82,57.44
93400.0,1237.82,57.44
93500.0,1237.73,57.44
93600.0,1237.71,57.44
93700.0,1237.69,57.44
93800.0,1237.68,57.44
93900.0,1237.74,57.44
94100.0,1237.78,57.44
94200.0,1237.76,57.44
94300.0,1237.77,57.44
94400.0,1237.86,57.44
94500.0,1237.9,57.44
94600.0,1237.96,57.44
94700.0,1238.05,57.44
94800.0,1238.15,57.44
94900.0,1238.17,57.44
95000.0,1238.18,57.44
95200.0,1238.16,57.44
95300.0,1238.28,57.44
95400.0,1238.35,57.44
95500.0,1238.4,57.44
95600.0,1238.46,57.44
95700.0,1238.49,57.44
95800.0,1238.52,57.44
95900.0,1238.56,57.44
96000.0,1238.53,57.44
96100.0,1238.56,57.44
96200.0,1238.52,57.45
96400.0,1238.53,57.46
96500.0,1238.52,57.47
96600.0,1238.5,57.48
96700.0,1238.49,57.49
96800.0,1238.5,57.5
96900.0,1238.41,57.51
97000.0,1238.36,57.52
97100.0,1238.25,57.53
97200.0,1238.1,57.54
97300.0,1237.9,57.54
97400.0,1237.72,57.54
97600.0,1237.51,57.53
97700.0,1237.33,57.52
97800.0,1237.14,57.51
97900.0,1236.95,57.5
98000.0,1236.66,57.49
98100.0,1236.38,57.48
98200.0,1236.15,57.47
98300.0,1235.92,57.46
98400.0,1235.59,57.45
98500.0,1235.36,57.44
98700.0,1235.14,57.43
98800.0,1234.88,57.42
98900.0,1234.65,57.41
99000.0,1234.41,57.4
99100.0,1234.2,57.39
99200.0,1233.98,57.38
99300.0,1233.76,57.37
99400.0,1233.53,57.37
99500.0,1233.3,57.37
99600.0,1233.17,57.37
99700.0,1233.03,57.37
99900.0,1232.87,57.37
100000.0,1232.66,57.37
100100.0,1232.54,57.37
100200.0,1232.43,57.37
100300.0,1232.32,57.37
100400.0,1232.21,57.37
100500.0,1232.11,57.37
100600.0,1232.09,57.37
100700.0,1232.11,57.37
100800.0,1232.11,57.37
100900.0,1232.13,57.37
101000.0,1232.21,57.37
101200.0,1232.31,57.37
101300.0,1232.44,57.37
101400.0,1232.58,57.37
101500.0,1232.7,57.37
101600.0,1232.86,57.37
101700.0,1233.04,57.37
101800.0,1233.15,57.37
101900.0,1233.29,57.37
102000.0,1233.41,57.38
102100.0,1233.53,57.39
102200.0,1233.68,57.39
102400.0,1233.85,57.4
102500.0,1234.03,57.41
102600.0,1234.21,57.42
102700.0,1234.45,57.43
102800.0,1234.69,57.44
102900.0,1234.92,57.45
103000.0,1235.19,57.46
103100.0,1235.43,57.47
103200.0,1235.65,57.48
103300.0,1235.91,57.49
103400.0,1236.13,57.5
103500.0,1236.42,57.51
103700.0,1236.62,57.52
103800.0,1236.91,57.53
103900.0,1237.16,57.54
104000.0,1237.42,57.55
104100.0,1237.68,57.56
104200.0,1237.97,57.58
104300.0,1238.28,57.6
104400.0,1238.66,57.62
104500.0,1239.0,57.64
104600.0,1239.36,57.66
104800.0,1239.65,57.68
104900.0,1239.93,57.7
105000.0,1240.24,57.72
105100.0,1240.52,57.74
105200.0,1240.76,57.76
105300.0,1240.99,57.78
105400.0,1241.27,57.8
105500.0,1241.5,57.82
105600.0,1241.73,57.84
105700.0,1241.97,57.86
105900.0,1242.27,57.88
106000.0,1242.52,57.9
106100.0,1242.81,57.92
106200.0,1242.98,57.94
106300.0,1243.27,57.96
106400.0,1243.55,57.98
106500.0,1243.78,58.0
106600.0,1244.05,58.02
106700.0,1244.36,58.04
106900.0,1244.61,58.06
107000.0,1244.87,58.08
107100.0,1245.08,58.1
107200.0,1245.36,58.11
107300.0,1245.56,58.12
107400.0,1245.79,58.13
107500.0,1246.03,58.14
107600.0,1246.28,58.15
107700.0,1246.49,58.16
107800.0,1246.77,58.17
108000.0,1246.98,58.18
108100.0,1247.23,58.19
108200.0,1247.56,58.2
108300.0,1247.87,58.21
108400.0,1248.18,58.22
108500.0,1248.47,58.24
108600.0,1248.78,58.26
108700.0,1249.1,58.28
108800.0,1249.43,58.3
109000.0,1249.79,58.32
109100.0,1250.17,58.34
109200.0,1250.5,58.36
109300.0,1250.82,58.38
109400.0,1251.2,58.4
109500.0,1251.53,58.42
109600.0,1251.91,58.44
109700.0,1252.26,58.46
109800.0,1252.57,58.48
110000.0,1252.92,58.51
110100.0,1253.23,58.54
110200.0,1253.57,58.56
110300.0,1253.87,58.59
110400.0,1254.18,58.6
110500.0,1254.42,58.61
110600.0,1254.62,58.62
110700.0,1254.84,58.63
110800.0,1255.05,58.64
110900.0,1255.24,58.65
111100.0,1255.39,58.66
111200.0,1255.51,58.67
111300.0,1255.54,58.68
111400.0,1255.64,58.69
111500.0,1255.68,58.7
111600.0,1255.64,58.71
111700.0,1255.65,58.72
111800.0,1255.62,58.73
111900.0,1255.52,58.73
112100.0,1255.46,58.73
112200.0,1255.34,58.73
112300.0,1255.22,58.73
112400.0,1255.06,58.73
112500.0,1254.88,58.73
112600.0,1254.78,58.73
112700.0,1254.53,58.73
112800.0,1254.36,58.73
112900.0,1254.18,58.73
113100.0,1254.0,58.73
113200.0,1253.8,58.72
113300.0,1253.61,58.71
113400.0,1253.3,58.7
113500.0,1252.98,58.69
113600.0,1252.66,58.68
113700.0,1252.34,58.67
113800.0,1251.94,58.66
113900.0,1251.6,58.65
114000.0,1251.18,58.64
114200.0,1250.82,58.63
114300.0,1250.42,58.62
114400.0,1250.005,58.605
114500.0,1249.635,58.585
114600.0,1249.135,58.565
114700.0,1248.735,58.545
114800.0,1248.275,58.525
114900.0,1247.865,58.505
115000.0,1247.395,58.485
115100.0,1246.915,58.465
115300.0,1246.395,58.435
115400.0,1245.895,58.405
115500.0,1245.315,58.375
115600.0,1244.755,58.345
115700.0,1244.185,58.315
115800.0,1243.615,58.285
115900.0,1242.985,58.255
116000.0,1242.415,58.225
116100.0,1241.845,58.195
116300.0,1241.275,58.165
116400.0,1240.665,58.135
116500.0,1240.085,58.105
116600.0,1239.555,58.075
116700.0,1239.015,58.045
116800.0,1238.515,58.015
116900.0,1237.955,57.985
117000.0,1237.445,57.955
117100.0,1236.955,57.925
117200.0,1236.525,57.895
117400.0,1236.005,57.865
117500.0,1235.485,57.835
117600.0,1235.025,57.805
117700.0,1234.535,57.775
117800.0,1234.075,57.745
117900.0,1233.625,57.715
118000.0,1233.225,57.685
118100.0,1232.865,57.655
118200.0,1232.465,57.625
118400.0,1232.135,57.595
118500.0,1231.785,57.565
118600.0,1231.485,57.535
118700.0,1231.195,57.505
118800.0,1230.905,57.475
118900.0,1230.605,57.455
119000.0,1230.325,57.435
119100.0,1230.065,57.415
119200.0,1229.76,57.395
119300.0,1229.48,57.375
119500.0,1229.18,57.355
119600.0,1228.87,57.335
119700.0,1228.51,57.315
119800.0,1228.11,57.295
119900.0,1227.72,57.275
120000.0,1227.29,57.255
120100.0,1226.6,57.225
120200.0,1226.27,57.195
120300.0,1225.75,57.165
120400.0,1225.38,57.135
120600.0,1224.95,57.105
120700.0,1224.55,57.075
120800.0,1224.02,57.045
120900.0,1223.66,57.015
121000.0,1223.3,56.975
121100.0,1222.8,56.935
121200.0,1222.37,56.895
121300.0,1221.92,56.845
121400.0,1221.42,56.805
121600.0,1221.02,56.765
121700.0,1220.57,56.725
121800.0,1220.11,56.685
121900.0,1219.59,56.645
122000.0,1219.14,56.605
122100.0,1218.67,56.565
122200.0,1218.22,56.525
122300.0,1217.83,56.485
122400.0,1217.37,56.445
122600.0,1216.89,56.405
122700.0,1216.46,56.365
122800.0,1215.97,56.315
122900.0,1215.55,56.265
123000.0,1215.16,56.225
123100.0,1214.82,56.185
123200.0,1214.42,56.145
123300.0,1214.06,56.105
123400.0,1213.72,56.065
123600.0,1213.48,56.025
123700.0,1213.22,55.985
123800.0,1213.11,55.95
123900.0,1213.02,55.92
124000.0,1212.97,55.89
124100.0,1212.91,55.86
124200.0,1212.91,55.84
124300.0,1212.91,55.82
124500.0,1212.98,55.8
124600.0,1213.07,55.78
124700.0,1213.255,55.76
124800.0,1213.415,55.74
124900.0,1213.575,55.72
125000.0,1213.755,55.7
125100.0,1213.965,55.68
125200.0,1214.165,55.66
125400.0,1214.435,55.64
125500.0,1214.73,55.625
125600.0,1215.05,55.615
125700.0,1215.32,55.605
125800.0,1215.57,55.595
125900.0,1215.81,55.585
126000.0,1216.03,55.575
126100.0,1216.26,55.565
126300.0,1216.44,55.555
126400.0,1216.65,55.545
126500.0,1216.82,55.535
126600.0,1217.03,55.525
126700.0,1217.19,55.515
126800.0,1217.35,55.505
126900.0,1217.58,55.495
127100.0,1217.84,55.485
127200.0,1218.01,55.475
127300.0,1218.2,55.465
127400.0,1218.37,55.455
127500.0,1218.57,55.445
127600.0,1218.76,55.435
127700.0,1218.85,55.425
127800.0,1218.98,55.415
128000.0,1219.04,55.405
128100.0,1219.21,55.395
128200.0,1219.32,55.385
128300.0,1219.43,55.375
128400.0,1219.49,55.365
128500.0,1219.54,55.355
128600.0,1219.59,55.345
128700.0,1219.58,55.335
128900.0,1219.51,55.325
129000.0,1219.44,55.315
129100.0,1219.35,55.305
129200.0,1219.24,55.295
129300.0,1219.14,55.285
129400.0,1219.01,55.275
129500.0,1218.84,55.265
129700.0,1218.66,55.255
129800.0,1218.43,55.245
129900.0,1218.21,55.235
130000.0,1218.04,55.225
130100.0,1217.83,55.205
130200.0,1217.66,55.185
130300.0,1217.46,55.165
130400.0,1217.265,55.145
130600.0,1217.105,55.125
130700.0,1216.895,55.105
130800.0,1216.725,55.085
130900.0,1216.545,55.065
131000.0,1216.425,55.045
131100.0,1216.305,55.025
131200.0,1216.235,55.005
131300.0,1216.395,54.995
131500.0,1216.175,54.985
131600.0,1216.165,54.975
131700.0,1216.065,54.965
131800.0,1215.975,54.955
131900.0,1215.745,54.945
132000.0,1215.735,54.935
132100.0,1215.565,54.925
132200.0,1215.375,54.915
132400.0,1215.365,54.905
132500.0,1215.275,54.905
132600.0,1215.215,54.905
132700.0,1215.245,54.905
132800.0,1215.215,54.905
132900.0,1215.185,54.905
133000.0,1215.235,54.905
133100.0,1215.295,54.905
133300.0,1215.335,54.905
133400.0,1215.385,54.905
133500.0,1215.445,54.915
133600.0,1215.535,54.925
133700.0,1215.675,54.935
133800.0,1215.845,54.945
133900.0,1215.975,54.945
134000.0,1216.125,54.955
134100.0,1216.245,54.975
134300.0,1216.385,54.995
134400.0,1216.555,55.015
134500.0,1216.805,55.035
134600.0,1216.935,55.055
134700.0,1217.075,55.075
134800.0,1217.175,55.095
134900.0,1217.175,55.115
135000.0,1217.215,55.13
135200.0,1217.215,55.14
135300.0,1217.245,55.15
135400.0,1217.265,55.16
135500.0,1217.255,55.17
135600.0,1217.225,55.18
135700.0,1217.205,55.19
135800.0,1217.215,55.2
135900.0,1217.16,55.21
136000.0,1217.16,55.23
136100.0,1217.25,55.25
136300.0,1217.38,55.27
136400.0,1217.53,55.29
136500.0,1217.64,55.31
136600.0,1217.76,55.33
136700.0,1217.94,55.35
136800.0,1218.04,55.37
136900.0,1218.3,55.39
137000.0,1218.58,55.42
137100.0,1219.01,55.44
137200.0,1219.3,55.46
137400.0,1219.76,55.49
137500.0,1220.43,55.52
137600.0,1221.16,55.55
137700.0,1222.02,55.58
137800.0,1222.91,55.61
137900.0,1223.79,55.64
138000.0,1224.75,55.67
138100.0,1225.68,55.7
138200.0,1226.68,55.73
138300.0,1227.74,55.77
138400.0,1228.8,55.81
138500.0,1229.93,55.85
138600.0,1231.09,55.89
138800.0,1232.22,55.93
138900.0,1233.43,55.97
139000.0,1234.63,56.01
139100.0,1235.93,56.05
139200.0,1237.18,56.09
139300.0,1238.48,56.13
139400.0,1239.82,56.17
139500.0,1241.23,56.22
139600.0,1242.7,56.27
139700.0,1244.24,56.32
139800.0,1245.68,56.37
140000.0,1247.24,56.42
140100.0,1248.78,56.47
140200.0,1250.35,56.52
140300.0,1251.97,56.57
140400.0,1253.62,56.62
140500.0,1255.28,56.67
140600.0,1256.97,56.72
140700.0,1258.65,56.77
140800.0,1260.36,56.82
140900.0,1262.04,56.87
141100.0,1263.71,56.93
141200.0,1265.46,56.99
141300.0,1267.1,57.05
141400.0,1268.7,57.11
141500.0,1270.39,57.17
141600.0,1272.02,57.23
141700.0,1273.61,57.29
141800.0,1275.22,57.35
141900.0,1276.76,57.41
142000.0,1278.29,57.47
142200.0,1279.81,57.53
142300.0,1281.28,57.59
142400.0,1282.75,57.65
142500.0,1284.23,57.71
142600.0,1285.61,57.77
142700.0,1286.95,57.83
142800.0,1288.25,57.89
142900.0,1289.55,57.95
143000.0,1290.7,58.01
143100.0,1291.83,58.07
143200.0,1292.94,58.13
143300.0,1293.99,58.19
143500.0,1295.04,58.25
143600.0,1296.22,58.32
143700.0,1297.3,58.39
143800.0,1298.37,58.46
143900.0,1299.53,58.53
144000.0,1300.62,58.6
144100.0,1301.71,58.67
144200.0,1302.81,58.74
144300.0,1303.94,58.81
144400.0,1304.99,58.87
144500.0,1306.04,58.93
144700.0,1307.03,58.99
144800.0,1308.04,59.05
144900.0,1309.11,59.12
145000.0,1310.18,59.19
145100.0,1311.24,59.25
145200.0,1312.37,59.31
145300.0,1313.48,59.37
145400.0,1314.58,59.43
145500.0,1315.77,59.49
145600.0,1316.94,59.55
145700.0,1318.12,59.61
145800.0,1319.32,59.67
146000.0,1320.4,59.73
146100.0,1321.64,59.79
146200.0,1322.79,59.85
146300.0,1323.93,59.91
146400.0,1325.09,59.97
146500.0,1326.32,60.03
146600.0,1327.54,60.1
146700.0,1328.76,60.17
146800.0,1329.97,60.24
146900.0,1331.16,60.3
147000.0,1332.31,60.36
147200.0,1333.44,60.42
147300.0,1334.56,60.48
147400.0,1335.73,60.54
147500.0,1336.85,60.6
147600.0,1337.9,60.66
147700.0,1339.03,60.72
147800.0,1340.09,60.78
147900.0,1341.15,60.84
148000.0,1342.09,60.91
148100.0,1343.16,60.98
148200.0,1344.09,61.04
148400.0,1344.87,61.1
148500.0,1345.59,61.16
148600.0,1346.13,61.22
148700.0,1346.67,61.28
148800.0,1347.27,61.34
148900.0,1347.78,61.4
149000.0,1348.27,61.46
149100.0,1348.7,61.52
149200.0,1349.13,61.57
149300.0,1349.54,61.62
149400.0,1349.83,61.67
149600.0,1350.11,61.72
149700.0,1350.32,61.77
149800.0,1350.49,61.82
149900.0,1350.71,61.87
150000.0,1350.84,61.92
150100.0,1350.87,61.97
150200.0,1350.96,62.02
150300.0,1350.96,62.07
150400.0,1350.93,62.11
150500.0,1350.84,62.15
150600.0,1350.71,62.19
150800.0,1350.66,62.23
150900.0,1350.52,62.27
151000.0,1350.46,62.31
151100.0,1350.35,62.35
151200.0,1350.19,62.39
151300.0,1349.93,62.43
151400.0,1349.7,62.47
151500.0,1349.47,62.51
151600.0,1349.24,62.55
151700.0,1349.04,62.59
151800.0,1348.79,62.63
151900.0,1348.5,62.66
152100.0,1348.17,62.69
152200.0,1347.93,62.72
152300.0,1347.77,62.75
152400.0,1347.52,62.78
152500.0,1347.32,62.81
152600.0,1347.19,62.84
152700.0,1347.06,62.87
152800.0,1347.09,62.9
152900.0,1347.09,62.93
153000.0,1347.11,62.96
153100.0,1347.15,62.99
153300.0,1347.16,63.02
153400.0,1347.25,63.06
153500.0,1347.43,63.1
153600.0,1347.55,63.14
153700.0,1347.74,63.18
153800.0,1348.04,63.22
153900.0,1348.38,63.26
154000.0,1348.72,63.3
154100.0,1349.12,63.34
154200.0,1349.54,63.38
154400.0,1349.98,63.42
154500.0,1350.28,63.45
154600.0,1350.65,63.48
154700.0,1351.03,63.51
154800.0,1351.38,63.54
154900.0,1351.69,63.57
155000.0,1352.06,63.6
155100.0,1352.44,63.63
155200.0,1352.76,63.66
155300.0,1353.13,63.69
155400.0,1353.58,63.72
155600.0,1354.04,63.75
155700.0,1354.51,63.78
155800.0,1354.91,63.81
155900.0,1355.35,63.84
156000.0,1355.81,63.87
156100.0,1356.16,63.9
156200.0,1356.47,63.93
156300.0,1356.83,63.96
156400.0,1357.18,63.99
156500.0,1357.52,64.02
156700.0,1357.82,64.05
156800.0,1358.13,64.08
156900.0,1358.52,64.11
157000.0,1358.72,64.14
157100.0,1358.94,64.17
157200.0,1359.22,64.2
157300.0,1359.47,64.23
157400.0,1359.71,64.26
157500.0,1359.88,64.28
157600.0,1359.99,64.3
157700.0,1360.15,64.31
157900.0,1360.22,64.32
158000.0,1360.23,64.33
158100.0,1360.24,64.35
158200.0,1360.24,64.37
158300.0,1360.2,64.38
158400.0,1360.21,64.39
158500.0,1360.23,64.4
158600.0,1360.22,64.41
158700.0,1360.26,64.42
158800.0,1360.23,64.43
158900.0,1360.26,64.44
159100.0,1360.3,64.45
159200.0,1360.27,64.46
159300.0,1360.27,64.47
159400.0,1360.23,64.48
159500.0,1360.2,64.49
159600.0,1360.16,64.5
159700.0,1360.11,64.51
159800.0,1360.06,64.52
159900.0,1360.0,64.53
160000.0,1359.95,64.54
160100.0,1359.9,64.55
160300.0,1359.88,64.56
160400.0,1359.91,64.57
160500.0,1359.91,64.58
160600.0,1359.99,64.59
160700.0,1360.15,64.6
160800.0,1360.2,64.61
160900.0,1360.28,64.62
161000.0,1360.44,64.63
161100.0,1360.57,64.64
161200.0,1360.72,64.65
161300.0,1360.79,64.66
161500.0,1360.93,64.67
161600.0,1361.05,64.68
161700.0,1361.2,64.69
161800.0,1361.38,64.7
161900.0,1361.46,64.71
162000.0,1361.51,64.72
162100.0,1361.61,64.73
162200.0,1361.75,64.74
162300.0,1361.92,64.75
162400.0,1362.05,64.76
162600.0,1362.22,64.77
162700.0,1362.35,64.78
162800.0,1362.51,64.79
162900.0,1362.67,64.8
163000.0,1362.79,64.81
163100.0,1362.88,64.82
163200.0,1362.87,64.83
163300.0,1362.88,64.84
163500.0,1362.9,64.85
163600.0,1363.0,64.86
163700.0,1362.83,64.86
163800.0,1362.75,64.86
163900.0,1362.6,64.86
164000.0,1362.42,64.86
164100.0,1362.26,64.86
164200.0,1361.86,64.86
164300.0,1361.53,64.85
164400.0,1361.36,64.84
164600.0,1361.13,64.83
164700.0,1360.75,64.81
164800.0,1360.38,64.79
164900.0,1360.01,64.77
165000.0,1359.6,64.75
165100.0,1359.18,64.73
165200.0,1358.67,64.7
165300.0,1358.18,64.67
165400.0,1357.66,64.64
165600.0,1357.07,64.61
165700.0,1356.46,64.58
165800.0,1355.81,64.55
165900.0,1355.17,64.51
166000.0,1354.49,64.47
166100.0,1353.76,64.43
166200.0,1353.06,64.39
166300.0,1352.34,64.35
166400.0,1351.74,64.31
166600.0,1351.07,64.27
166700.0,1350.12,64.23
166800.0,1349.41,64.19
166900.0,1348.51,64.14
167000.0,1347.67,64.09
167100.0,1346.84,64.04
167200.0,1346.06,63.99
167300.0,1345.21,63.94
167400.0,1344.32,63.89
167600.0,1343.45,63.84
167700.0,1342.61,63.79
167800.0,1341.82,63.74
167900.0,1340.99,63.69
168000.0,1340.27,63.64
168100.0,1339.55,63.59
168200.0,1338.8,63.54
168300.0,1338.01,63.49
168500.0,1337.25,63.44
168600.0,1336.58,63.39
168700.0,1335.93,63.34
168800.0,1335.19,63.3
168900.0,1334.56,63.26
169000.0,1333.98,63.22
169100.0,1333.5,63.18
169200.0,1332.86,63.14
169300.0,1332.34,63.11
169500.0,1331.86,63.08
169600.0,1331.33,63.05
169700.0,1330.75,63.02
169800.0,1330.18,62.99
169900.0,1329.63,62.95
170000.0,1328.94,62.91
170100.0,1328.3,62.87
170200.0,1327.66,62.83
170300.0,1326.98,62.79
170500.0,1326.31,62.75
170600.0,1325.67,62.71
170700.0,1325.04,62.67
170800.0,1324.33,62.63
170900.0,1323.63,62.59
171000.0,1322.97,62.54
171100.0,1322.275,62.49
171200.0,1321.565,62.44
171400.0,1320.825,62.39
171500.0,1320.125,62.34
171600.0,1319.415,62.29
171700.0,1318.685,62.24
171800.0,1317.945,62.19
171900.0,1317.255,62.14
172000.0,1316.605,62.09
172100.0,1315.985,62.04
172300.0,1315.315,61.99
172400.0,1314.605,61.94
172500.0,1313.985,61.89
172600.0,1313.305,61.84
172700.0,1312.765,61.79
172800.0,1312.245,61.74
172900.0,1311.655,61.69
173000.0,1311.185,61.64
173200.0,1310.765,61.59
173300.0,1310.265,61.54
173400.0,1309.835,61.5
173500.0,1309.415,61.46
173600.0,1309.015,61.42
173700.0,1308.535,61.38
173800.0,1308.155,61.34
173900.0,1307.735,61.3
174000.0,1307.355,61.26
174200.0,1306.975,61.22
174300.0,1306.665,61.18
174400.0,1306.455,61.14
174500.0,1306.265,61.1
174600.0,1306.045,61.06
174700.0,1305.735,61.02
174800.0,1305.755,60.99
174900.0,1305.615,60.96
175000.0,1305.545,60.94
175100.0,1305.465,60.92
175300.0,1305.335,60.89
175400.0,1305.595,60.87
175500.0,1305.665,60.84
175600.0,1305.595,60.82
175700.0,1305.735,60.8
175800.0,1305.995,60.79
175900.0,1306.235,60.78
176000.0,1306.555,60.77
176100.0,1306.955,60.76
176300.0,1307.335,60.75
176400.0,1307.855,60.75
176500.0,1308.355,60.75
176600.0,1308.895,60.75
176700.0,1309.495,60.75
176800.0,1310.115,60.75
176900.0,1310.765,60.75
177000.0,1311.475,60.76
177100.0,1312.135,60.77
177200.0,1312.785,60.78
177400.0,1313.495,60.79
177500.0,1314.165,60.8
177600.0,1314.615,60.81
177700.0,1315.155,60.83
177800.0,1316.005,60.85
177900.0,1316.615,60.87
178000.0,1317.405,60.9
178100.0,1318.105,60.93
178200.0,1318.875,60.96
178300.0,1319.645,60.99
178500.0,1320.435,61.02
178600.0,1321.275,61.05
178700.0,1322.145,61.08
178800.0,1322.955,61.11
178900.0,1323.765,61.14
179000.0,1324.555,61.17
179100.0,1325.295,61.2
179200.0,1326.035,61.23
179300.0,1326.775,61.27
179500.0,1327.545,61.3
179600.0,1328.245,61.33
179700.0,1328.955,61.37
179800.0,1329.565,61.4
179900.0,1330.105,61.43
180000.0,1330.545,61.46
180100.0,1330.945,61.49
180200.0,1331.205,61.51
180300.0,1331.555,61.53
180500.0,1331.785,61.55
180600.0,1331.955,61.57
180700.0,1332.085,61.58
180800.0,1332.045,61.59
180900.0,1331.995,61.6
181000.0,1332.165,61.61
181100.0,1332.135,61.62
181200.0,1332.145,61.62
181300.0,1332.155,61.62
181400.0,1332.045,61.62
181600.0,1331.955,61.62
181700.0,1331.835,61.62
181800.0,1331.655,61.61
181900.0,1331.475,61.6
182000.0,1331.245,61.59
182100.0,1330.965,61.59
182200.0,1330.67,61.59
182300.0,1330.35,61.58
182400.0,1329.98,61.57
182500.0,1329.63,61.56
182700.0,1329.23,61.55
182800.0,1328.79,61.53
182900.0,1328.31,61.51
183000.0,1327.76,61.49
183100.0,1327.16,61.47
183200.0,1326.51,61.45
183300.0,1325.88,61.42
183400.0,1325.23,61.39
183500.0,1324.59,61.36
183600.0,1323.83,61.33
183800.0,1323.0,61.3
183900.0,1322.17,61.27
184000.0,1321.37,61.23
184100.0,1320.41,61.19
184200.0,1319.52,61.15
184300.0,1318.7,61.11
184400.0,1317.87,61.06
184500.0,1316.99,61.01
184600.0,1316.17,60.96
184700.0,1315.41,60.91
184800.0,1314.49,60.85
184900.0,1313.59,60.79
185100.0,1312.63,60.73
185200.0,1311.79,60.67
185300.0,1310.81,60.61
185400.0,1309.86,60.54
185500.0,1308.95,60.47
185600.0,1308.05,60.4
185700.0,1307.12,60.33
185800.0,1306.13,60.26
185900.0,1305.05,60.19
186000.0,1304.01,60.11
186100.0,1302.94,60.02
186200.0,1301.89,59.94
186400.0,1300.78,59.85
186500.0,1299.73,59.76
186600.0,1298.65,59.66
186700.0,1297.44,59.56
186800.0,1296.3,59.46
186900.0,1295.14,59.36
187000.0,1293.88,59.25
187100.0,1292.62,59.14
187200.0,1291.34,59.03
187300.0,1290.02,58.91
187400.0,1288.69,58.79
187600.0,1287.33,58.67
187700.0,1285.95,58.54
187800.0,1284.63,58.41
187900.0,1283.32,58.28
188000.0,1282.02,58.15
188100.0,1280.88,58.01
188200.0,1279.79,57.87
188300.0,1278.67,57.73
188400.0,1277.59,57.59
188500.0,1276.52,57.45
188600.0,1275.44,57.29
188800.0,1274.26,57.13
188900.0,1273.1,56.97
189000.0,1271.9,56.81
189100.0,1270.71,56.64
189200.0,1269.44,56.47
189300.0,1268.16,56.29
189400.0,1266.89,56.11
189500.0,1265.62,55.93
189600.0,1264.31,55.74
189700.0,1262.99,55.55
189800.0,1261.66,55.36
190000.0,1260.36,55.16
190100.0,1259.02,54.96
190200.0,1257.72,54.76
190300.0,1256.44,54.54
190400.0,1255.15,54.33
190500.0,1253.89,54.11
190600.0,1252.61,53.88
190700.0,1251.44,53.66
190800.0,1250.47,53.43
190900.0,1249.51,53.2
191000.0,1248.72,52.97
191200.0,1247.88,52.74
191300.0,1247.14,52.51
191400.0,1246.34,52.27
191500.0,1245.54,52.03
191600.0,1244.77,51.8
191700.0,1244.11,51.56
191800.0,1243.45,51.32
191900.0,1242.58,51.08
192000.0,1242.06,50.83
192100.0,1241.44,50.6
192300.0,1240.92,50.36
192400.0,1240.47,50.12
192500.0,1240.02,49.88
192600.0,1239.6,49.63
192700.0,1239.24,49.39
192800.0,1238.9,49.14
192900.0,1238.56,48.89
193000.0,1238.24,48.64
193100.0,1237.95,48.38
193200.0,1237.58,48.13
193400.0,1237.26,47.87
193500.0,1236.93,47.61
193600.0,1236.66,47.34
193700.0,1236.45,47.08
193800.0,1236.19,46.81
193900.0,1236.03,46.54
194000.0,1235.86,46.26
194100.0,1235.78,45.98
194200.0,1235.65,45.71
194300.0,1235.7,45.43
194400.0,1235.71,45.15
194600.0,1235.87,44.86
194700.0,1235.93,44.57
194800.0,1235.99,44.28
194900.0,1236.07,43.99
195000.0,1236.11,43.7
195100.0,1236.23,43.4
195200.0,1236.26,43.1
195300.0,1236.28,42.79
195400.0,1236.06,42.48
195500.0,1235.74,42.16
195700.0,1235.42,41.84
195800.0,1235.1,41.52
195900.0,1235.04,41.2
196000.0,1234.73,40.87
196100.0,1234.43,40.54
196200.0,1234.03,40.2
196300.0,1233.5,39.87
196400.0,1232.85,39.53
196500.0,1231.64,39.19
196600.0,1229.68,38.85
196800.0,1227.05,38.51
196900.0,1225.78,38.16
197000.0,1225.31,37.81
197100.0,1224.96,37.47
197200.0,1224.47,37.13
197300.0,1223.69,36.79
197400.0,1222.85,36.46
197500.0,1221.97,36.13
197600.0,1221.13,35.8
197700.0,1220.61,35.46
197800.0,1220.45,35.13
197900.0,1221.1,34.8
198100.0,1222.35,34.48
198200.0,1224.34,34.15
198300.0,1227.13,33.84
198400.0,1230.94,33.53
198500.0,1236.06,33.22
198600.0,1241.74,32.92
198700.0,1248.1,32.63
198800.0,1254.58,32.34
198900.0,1260.84,32.05
199000.0,1266.53,31.78
199200.0,1272.06,31.51
199300.0,1277.49,31.24
199400.0,1282.77,30.98
199500.0,1287.86,30.72
199600.0,1292.82,30.48
199700.0,1297.8,30.24
199800.0,1302.32,30.01
199900.0,1306.64,29.78
200000.0,1310.69,29.57
200100.0,1314.82,29.36
200200.0,1318.85,29.17
200400.0,1322.86,28.98
200500.0,1326.55,28.8
200600.0,1330.12,28.63
200700.0,1333.48,28.46
200800.0,1337.06,28.3
200900.0,1340.98,28.16
201000.0,1344.98,28.02
201100.0,1349.13,27.89
201200.0,1353.48,27.77
201300.0,1358.21,27.66
201400.0,1363.25,27.57
201600.0,1368.49,27.48
201700.0,1373.86,27.4
201800.0,1379.41,27.33
201900.0,1385.09,27.27
202000.0,1390.81,27.21
202100.0,1396.49,27.16
202200.0,1402.33,27.11
202300.0,1408.25,27.08
202400.0,1414.39,27.06
202500.0,1420.49,27.04
202600.0,1426.76,27.04
202700.0,1433.14,27.04
202900.0,1439.46,27.05
203000.0,1445.84,27.08
203100.0,1452.27,27.1
203200.0,1458.5,27.14
203300.0,1464.73,27.19
203400.0,1470.98,27.24
203500.0,1476.99,27.31
203600.0,1482.94,27.38
203700.0,1488.76,27.47
203800.0,1494.62,27.56
203900.0,1500.24,27.66
204100.0,1505.96,27.77
204200.0,1511.6,27.89
204300.0,1517.21,28.02
204400.0,1522.83,28.16
204500.0,1528.38,28.31
204600.0,1533.91,28.47
204700.0,1539.42,28.64
204800.0,1544.85,28.81
204900.0,1550.26,29.0
205000.0,1555.54,29.19
205200.0,1560.84,29.38
205300.0,1566.06,29.59
205400.0,1571.28,29.8
205500.0,1576.43,30.02
205600.0,1581.66,30.25
205700.0,1586.92,30.48
205800.0,1592.17,30.72
205900.0,1597.4,30.97
206000.0,1602.48,31.23
206100.0,1607.57,31.49
206300.0,1612.56,31.77
206400.0,1617.64,32.05
206500.0,1622.76,32.34
206600.0,1627.63,32.64
206700.0,1632.14,32.95
206800.0,1636.43,33.26
206900.0,1640.47,33.58
207000.0,1644.11,33.91
207100.0,1647.61,34.25
207200.0,1651.03,34.59
207400.0,1654.38,34.94
207500.0,1658.05,35.29
207600.0,1662.42,35.64
207700.0,1667.25,36.0
207800.0,1670.72,36.37
207900.0,1673.32,36.74
208000.0,1675.82,37.11
208100.0,1678.47,37.48
208300.0,1681.41,37.86
208400.0,1684.46,38.24
208500.0,1687.41,38.62
208600.0,1690.37,39.0
208700.0,1692.97,39.39
208800.0,1695.13,39.77
208900.0,1696.54,40.17
209000.0,1697.25,40.56
209100.0,1697.23,40.96
209300.0,1696.2,41.35
209400.0,1694.16,41.74
209500.0,1690.58,42.13
209600.0,1686.2,42.52
209700.0,1680.98,42.9
209800.0,1675.4,43.29
209900.0,1669.98,43.68
210000.0,1664.8,44.06
210100.0,1659.79,44.44
210300.0,1654.76,44.82
210400.0,1649.83,45.19
210500.0,1645.15,45.56
210600.0,1640.57,45.92
210700.0,1636.0,46.28
210800.0,1631.9,46.63
210900.0,1628.05,46.98
211000.0,1624.43,47.32
211100.0,1620.86,47.66
211200.0,1617.31,48.0
211400.0,1613.73,48.34
211500.0,1610.43,48.67
211600.0,1607.26,49.0
211700.0,1604.25,49.33
211800.0,1600.96,49.65
211900.0,1597.36,49.96
212000.0,1593.64,50.27
212100.0,1589.67,50.56
212200.0,1585.55,50.85
212400.0,1581.01,51.13
212500.0,1576.13,51.4
212600.0,1571.03,51.67
212700.0,1565.76,51.93
212800.0,1560.18,52.19
212900.0,1554.45,52.44
213000.0,1548.57,52.69
213100.0,1542.75,52.93
213200.0,1536.75,53.17
213300.0,1530.7,53.39
213500.0,1524.38,53.6
213600.0,1518.15,53.81
213700.0,1511.77,54.01
213800.0,1505.36,54.21
213900.0,1498.84,54.4
214000.0,1492.26,54.58
214100.0,1485.61,54.76
214200.0,1479.08,54.92
214400.0,1472.59,55.07
214500.0,1466.1,55.22
214600.0,1459.71,55.36
214700.0,1453.47,55.5
214800.0,1447.36,55.63
214900.0,1441.24,55.75
215000.0,1435.38,55.86
215100.0,1429.48,55.97
215200.0,1423.74,56.07
215400.0,1418.08,56.17
215500.0,1412.42,56.25
215600.0,1406.86,56.33
215700.0,1401.3,56.4
215800.0,1395.81,56.47
215900.0,1390.38,56.54
216000.0,1385.02,56.6
216100.0,1379.71,56.66
216200.0,1374.43,56.71
216400.0,1369.14,56.75
216500.0,1363.84,56.79
216600.0,1358.55,56.83
216700.0,1353.24,56.86
216800.0,1347.92,56.88
216900.0,1342.6,56.9
217000.0,1337.43,56.91
217100.0,1332.27,56.92
217200.0,1327.17,56.93
217400.0,1322.13,56.92
217500.0,1317.23,56.91
217600.0,1312.33,56.9
217700.0,1307.68,56.88
217800.0,1303.485,56.855
217900.0,1299.265,56.825
218000.0,1295.555,56.795
218100.0,1292.205,56.755
218200.0,1289.105,56.715
218400.0,1286.205,56.675
218500.0,1283.405,56.625
218600.0,1280.895,56.575
218700.0,1278.485,56.525
218800.0,1276.355,56.465
218900.0,1274.195,56.405
219000.0,1272.045,56.345
219100.0,1269.995,56.275
219200.0,1267.795,56.215
219400.0,1265.455,56.135
219500.0,1263.175,56.055
219600.0,1260.815,55.975
219700.0,1258.495,55.895
219800.0,1255.905,55.815
219900.0,1253.495,55.735
220000.0,1250.955,55.645
220100.0,1248.485,55.555
220300.0,1245.975,55.465
220400.0,1243.605,55.375
220500.0,1241.435,55.285
220600.0,1239.925,55.195
220700.0,1238.915,55.095
220800.0,1237.875,54.995
220900.0,1236.985,54.885
221000.0,1236.365,54.775
221200.0,1235.905,54.665
221300.0,1235.275,54.555
221400.0,1234.795,54.445
221500.0,1234.355,54.335
221600.0,1234.075,54.215
221700.0,1233.395,54.095
221800.0,1232.845,53.975
221900.0,1232.135,53.855
222000.0,1231.305,53.735
222200.0,1230.625,53.615
222300.0,1229.735,53.495
222400.0,1228.935,53.365
222500.0,1228.295,53.235
222600.0,1227.625,53.115
222700.0,1227.005,52.995
222800.0,1226.555,52.875
222900.0,1226.125,52.755
223100.0,1225.745,52.635
223200.0,1225.465,52.515
223300.0,1225.255,52.405
223400.0,1224.925,52.295
223500.0,1224.805,52.185
223600.0,1224.575,52.075
223700.0,1224.365,51.975
223800.0,1224.205,51.875
223900.0,1223.955,51.775
224100.0,1223.755,51.665
224200.0,1223.565,51.555
224300.0,1223.375,51.445
224400.0,1223.205,51.335
224500.0,1223.065,51.235
224600.0,1223.025,51.135
224700.0,1222.825,51.035
224800.0,1222.575,50.935
224900.0,1222.265,50.835
225100.0,1222.095,50.735
225200.0,1222.105,50.635
225300.0,1222.125,50.535
225400.0,1222.465,50.435
225500.0,1222.465,50.335
225600.0,1222.495,50.235
225700.0,1222.405,50.125
225800.0,1222.445,50.015
225900.0,1222.265,49.895
226100.0,1222.135,49.775
226200.0,1221.935,49.655
226300.0,1221.615,49.525
226400.0,1221.365,49.385
226500.0,1221.055,49.235
226600.0,1220.955,49.085
226700.0,1221.075,48.925
226800.0,1221.265,48.755
226900.0,1221.755,48.585
227100.0,1222.265,48.405
227200.0,1222.865,48.215
227300.0,1223.415,48.015
227400.0,1223.925,47.825
227500.0,1224.345,47.625
227600.0,1224.695,47.415
227700.0,1224.855,47.205
227800.0,1224.875,46.985
227900.0,1224.665,46.765
228100.0,1224.275,46.535
228200.0,1223.835,46.295
228300.0,1223.455,46.055
228400.0,1223.245,45.805
228500.0,1223.175,45.565
228600.0,1223.255,45.315
228700.0,1223.465,45.065
228800.0,1223.605,44.805
228900.0,1223.59,44.54
229000.0,1223.43,44.27
229200.0,1223.21,44.0
229300.0,1222.95,43.72
229400.0,1222.9,43.44
229500.0,1223.01,43.15
229600.0,1223.29,42.87
229700.0,1223.445,42.585
229800.0,1222.825,42.295
229900.0,1221.755,42.005
230000.0,1219.825,41.715
230100.0,1217.945,41.425
230200.0,1217.075,41.145
230400.0,1217.165,40.845
230500.0,1217.325,40.555
230600.0,1217.255,40.265
230700.0,1217.385,39.975
230800.0,1217.525,39.685
230900.0,1218.345,39.395
231000.0,1218.915,39.105
231100.0,1219.515,38.815
231200.0,1220.035,38.525
231300.0,1220.705,38.235
231400.0,1221.545,37.945
231600.0,1222.455,37.655
231700.0,1223.485,37.365
231800.0,1224.905,37.085
231900.0,1227.25,36.805
232000.0,1230.56,36.535
232100.0,1234.71,36.265
232200.0,1239.78,35.995
232300.0,1245.18,35.725
232400.0,1250.78,35.465
232500.0,1256.35,35.215
232700.0,1261.36,34.975
232800.0,1266.23,34.735
232900.0,1270.86,34.505
233000.0,1275.12,34.275
233100.0,1278.87,34.045
233200.0,1281.62,33.825
233300.0,1283.64,33.605
233400.0,1285.12,33.395
233500.0,1286.29,33.185
233700.0,1287.22,32.965
233800.0,1288.02,32.745
233900.0,1288.65,32.535
234000.0,1289.17,32.325
234100.0,1289.4,32.115
234200.0,1289.49,31.905
234300.0,1289.38,31.705
234400.0,1289.24,31.505
234500.0,1288.85,31.305
234700.0,1288.45,31.105
234800.0,1288.08,30.895
234900.0,1287.48,30.685
235000.0,1287.04,30.475
235100.0,1286.56,30.275
235200.0,1286.34,30.085
235300.0,1286.04,29.885
235400.0,1285.88,29.685
235500.0,1285.69,29.485
235700.0,1285.47,29.285
235800.0,1285.0,29.085
235900.0,1285.13,28.885
236000.0,1285.39,28.685
236100.0,1285.69,28.485
236200.0,1285.71,28.285
236300.0,1285.43,28.085
236400.0,1284.98,27.895
236600.0,1284.96,27.705
236700.0,1284.6,27.515
236800.0,1284.29,27.335
236900.0,1283.76,27.155
237000.0,1283.61,26.975
237100.0,1283.4,26.805
237200.0,1283.01,26.635
237300.0,1283.25,26.475
237400.0,1283.96,26.325
237600.0,1284.59,26.185
237700.0,1284.74,26.055
237800.0,1284.59,25.935
237900.0,1284.37,25.815
238000.0,1283.58,25.695
238100.0,1282.76,25.585
238200.0,1281.7,25.485
238300.0,1280.66,25.395
238400.0,1279.78,25.315
238600.0,1278.84,25.245
238700.0,1277.87,25.185
238800.0,1277.33,25.125
238900.0,1276.82,25.075
239000.0,1276.51,25.035
239100.0,1276.38,25.005
239200.0,1276.24,24.985
239300.0,1276.02,24.965
239400.0,1275.61,24.955
239600.0,1275.08,24.945
239700.0,1274.32,24.955
239800.0,1273.44,24.965
239900.0,1272.6,24.985
240000.0,1271.91,25.015
240100.0,1271.37,25.055
240200.0,1270.93,25.095
240300.0,1270.57,25.145
240500.0,1270.16,25.195
240600.0,1269.77,25.265
240700.0,1269.37,25.335
240800.0,1269.035,25.41
240900.0,1269.455,25.49
241000.0,1270.175,25.57
241100.0,1271.945,25.65
241200.0,1273.745,25.73
241400.0,1274.435,25.82
241500.0,1274.365,25.92
241600.0,1274.345,26.02
241700.0,1274.505,26.12
241800.0,1274.765,26.23
241900.0,1275.025,26.34
242000.0,1274.765,26.45
242100.0,1274.675,26.56
242300.0,1274.725,26.67
242400.0,1274.765,26.78
242500.0,1274.615,26.89
242600.0,1274.155,27.0
242700.0,1273.415,27.11
242800.0,1272.105,27.22
242900.0,1270.185,27.33
243000.0,1267.44,27.44
243200.0,1263.87,27.54
243300.0,1259.29,27.64
243400.0,1253.68,27.74
243500.0,1247.6,27.84
243600.0,1241.88,27.92
243700.0,1235.62,27.99
243800.0,1229.99,28.06
243900.0,1224.7,28.12
244000.0,1219.56,28.17
244100.0,1214.9,28.21
244300.0,1210.86,28.24
244400.0,1207.71,28.26
244500.0,1205.41,28.27
244600.0,1203.68,28.27
244700.0,1202.24,28.27
244800.0,1201.11,28.26
244900.0,1200.12,28.24
245000.0,1199.2,28.21
245100.0,1198.39,28.17
245300.0,1197.83,28.13
245400.0,1197.34,28.09
245500.0,1197.06,28.03
245600.0,1196.81,27.96
245700.0,1196.63,27.89
245800.0,1196.54,27.81
245900.0,1196.12,27.73
246000.0,1195.16,27.65
246100.0,1193.19,27.56
246200.0,1192.36,27.47
246400.0,1191.66,27.36
246500.0,1191.25,27.26
246600.0,1190.5,27.16
246700.0,1189.58,27.05
246800.0,1188.58,26.94
246900.0,1187.75,26.83
247000.0,1186.38,26.71
247100.0,1184.74,26.59
247200.0,1182.96,26.46
247300.0,1181.05,26.33
247400.0,1179.4,26.2
247600.0,1177.48,26.06
247700.0,1175.39,25.92
247800.0,1173.46,25.78
247900.0,1171.75,25.63
248000.0,1169.98,25.48
248100.0,1167.97,25.34
248200.0,1165.86,25.19
248300.0,1163.95,25.04
248400.0,1161.34,24.89
248500.0,1158.01,24.73
248700.0,1154.66,24.57
248800.0,1151.44,24.41
248900.0,1148.2,24.24
249000.0,1144.9,24.08
249100.0,1141.73,23.92
249200.0,1138.51,23.75
249300.0,1135.37,23.58
249400.0,1132.21,23.41
249500.0,1128.81,23.22
249700.0,1125.46,23.03
249800.0,1122.14,22.84
249900.0,1118.45,22.64
250000.0,1114.61,22.44
250100.0,1110.44,22.24
250200.0,1106.22,22.03
250300.0,1101.75,21.82
250400.0,1097.08,21.61
250500.0,1092.19,21.39
250600.0,1087.14,21.17
250800.0,1082.09,20.94
250900.0,1076.97,20.7
251000.0,1071.82,20.46
251100.0,1066.71,20.22
251200.0,1061.57,19.97
251300.0,1056.5,19.72
251400.0,1051.33,19.47
251500.0,1046.12,19.21
251600.0,1040.66,18.94
251700.0,1035.01,18.67
251800.0,1029.44,18.4
252000.0,1023.82,18.11
252100.0,1018.19,17.82
252200.0,1012.47,17.53
252300.0,1006.67,17.24
252400.0,1000.97,16.94
252500.0,995.29,16.64
252600.0,989.64,16.34
252700.0,983.97,16.04
252800.0,978.2,15.73
252900.0,972.4,15.42
253000.0,966.72,15.11
253100.0,961.06,14.8
253300.0,955.37,14.49
253400.0,949.8,14.18
253500.0,944.37,13.87
253600.0,939.12,13.56
253700.0,933.94,13.25
253800.0,928.79,12.94
253900.0,923.66,12.63
254000.0,918.48,12.32
254100.0,913.39,12.01
254200.0,908.17,11.7
254300.0,903.06,11.39
254500.0,898.31,11.08
254600.0,892.88,10.78
254700.0,888.11,10.48
254800.0,882.97,10.18
254900.0,877.95,9.89
255000.0,872.92,9.6
255100.0,867.93,9.32
255200.0,862.91,9.05
255300.0,857.92,8.78
255400.0,852.93,8.52
255500.0,847.98,8.26
255600.0,842.82,8.0
255800.0,837.74,7.75
255900.0,832.52,7.51
256000.0,827.34,7.27
256100.0,822.1,7.04
256200.0,816.91,6.81
256300.0,811.71,6.58
256400.0,806.52,6.36
256500.0,801.38,6.15
256600.0,796.19,5.94
256700.0,791.13,5.74
256800.0,786.32,5.54
257000.0,782.37,5.34
257100.0,779.29,5.15
257200.0,775.18,4.96
257300.0,770.57,4.78
257400.0,765.83,4.6
257500.0,761.18,4.42
257600.0,756.76,4.25
257700.0,752.36,4.08
257800.0,748.24,3.91
257900.0,744.23,3.75
258000.0,740.15,3.59
258100.0,736.28,3.44
258300.0,732.54,3.29
258400.0,728.84,3.14
258500.0,725.32,3.0
258600.0,721.89,2.86
258700.0,718.56,2.72
258800.0,715.25,2.59
258900.0,712.04,2.46
259000.0,708.99,2.33
259100.0,706.02,2.21
259200.0,703.1,2.09
259300.0,700.39,1.97
259400.0,697.79,1.86
259600.0,695.38,1.75
259700.0,693.06,1.64
259800.0,690.76,1.54
259900.0,688.57,1.44
260000.0,686.48,1.34
260100.0,684.48,1.25
260200.0,682.52,1.16
260300.0,680.66,1.07
260400.0,678.84,0.99
260500.0,677.11,0.91
260600.0,675.48,0.83
260700.0,674.03,0.76
260900.0,672.81,0.69
261000.0,671.92,0.62
261100.0,671.09,0.56
261200.0,670.41,0.5
261300.0,669.97,0.44
261400.0,669.76,0.39
261500.0,669.65,0.34
261600.0,669.61,0.29
261700.0,669.66,0.25
261800.0,669.76,0.21
261900.0,669.82,0.17
262000.0,669.94,0.14
262200.0,670.05,0.11
262300.0,670.1,0.08
262400.0,670.11,0.06
262500.0,670.14,0.04
262600.0,670.3,0.02
262700.0,670.43,0.0
262800.0,670.61,0.0
262900.0,670.8,0.0
263000.0,670.97,0.0
263100.0,671.17,0.0
263200.0,671.22,0.0
263400.0,671.26,0.0
263500.0,671.24,0.0
263600.0,671.24,0.0
263700.0,671.26,0.0
263800.0,671.19,0.0
263900.0,671.15,0.0
264000.0,671.03,0.0
264100.0,670.88,0.0
264200.0,670.67,0.0
264300.0,670.41,0.0
264500.0,670.14,0.0
264600.0,669.85,0.0
264700.0,669.53,0.0
264800.0,669.2,0.0
264900.0,668.97,0.0
265000.0,668.63,0.0
265100.0,668.33,0.0
265200.0,668.13,0.0
265300.0,667.91,0.0
265400.0,667.79,0.0
265500.0,667.62,0.0
265700.0,667.58,0.0
265800.0,667.68,0.0
265900.0,667.84,0.0
266000.0,667.87,0.0
266100.0,667.93,0.0
266200.0,667.98,0.0
266300.0,667.98,0.0
266400.0,667.87,0.0
266500.0,667.86,0.0
266600.0,667.72,0.0
266800.0,667.68,0.0
266900.0,667.63,0.0
267000.0,667.63,0.0
267100.0,667.54,0.0
267200.0,667.43,0.0
267300.0,667.36,0.0
267400.0,667.28,0.0
267500.0,667.23,0.0
267600.0,667.06,0.0
267700.0,666.94,0.0
267800.0,666.7,0.0
268000.0,666.61,0.0
268100.0,666.4,0.0
268200.0,666.31,0.0
268300.0,666.18,0.0
268400.0,666.17,0.0
268500.0,666.17,0.0
268600.0,666.29,0.0
268700.0,666.32,0.0
268800.0,666.32,0.0
268900.0,666.47,0.0
269100.0,666.55,0.0
269200.0,666.65,0.0
269300.0,666.79,0.0
269400.0,666.87,0.0
269500.0,666.9,0.0
269600.0,666.95,0.0
269700.0,666.96,0.0
269800.0,666.89,0.0
269900.0,666.76,0.0
270000.0,666.74,0.0
270200.0,666.67,0.0
270300.0,666.54,0.0
270400.0,666.53,0.0
270500.0,666.49,0.0
270600.0,666.42,0.0
270700.0,666.41,0.0
270800.0,666.23,0.0
270900.0,666.1,0.0
271000.0,665.92,0.0
271100.0,665.77,0.0
271300.0,665.57,0.0
271400.0,665.39,0.0
271500.0,665.26,0.0
271600.0,665.185,0.0
271700.0,665.115,0.0
271800.0,665.195,0.0
271900.0,665.585,0.0
272000.0,666.155,0.0
272100.0,667.485,0.0
272200.0,668.945,0.0
272400.0,670.685,0.0
272500.0,672.435,0.0
272600.0,674.205,0.0
272700.0,675.845,0.0
272800.0,677.325,0.0
272900.0,678.725,0.0
273000.0,680.065,0.0
273100.0,681.315,0.01
273200.0,682.525,0.02
273300.0,683.735,0.04
273400.0,685.015,0.06
273600.0,686.245,0.08
273700.0,687.465,0.1
273800.0,688.775,0.12
273900.0,690.155,0.14
274000.0,691.525,0.16
274100.0,692.89,0.175
274200.0,694.32,0.185
274300.0,695.67,0.185
274400.0,696.67,0.185
274500.0,697.47,0.185
274700.0,697.95,0.185
274800.0,698.1,0.185
274900.0,698.04,0.185
275000.0,698.0,0.185
275100.0,698.08,0.185
275200.0,698.32,0.185
275300.0,698.61,0.185
275400.0,699.1,0.185
275500.0,699.81,0.185
275600.0,700.73,0.185
275700.0,702.21,0.185
275900.0,703.79,0.185
276000.0,705.65,0.185
276100.0,707.59,0.185
276200.0,709.49,0.185
276300.0,711.37,0.185
276400.0,713.1,0.185
276500.0,714.71,0.185
276600.0,716.12,0.185
276700.0,717.39,0.185
276800.0,718.57,0.195
276900.0,719.88,0.205
277100.0,721.27,0.215
277200.0,722.76,0.235
277300.0,724.36,0.255
277400.0,725.97,0.275
277500.0,728.11,0.295
277600.0,731.23,0.315
277700.0,734.86,0.335
277800.0,739.68,0.365
277900.0,745.57,0.395
278000.0,751.77,0.425
278100.0,758.82,0.465
278300.0,766.61,0.515
278400.0,775.17,0.565
278500.0,784.06,0.625
278600.0,793.49,0.695
278700.0,803.12,0.765
278800.0,813.15,0.845
278900.0,823.64,0.935
279000.0,834.43,1.025
279100.0,845.58,1.125
279200.0,856.94,1.235
279300.0,868.03,1.345
279500.0,878.78,1.465
279600.0,889.0,1.585
279700.0,899.11,1.715
279800.0,909.04,1.855
279900.0,918.92,1.995
280000.0,928.56,2.145
280100.0,937.96,2.295
280200.0,947.04,2.455
280300.0,955.94,2.625
280400.0,964.73,2.795
280500.0,973.36,2.965
280700.0,981.65,3.145
280800.0,989.74,3.325
280900.0,997.41,3.515
281000.0,1004.56,3.705
281100.0,1011.61,3.905
281200.0,1018.72,4.105
281300.0,1025.67,4.315
281400.0,1032.56,4.525
281500.0,1039.56,4.735
281600.0,1046.49,4.955
281700.0,1053.52,5.175
281900.0,1060.47,5.405
282000.0,1067.38,5.635
282100.0,1074.28,5.865
282200.0,1081.12,6.105
282300.0,1087.96,6.345
282400.0,1094.71,6.585
282500.0,1101.295,6.835
282600.0,1107.865,7.085
282700.0,1114.185,7.335
282800.0,1120.065,7.595
282900.0,1125.365,7.855
283000.0,1130.05,8.115
283200.0,1134.55,8.375
283300.0,1138.62,8.635
283400.0,1142.76,8.895
283500.0,1146.85,9.155
283600.0,1151.03,9.415
283700.0,1154.95,9.675
283800.0,1159.11,9.935
283900.0,1163.42,10.195
284000.0,1167.38,10.435
284100.0,1171.32,10.675
284200.0,1175.19,10.905
284400.0,1178.73,11.125
284500.0,1182.13,11.345
284600.0,1185.48,11.555
284700.0,1188.73,11.765
284800.0,1192.09,11.965
284900.0,1195.5,12.165
285000.0,1198.965,12.37
285100.0,1202.475,12.57
285200.0,1205.985,12.78
285300.0,1209.245,12.98
285400.0,1211.795,13.18
285500.0,1214.375,13.38
285700.0,1217.335,13.57
285800.0,1221.075,13.76
285900.0,1225.935,13.95
286000.0,1230.845,14.13
286100.0,1235.575,14.31
286200.0,1239.895,14.48
286300.0,1243.745,14.65
286400.0,1247.285,14.82
286500.0,1250.535,14.98
286600.0,1253.015,15.14
286700.0,1255.385,15.29
286800.0,1257.305,15.43
287000.0,1259.065,15.57
287100.0,1260.505,15.7
287200.0,1261.795,15.83
287300.0,1263.115,15.95
287400.0,1264.355,16.07
287500.0,1265.425,16.18
287600.0,1266.485,16.28
287700.0,1267.335,16.37
287800.0,1268.025,16.45
287900.0,1268.455,16.52
288000.0,1268.395,16.58
288100.0,1268.155,16.63
288200.0,1267.555,16.68
288300.0,1266.085,16.72
288500.0,1263.545,16.75
288600.0,1260.095,16.78
288700.0,1255.045,16.79
288800.0,1248.835,16.8
288900.0,1242.05,16.8
289000.0,1234.43,16.78
289100.0,1226.2,16.75
289200.0,1217.31,16.72
289300.0,1208.37,16.66
289400.0,1199.07,16.59
289500.0,1189.66,16.52
289600.0,1180.0,16.44
289700.0,1169.92,16.35
289900.0,1159.57,16.26
290000.0,1148.97,16.16
290100.0,1138.09,16.05
290200.0,1127.35,15.94
290300.0,1116.82,15.82
290400.0,1106.6,15.7
290500.0,1096.5,15.57
290600.0,1086.52,15.43
290700.0,1076.67,15.29
290800.0,1067.1,15.14
290900.0,1057.89,14.99
291000.0,1049.01,14.83
291200.0,1040.42,14.66
291300.0,1031.94,14.49
291400.0,1023.59,14.32
291500.0,1015.65,14.14
291600.0,1007.9,13.96
291700.0,1000.65,13.77
291800.0,993.82,13.58
291900.0,987.08,13.38
292000.0,980.15,13.18
292100.0,973.36,12.97
292200.0,966.53,12.76
292300.0,959.72,12.55
292500.0,953.0,12.33
292600.0,946.14,12.11
292700.0,939.36,11.88
292800.0,932.56,11.65
292900.0,925.77,11.42
293000.0,919.1,11.18
293100.0,912.54,10.94
293200.0,905.94,10.7
293300.0,899.41,10.45
293400.0,892.87,10.2
293500.0,886.47,9.95
293700.0,880.28,9.69
293800.0,874.48,9.43
293900.0,868.735,9.17
294000.0,862.945,8.91
294100.0,857.285,8.65
294200.0,851.575,8.39
294300.0,845.945,8.13
294400.0,840.345,7.87
294500.0,835.135,7.61
294600.0,829.765,7.35
294700.0,824.245,7.09
294800.0,819.055,6.84
294900.0,813.925,6.59
295100.0,808.965,6.34
295200.0,804.265,6.1
295300.0,799.685,5.86
295400.0,795.035,5.63
295500.0,790.385,5.4
295600.0,785.485,5.18
295700.0,780.615,4.96
295800.0,775.665,4.74
295900.0,770.615,4.53
296000.0,765.625,4.32
296100.0,761.245,4.12
296200.0,757.855,3.92
296300.0,754.705,3.72
296500.0,751.615,3.53
296600.0,747.925,3.34
296700.0,743.165,3.15
296800.0,738.225,2.97
296900.0,733.395,2.79
297000.0,728.845,2.62
297100.0,724.665,2.45
297200.0,720.565,2.28
297300.0,716.665,2.12
297400.0,712.835,1.96
297500.0,708.985,1.81
297600.0,705.185,1.67
297800.0,701.525,1.53
297900.0,698.195,1.4
298000.0,695.015,1.27
298100.0,691.855,1.15
298200.0,688.825,1.03
298300.0,686.115,0.92
298400.0,683.555,0.82
298500.0,681.255,0.72
298600.0,679.125,0.63
298700.0,677.055,0.55
298800.0,675.325,0.47
299000.0,673.685,0.4
299100.0,672.415,0.33
299200.0,671.555,0.27
299300.0,670.865,0.22
299400.0,670.705,0.17
299500.0,670.865,0.13
299600.0,671.125,0.09
299700.0,671.57,0.06
299800.0,672.14,0.04
299900.0,672.55,0.02
300000.0,672.94,0.0
300100.0,673.07,0.0
300200.0,673.04,0.0
300400.0,672.92,0.0
300500.0,672.65,0.0
300600.0,672.35,0.0
300700.0,672.07,0.0
300800.0,671.65,0.0
300900.0,671.2,0.0
301000.0,670.75,0.0
301100.0,670.39,0.0
301200.0,670.18,0.0
301300.0,670.01,0.0
301400.0,669.88,0.0
301500.0,669.69,0.0
301700.0,669.45,0.0
301800.0,669.07,0.0
301900.0,668.64,0.0
302000.0,668.14,0.0
302100.0,667.72,0.0
302200.0,667.31,0.0
302300.0,666.89,0.0
302400.0,666.55,0.0
302500.0,666.19,0.0
302600.0,665.91,0.0
302700.0,665.63,0.0
302900.0,665.47,0.0
303000.0,665.23,0.0
303100.0,665.01,0.0
303200.0,664.81,0.0
303300.0,664.65,0.0
303400.0,664.7,0.0
303500.0,664.64,0.0
303600.0,664.66,0.0
303700.0,664.61,0.0
303800.0,664.51,0.0
303900.0,664.41,0.0
304100.0,664.37,0.0
304200.0,664.27,0.0
304300.0,664.1,0.0
304400.0,663.9,0.0
304500.0,663.64,0.0
304600.0,663.47,0.0
304700.0,663.23,0.0
304800.0,663.02,0.0
304900.0,662.75,0.0
305000.0,662.5,0.0
305100.0,662.15,0.0
305300.0,661.86,0.0
305400.0,661.59,0.0
305500.0,661.32,0.0
305600.0,661.09,0.0
305700.0,660.86,0.0
305800.0,660.65,0.0
305900.0,660.35,0.0
306000.0,660.11,0.0
306100.0,659.89,0.0
306200.0,659.75,0.0
306300.0,659.66,0.0
306500.0,659.61,0.0
306600.0,659.58,0.0
306700.0,659.59,0.0
306800.0,659.72,0.0
306900.0,659.82,0.0
307000.0,659.87,0.0
307100.0,659.8,0.0
307200.0,659.85,0.0
307300.0,659.77,0.0
307400.0,659.73,0.0
307500.0,659.59,0.0
307700.0,659.48,0.0
307800.0,659.35,0.0
307900.0,659.23,0.0
308000.0,659.05,0.0
308100.0,658.84,0.0
308200.0,658.53,0.0
308300.0,658.27,0.0
308400.0,657.97,0.0
308500.0,657.8,0.0
308600.0,657.58,0.0
308800.0,657.45,0.0
308900.0,657.33,0.0
309000.0,657.22,0.0
309100.0,657.14,0.0
309200.0,657.04,0.0
309300.0,657.01,0.0
309400.0,657.09,0.0
309500.0,657.2,0.0
309600.0,657.39,0.0
309700.0,657.6,0.0
309800.0,657.87,0.0
310000.0,658.18,0.0
310100.0,658.34,0.0
310200.0,658.49,0.0
310300.0,658.43,0.0
310400.0,658.42,0.0
310500.0,658.36,0.0
310600.0,658.4,0.0
310700.0,658.35,0.0
310800.0,658.3,0.0
311000.0,658.11,0.0
311100.0,657.92,0.0
311200.0,657.7,0.0
311300.0,657.52,0.0
311400.0,657.33,0.0
311500.0,657.09,0.0
311600.0,656.88,0.0
311700.0,656.59,0.0
311800.0,656.47,0.0
312000.0,656.44,0.0
312100.0,656.44,0.0
312200.0,656.5,0.0
312300.0,656.47,0.0
312400.0,656.47,0.0
312500.0,656.42,0.0
312600.0,656.42,0.0
312700.0,656.52,0.0
312800.0,656.65,0.0
313000.0,656.87,0.0
313100.0,656.96,0.0
313200.0,657.06,0.0
313300.0,657.05,0.0
313400.0,656.96,0.0
313500.0,656.89,0.0
313600.0,656.8,0.0
313700.0,656.72,0.0
313800.0,656.64,0.0
313900.0,656.61,0.0
314000.0,656.69,0.0
314200.0,656.69,0.0
314300.0,656.68,0.0
314400.0,656.43,0.0
314500.0,656.25,0.0
314600.0,655.94,0.0
314700.0,655.68,0.0
314800.0,655.43,0.0
314900.0,655.22,0.0
315000.0,655.06,0.0
315200.0,654.98,0.0
315300.0,654.99,0.0
315400.0,654.97,0.0
315500.0,655.1,0.0
315600.0,655.07,0.0
315700.0,655.17,0.0
315800.0,655.23,0.0
315900.0,655.32,0.0
316000.0,655.51,0.0
316100.0,655.66,0.0
316300.0,655.72,0.0
316400.0,655.7,0.0
316500.0,655.67,0.0
316600.0,655.58,0.0
316700.0,655.58,0.0
316800.0,655.56,0.0
316900.0,655.64,0.0
317000.0,655.61,0.0
317100.0,655.57,0.0
317300.0,655.52,0.0
317400.0,655.38,0.0
317500.0,655.3,0.0
317600.0,655.18,0.0
317700.0,655.05,0.0
317800.0,654.84,0.0
317900.0,654.64,0.0
318000.0,654.55,0.0
318100.0,654.45,0.0
318300.0,654.34,0.0
318400.0,654.28,0.0
318500.0,654.1,0.0
318600.0,654.03,0.0
318700.0,653.97,0.0
318800.0,653.88,0.0
318900.0,653.99,0.0
319000.0,654.1,0.0
319100.0,654.24,0.0
319300.0,654.38,0.0
319400.0,654.47,0.0
319500.0,654.68,0.0
319600.0,654.79,0.0
319700.0,654.99,0.0
319800.0,655.0,0.0
319900.0,654.91,0.0
320000.0,654.87,0.0
320100.0,654.9,0.0
320300.0,654.99,0.0
320400.0,655.03,0.0
320500.0,654.93,0.0
320600.0,654.69,0.0
320700.0,654.41,0.0
320800.0,654.12,0.0
320900.0,653.83,0.0
321000.0,653.575,0.0
321100.0,653.415,0.0
321300.0,653.195,0.0
321400.0,653.055,0.0
321500.0,653.045,0.0
321600.0,653.115,0.0
321700.0,653.225,0.0
321800.0,653.235,0.0
321900.0,653.285,0.0
322000.0,653.305,0.0
322200.0,653.475,0.0
322300.0,653.615,0.0
322400.0,653.785,0.0
322500.0,653.915,0.0
322600.0,653.975,0.0
322700.0,653.965,0.0
322800.0,654.055,0.0
322900.0,654.085,0.0
323100.0,654.175,0.0
323200.0,654.205,0.0
323300.0,654.135,0.0
323400.0,654.085,0.0
323500.0,654.065,0.0
323600.0,654.055,0.0
323700.0,654.045,0.0
323800.0,653.995,0.0
323900.0,653.915,0.0
324100.0,653.715,0.0
324200.0,653.575,0.0
324300.0,653.455,0.0
324400.0,653.365,0.0
324500.0,653.285,0.0
324600.0,653.185,0.0
324700.0,652.995,0.0
324800.0,652.815,0.0
324900.0,652.645,0.0
325100.0,652.555,0.0
325200.0,652.455,0.0
325300.0,652.435,0.0
325400.0,652.295,0.0
325500.0,652.365,0.0
325600.0,652.415,0.0
325700.0,652.595,0.0
325800.0,652.845,0.0
325900.0,653.215,0.0
326100.0,653.335,0.0
326200.0,653.395,0.0
326300.0,653.465,0.0
326400.0,653.505,0.0
326500.0,653.575,0.0
326600.0,653.455,0.0
326700.0,653.445,0.0
326800.0,653.215,0.0
326900.0,653.025,0.0
327000.0,652.875,0.0
327200.0,652.655,0.0
327300.0,652.535,0.0
327400.0,652.475,0.0
327500.0,652.365,0.0
327600.0,652.205,0.0
327700.0,652.115,0.0
327800.0,651.955,0.0
327900.0,651.945,0.0
328000.0,651.885,0.0
328100.0,651.875,0.0
328300.0,651.845,0.0
328400.0,651.835,0.0
328500.0,651.865,0.0
328600.0,651.915,0.0
328700.0,651.985,0.0
328800.0,652.095,0.0
328900.0,652.225,0.0
329000.0,652.255,0.0
329100.0,652.195,0.0
329200.0,652.095,0.0
329300.0,652.045,0.0
329500.0,651.955,0.0
329600.0,651.995,0.0
329700.0,651.865,0.0
329800.0,651.805,0.0
329900.0,651.765,0.0
330000.0,651.575,0.0
330100.0,651.475,0.0
330200.0,651.315,0.0
330300.0,651.265,0.0
330400.0,651.185,0.0
330500.0,651.125,0.0
330700.0,651.175,0.0
330800.0,651.195,0.0
330900.0,651.305,0.0
331000.0,651.425,0.0
331100.0,651.495,0.0
331200.0,651.535,0.0
331300.0,651.505,0.0
331400.0,651.415,0.0
331500.0,651.455,0.0
331600.0,651.565,0.0
331700.0,651.675,0.0
331800.0,651.725,0.0
332000.0,651.745,0.0
332100.0,651.67,0.0
332200.0,651.61,0.0
332300.0,651.61,0.0
332400.0,651.56,0.0
332500.0,651.35,0.0
332600.0,651.11,0.0
332700.0,650.97,0.0
332800.0,650.92,0.0
332900.0,650.91,0.0
333000.0,650.93,0.0
333100.0,650.85,0.0
333200.0,650.8,0.0
333300.0,650.71,0.0
333500.0,650.71,0.0
333600.0,650.76,0.0
333700.0,650.83,0.0
333800.0,650.83,0.0
333900.0,650.74,0.0
334000.0,650.64,0.0
334100.0,650.84,0.0
334200.0,651.37,0.0
334300.0,652.39,0.0
334400.0,654.08,0.0
334500.0,658.03,0.0
334600.0,664.48,0.0
334700.0,671.93,0.02
334900.0,680.63,0.05
335000.0,689.76,0.08
335100.0,699.33,0.12
335200.0,709.1,0.17
335300.0,718.66,0.23
335400.0,728.04,0.3
335500.0,737.38,0.38
335600.0,746.9,0.46
335700.0,756.77,0.55
335800.0,767.05,0.65
335900.0,777.97,0.75
336000.0,789.17,0.86
336100.0,800.36,0.98
336200.0,811.48,1.11
336400.0,822.47,1.24
336500.0,833.37,1.38
336600.0,844.0,1.53
336700.0,854.44,1.68
336800.0,864.43,1.84
336900.0,874.15,2.01
337000.0,883.52,2.18
337100.0,892.67,2.36
337200.0,901.43,2.55
337300.0,910.0,2.74
337400.0,918.08,2.94
337500.0,925.68,3.14
337600.0,933.2,3.35
337800.0,940.76,3.56
337900.0,948.38,3.78
338000.0,955.83,4.0
338100.0,963.26,4.23
338200.0,970.77,4.46
338300.0,978.27,4.7
338400.0,985.87,4.95
338500.0,993.36,5.2
338600.0,1000.89,5.46
338700.0,1008.31,5.72
338800.0,1015.61,5.99
338900.0,1022.76,6.26
339000.0,1030.0,6.53
339200.0,1037.03,6.81
339300.0,1044.2,7.09
339400.0,1051.28,7.38
339500.0,1058.25,7.67
339600.0,1065.17,7.96
339700.0,1072.06,8.26
339800.0,1079.03,8.56
339900.0,1085.99,8.86
340000.0,1092.99,9.17
340100.0,1099.93,9.48
340200.0,1106.79,9.8
340300.0,1113.58,10.12
340500.0,1120.41,10.45
340600.0,1127.25,10.78
340700.0,1134.03,11.11
340800.0,1140.89,11.45
340900.0,1147.64,11.79
341000.0,1154.53,12.13
341100.0,1161.35,12.48
341200.0,1168.5,12.83
341300.0,1175.58,13.18
341400.0,1182.83,13.54
341500.0,1190.09,13.9
341600.0,1197.44,14.26
341800.0,1205.11,14.63
341900.0,1212.86,15.0
342000.0,1220.82,15.38
342100.0,1228.9,15.76
342200.0,1237.17,16.14
342300.0,1245.34,16.52
342400.0,1253.95,16.91
342500.0,1262.62,17.3
342600.0,1271.55,17.69
342700.0,1280.46,18.09
342800.0,1289.72,18.5
343000.0,1298.86,18.91
343100.0,1308.32,19.32
343200.0,1317.79,19.73
343300.0,1327.39,20.15
343400.0,1337.01,20.57
343500.0,1346.63,21.0
343600.0,1356.28,21.43
343700.0,1365.79,21.86
343800.0,1375.48,22.3
343900.0,1385.21,22.74
344000.0,1394.99,23.18
344100.0,1404.74,23.63
344300.0,1414.36,24.08
344400.0,1424.15,24.53
344500.0,1433.82,24.99
344600.0,1443.7,25.45
344700.0,1453.53,25.91
344800.0,1463.43,26.38
344900.0,1473.0,26.85
345000.0,1482.33,27.32
345100.0,1491.39,27.8
345200.0,1499.57,28.28
345300.0,1505.58,28.76
345400.0,1509.01,29.25
345500.0,1511.56,29.72
345700.0,1512.86,30.18
345800.0,1513.82,30.65
345900.0,1514.4,31.11
346000.0,1514.82,31.56
346100.0,1515.52,32.01
346200.0,1516.56,32.45
346300.0,1517.78,32.88
346400.0,1518.93,33.32
346500.0,1519.92,33.75
346600.0,1520.54,34.17
346700.0,1520.54,34.6
346800.0,1520.34,35.02
346900.0,1520.06,35.43
347100.0,1520.02,35.84
347200.0,1520.13,36.25
347300.0,1520.46,36.65
347400.0,1521.04,37.05
347500.0,1521.72,37.45
347600.0,1522.65,37.84
347700.0,1523.98,38.22
347800.0,1525.65,38.61
347900.0,1527.5,38.99
348000.0,1529.5,39.37
348100.0,1531.63,39.75
348200.0,1534.02,40.12
348300.0,1536.63,40.49
348500.0,1538.98,40.86
348600.0,1541.25,41.23
348700.0,1543.13,41.59
348800.0,1545.05,41.95
348900.0,1546.64,42.3
349000.0,1547.96,42.66
349100.0,1549.3,43.01
349200.0,1550.45,43.35
349300.0,1551.52,43.69
349400.0,1552.42,44.02
349500.0,1553.29,44.36
349600.0,1554.13,44.69
349700.0,1555.07,45.02
349900.0,1555.95,45.35
350000.0,1556.98,45.67
350100.0,1557.79,45.99
350200.0,1558.54,46.3
350300.0,1559.32,46.62
350400.0,1559.83,46.94
350500.0,1560.12,47.25
350600.0,1560.35,47.56
350700.0,1560.4,47.87
350800.0,1560.43,48.17
350900.0,1560.2,48.47
351000.0,1560.05,48.76
351100.0,1559.94,49.05
351200.0,1559.82,49.33
351400.0,1559.67,49.61
351500.0,1559.59,49.89
351600.0,1559.42,50.16
351700.0,1559.25,50.44
351800.0,1559.04,50.71
351900.0,1558.75,50.97
352000.0,1558.45,51.24
352100.0,1558.1,51.51
352200.0,1557.49,51.77
352300.0,1556.85,52.03
352400.0,1556.18,52.29
352500.0,1555.27,52.54
352600.0,1554.34,52.79
352700.0,1553.28,53.03
352800.0,1552.14,53.27
353000.0,1550.87,53.51
353100.0,1549.56,53.76
353200.0,1547.91,54.0
353300.0,1546.26,54.24
353400.0,1544.46,54.48
353500.0,1542.72,54.71
353600.0,1540.57,54.93
353700.0,1538.56,55.15
353800.0,1536.23,55.37
353900.0,1533.99,55.59
354000.0,1531.67,55.8
354100.0,1529.39,56.01
354300.0,1526.91,56.21
354400.0,1524.47,56.42
354500.0,1522.09,56.63
354600.0,1519.56,56.83
354700.0,1516.97,57.03
354800.0,1514.5,57.23
354900.0,1512.01,57.42
355000.0,1509.6,57.61
355100.0,1507.03,57.8
355200.0,1504.57,57.98
355300.0,1501.99,58.16
355400.0,1499.48,58.34
355500.0,1496.8,58.51
355700.0,1494.24,58.68
355800.0,1491.56,58.85
355900.0,1488.74,59.02
356000.0,1486.07,59.19
356100.0,1483.34,59.36
356200.0,1480.63,59.52
356300.0,1477.74,59.68
356400.0,1474.96,59.84
356500.0,1472.09,59.99
356600.0,1469.16,60.14
356700.0,1466.21,60.29
356800.0,1463.24,60.43
356900.0,1460.19,60.57
357100.0,1456.97,60.71
357200.0,1453.63,60.84
357300.0,1450.16,60.97
357400.0,1446.74,61.1
357500.0,1443.17,61.22
357600.0,1439.44,61.34
357700.0,1435.8,61.47
357800.0,1432.06,61.59
357900.0,1428.31,61.71
358000.0,1424.48,61.83
358100.0,1420.62,61.94
358300.0,1416.74,62.05
358400.0,1412.9,62.16
358500.0,1409.1,62.27
358600.0,1405.3,62.37
358700.0,1401.54,62.47
358800.0,1397.95,62.56
358900.0,1394.5,62.65
359000.0,1391.24,62.74
359100.0,1388.13,62.83
359200.0,1385.5,62.91
359300.0,1382.97,62.99
359400.0,1380.76,63.07
359500.0,1378.61,63.15
359700.0,1376.78,63.23
359800.0,1375.11,63.3
359900.0,1373.57,63.37
360000.0,1372.18,63.44
360100.0,1370.93,63.51
360200.0,1369.8,63.58
360300.0,1368.75,63.64
360400.0,1367.75,63.7
360500.0,1366.84,63.76
360600.0,1365.88,63.82
360700.0,1364.97,63.88
360800.0,1364.1,63.93
360900.0,1363.4,63.99
361100.0,1362.74,64.04
361200.0,1362.42,64.08
361300.0,1362.34,64.12
361400.0,1362.29,64.16
361500.0,1362.455,64.2
361600.0,1362.565,64.24
361700.0,1362.805,64.28
361800.0,1363.145,64.32
361900.0,1363.435,64.36
362000.0,1363.795,64.4
362100.0,1364.085,64.44
362200.0,1364.385,64.48
362400.0,1364.685,64.52
362500.0,1364.995,64.55
362600.0,1365.325,64.59
362700.0,1365.785,64.63
362800.0,1366.025,64.66
362900.0,1366.295,64.69
363000.0,1366.615,64.72
363100.0,1366.935,64.75
363200.0,1367.135,64.78
363300.0,1367.355,64.81
363400.0,1367.545,64.84
363500.0,1367.675,64.87
363700.0,1367.835,64.9
363800.0,1367.915,64.93
363900.0,1368.015,64.95
364000.0,1368.085,64.97
364100.0,1368.245,64.99
364200.0,1368.325,65.01
364300.0,1368.395,65.03
364400.0,1368.565,65.05
364500.0,1368.705,65.07
364600.0,1368.865,65.09
364700.0,1368.975,65.11
364800.0,1369.035,65.13
365000.0,1369.115,65.15
365100.0,1369.285,65.17
365200.0,1369.365,65.18
365300.0,1369.445,65.19
365400.0,1369.575,65.21
365500.0,1369.745,65.23
365600.0,1369.715,65.25
365700.0,1369.725,65.27
365800.0,1369.745,65.29
365900.0,1369.825,65.31
366000.0,1369.915,65.33
366100.0,1369.955,65.35
366200.0,1370.025,65.37
366300.0,1370.145,65.39
366500.0,1370.305,65.41
366600.0,1370.435,65.43
366700.0,1370.645,65.44
366800.0,1370.835,65.45
366900.0,1370.995,65.46
367000.0,1371.155,65.47
367100.0,1371.375,65.49
367200.0,1371.515,65.51
367300.0,1371.625,65.53
367400.0,1371.855,65.55
367500.0,1372.065,65.57
367600.0,1372.185,65.59
367700.0,1372.265,65.61
367900.0,1372.365,65.63
368000.0,1372.555,65.65
368100.0,1372.695,65.67
368200.0,1372.765,65.7
368300.0,1372.865,65.72
368400.0,1372.975,65.75
368500.0,1373.065,65.77
368600.0,1373.085,65.79
368700.0,1373.075,65.81
368800.0,1373.085,65.83
368900.0,1373.105,65.85
369000.0,1373.175,65.87
369100.0,1373.255,65.89
369200.0,1373.265,65.91
369400.0,1373.335,65.93
369500.0,1373.355,65.95
369600.0,1373.405,65.98
369700.0,1373.445,66.01
369800.0,1373.555,66.04
369900.0,1373.755,66.06
370000.0,1373.815,66.08
370100.0,1373.885,66.11
370200.0,1374.015,66.13
370300.0,1374.185,66.15
370400.0,1374.355,66.17
370500.0,1374.535,66.19
370600.0,1374.675,66.21
370700.0,1374.815,66.23
370900.0,1374.945,66.25
371000.0,1375.075,66.27
371100.0,1375.175,66.29
371200.0,1375.335,66.31
371300.0,1375.475,66.33
371400.0,1375.605,66.35
371500.0,1375.755,66.37
371600.0,1375.995,66.4
371700.0,1376.195,66.42
371800.0,1376.385,66.44
371900.0,1376.525,66.47
372000.0,1376.685,66.5
372100.0,1376.905,66.53
372300.0,1377.11,66.56
372400.0,1377.43,66.59
372500.0,1377.81,66.62
372600.0,1378.11,66.65
372700.0,1378.42,66.68
372800.0,1378.8,66.71
372900.0,1379.15,66.74
373000.0,1379.46,66.77
373100.0,1379.79,66.8
373200.0,1380.12,66.83
373300.0,1380.4,66.86
373400.0,1380.61,66.89
373500.0,1380.81,66.92
373600.0,1381.07,66.95
373700.0,1381.31,66.98
373900.0,1381.45,67.01
374000.0,1381.71,67.04
374100.0,1381.91,67.07
374200.0,1382.08,67.1
374300.0,1382.22,67.13
374400.0,1382.45,67.16
374500.0,1382.67,67.19
374600.0,1382.88,67.22
374700.0,1383.07,67.25
374800.0,1383.15,67.28
374900.0,1383.26,67.31
375000.0,1383.37,67.34
375100.0,1383.42,67.36
375200.0,1383.46,67.39
375300.0,1383.46,67.42
375400.0,1383.4,67.45
375600.0,1383.41,67.47
375700.0,1383.33,67.49
375800.0,1383.28,67.51
375900.0,1383.22,67.54
376000.0,1383.11,67.56
376100.0,1382.99,67.57
376200.0,1382.86,67.58
376300.0,1382.8,67.59
376400.0,1382.71,67.6
376500.0,1382.58,67.61
376600.0,1382.4,67.62
376700.0,1382.25,67.63
376800.0,1382.11,67.64
376900.0,1381.96,67.65
377100.0,1381.84,67.66
377200.0,1381.66,67.67
377300.0,1381.58,67.68
377400.0,1381.37,67.69
377500.0,1381.19,67.7
377600.0,1381.07,67.71
377700.0,1380.93,67.72
377800.0,1380.75,67.72
377900.0,1380.64,67.72
378000.0,1380.53,67.72
378100.0,1380.32,67.72
378200.0,1380.15,67.72
378300.0,1380.04,67.72
378400.0,1379.9,67.72
378500.0,1379.75,67.72
378700.0,1379.56,67.72
378800.0,1379.45,67.72
378900.0,1379.37,67.71
379000.0,1379.25,67.71
379100.0,1379.23,67.7
379200.0,1379.23,67.69
379300.0,1379.31,67.68
379400.0,1379.43,67.67
379500.0,1379.56,67.66
379600.0,1379.72,67.65
379700.0,1379.8,67.64
379800.0,1379.94,67.64
379900.0,1380.17,67.64
380000.0,1380.4,67.64
380100.0,1380.73,67.64
380200.0,1381.18,67.63
380400.0,1381.73,67.62
380500.0,1382.31,67.61
380600.0,1383.05,67.61
380700.0,1383.89,67.61
380800.0,1384.86,67.6
380900.0,1385.72,67.6
381000.0,1386.63,67.6
381100.0,1387.54,67.6
381200.0,1388.49,67.61
381300.0,1389.55,67.62
381400.0,1390.56,67.63
381500.0,1391.62,67.64
381600.0,1392.76,67.65
381700.0,1393.91,67.66
381900.0,1395.02,67.67
382000.0,1396.17,67.68
382100.0,1397.28,67.69
382200.0,1398.31,67.705
382300.0,1399.25,67.725
382400.0,1400.14,67.745
382500.0,1400.97,67.765
382600.0,1401.74,67.785
382700.0,1402.43,67.805
382800.0,1403.02,67.825
382900.0,1403.55,67.845
383000.0,1404.03,67.865
383200.0,1404.43,67.885
383300.0,1404.74,67.905
383400.0,1405.0,67.925
383500.0,1405.18,67.945
383600.0,1405.35,67.965
383700.0,1405.52,67.985
383800.0,1405.71,68.005
383900.0,1405.91,68.035
384000.0,1406.04,68.055
384100.0,1406.16,68.075
384200.0,1406.3,68.095
384300.0,1406.42,68.115
384500.0,1406.48,68.135
384600.0,1406.63,68.155
384700.0,1406.75,68.175
384800.0,1406.73,68.195
384900.0,1406.92,68.215
385000.0,1406.83,68.235
385100.0,1406.88,68.255
385200.0,1406.72,68.275
385300.0,1406.51,68.295
385400.0,1406.52,68.305
385500.0,1406.35,68.315
385700.0,1406.2,68.325
385800.0,1406.02,68.335
385900.0,1405.83,68.355
386000.0,1405.62,68.365
386100.0,1405.4,68.375
386200.0,1405.19,68.385
386300.0,1404.94,68.395
386400.0,1404.73,68.405
386500.0,1404.43,68.415
386600.0,1404.15,68.415
386700.0,1403.91,68.425
386900.0,1403.67,68.435
387000.0,1403.37,68.445
387100.0,1403.08,68.445
387200.0,1403.03,68.445
387300.0,1402.88,68.445
387400.0,1402.82,68.445
387500.0,1402.7,68.445
387600.0,1402.5,68.445
387700.0,1402.31,68.435
387800.0,1402.04,68.425
387900.0,1401.77,68.415
388100.0,1401.46,68.405
388200.0,1401.16,68.385
388300.0,1400.86,68.365
388400.0,1400.49,68.345
388500.0,1400.16,68.315
388600.0,1399.78,68.285
388700.0,1399.38,68.255
388800.0,1398.98,68.225
388900.0,1398.54,68.185
389000.0,1398.02,68.145
389100.0,1397.51,68.105
389300.0,1397.04,68.055
389400.0,1396.46,68.005
389500.0,1395.89,67.955
389600.0,1395.26,67.905
389700.0,1394.58,67.855
389800.0,1393.96,67.805
389900.0,1393.18,67.755
390000.0,1392.31,67.695
390100.0,1391.41,67.635
390200.0,1390.49,67.575
390300.0,1389.5,67.515
390500.0,1388.47,67.455
390600.0,1387.45,67.385
390700.0,1386.3,67.305
390800.0,1385.07,67.225
390900.0,1383.81,67.145
391000.0,1382.43,67.065
391100.0,1381.01,66.975
391200.0,1379.35,66.885
391300.0,1377.6,66.795
391400.0,1375.68,66.705
391500.0,1373.66,66.605
391600.0,1371.51,66.505
391700.0,1369.37,66.405
391900.0,1367.12,66.305
392000.0,1364.86,66.195
392100.0,1362.48,66.075
392200.0,1359.99,65.955
392300.0,1357.49,65.825
392400.0,1354.93,65.695
392500.0,1352.28,65.565
392600.0,1349.63,65.425
392700.0,1346.99,65.285
392800.0,1344.25,65.145
392900.0,1341.65,64.995
393000.0,1339.05,64.84
393200.0,1336.545,64.675
393300.0,1334.135,64.505
393400.0,1331.815,64.335
393500.0,1329.565,64.155
393600.0,1327.355,63.975
393700.0,1325.245,63.795
393800.0,1323.195,63.605
393900.0,1321.155,63.415
394000.0,1319.305,63.225
394100.0,1317.525,63.025
394200.0,1315.765,62.825
394300.0,1314.095,62.615
394500.0,1312.435,62.405
394600.0,1310.825,62.195
394700.0,1309.185,61.975
394800.0,1307.555,61.745
394900.0,1305.965,61.525
395000.0,1304.355,61.295
395100.0,1302.745,61.065
395200.0,1301.095,60.825
395300.0,1299.565,60.585
395400.0,1298.075,60.345
395500.0,1296.605,60.105
395600.0,1295.295,59.855
395800.0,1293.895,59.605
395900.0,1292.735,59.355
396000.0,1291.315,59.095
396100.0,1290.145,58.835
396200.0,1288.895,58.575
396300.0,1287.465,58.315
396400.0,1286.175,58.055
396500.0,1284.865,57.785
396600.0,1283.645,57.515
396700.0,1282.325,57.245
396800.0,1281.115,56.965
396900.0,1279.905,56.685
397000.0,1278.595,56.395
397200.0,1277.395,56.105
397300.0,1275.995,55.815
397400.0,1274.745,55.515
397500.0,1273.405,55.215
397600.0,1272.145,54.905
397700.0,1270.815,54.585
397800.0,1269.655,54.265
397900.0,1268.425,53.945
398000.0,1267.035,53.625
398100.0,1265.655,53.295
398200.0,1264.285,52.955
398300.0,1262.855,52.615
398500.0,1261.585,52.265
398600.0,1260.285,51.925
398700.0,1259.085,51.575
398800.0,1257.845,51.215
398900.0,1256.655,50.845
399000.0,1255.505,50.485
399100.0,1254.275,50.115
399200.0,1253.125,49.745
399300.0,1251.915,49.375
399400.0,1250.785,48.995
399500.0,1249.635,48.605
399600.0,1248.545,48.215
399800.0,1247.485,47.825
399900.0,1246.525,47.425
400000.0,1245.465,47.025
400100.0,1244.425,46.625
400200.0,1243.325,46.215
400300.0,1242.235,45.805
400400.0,1241.045,45.385
400500.0,1239.285,44.955
400600.0,1236.815,44.525
400700.0,1233.475,44.085
400900.0,1231.095,43.645
401000.0,1229.385,43.205
401100.0,1227.765,42.755
401200.0,1226.185,42.305
401300.0,1224.675,41.855
401400.0,1223.195,41.415
401500.0,1221.805,40.975
401600.0,1220.375,40.535
401700.0,1219.035,40.085
401800.0,1218.495,39.635
402000.0,1218.915,39.195
402100.0,1219.705,38.755
402200.0,1220.875,38.315
402300.0,1222.135,37.875
402400.0,1223.445,37.455
402500.0,1224.985,37.035
402600.0,1227.415,36.615
402700.0,1230.335,36.195
402800.0,1234.475,35.785
402900.0,1239.445,35.385
403100.0,1244.555,34.985
403200.0,1249.885,34.595
403300.0,1255.365,34.205
403400.0,1260.855,33.825
403500.0,1266.235,33.465
403600.0,1271.385,33.105
403700.0,1276.285,32.745
403800.0,1280.585,32.405
403900.0,1284.755,32.065
404000.0,1288.57,31.73
404100.0,1291.87,31.41
404300.0,1294.93,31.09
404400.0,1297.48,30.78
404500.0,1299.74,30.48
404600.0,1301.85,30.18
404700.0,1303.68,29.89
404800.0,1305.17,29.61
404900.0,1306.04,29.33
405000.0,1306.73,29.06
405100.0,1307.15,28.8
405200.0,1307.69,28.55
405300.0,1308.61,28.3
405400.0,1309.59,28.05
405600.0,1310.77,27.82
405700.0,1312.02,27.59
405800.0,1313.35,27.36
405900.0,1314.86,27.15
406000.0,1316.37,26.94
406100.0,1318.15,26.75
406200.0,1319.78,26.56
406300.0,1321.59,26.38
406400.0,1323.28,26.2
406500.0,1324.9,26.03
406600.0,1326.81,25.86
406700.0,1328.57,25.7
406900.0,1330.48,25.55
407000.0,1332.34,25.4
407100.0,1334.34,25.26
407200.0,1336.29,25.13
407300.0,1338.28,25.01
407400.0,1340.32,24.9
407500.0,1342.26,24.79
407600.0,1344.31,24.69
407700.0,1346.28,24.6
407800.0,1348.15,24.51
407900.0,1350.23,24.44
408000.0,1352.12,24.38
408200.0,1354.2,24.33
408300.0,1356.24,24.29
408400.0,1358.25,24.25
408500.0,1360.09,24.22
408600.0,1362.01,24.21
408700.0,1363.71,24.2
408800.0,1365.48,24.2
408900.0,1367.0,24.2
409000.0,1368.78,24.22
409100.0,1370.34,24.25
409200.0,1371.94,24.28
409300.0,1373.37,24.33
409500.0,1374.72,24.38
409600.0,1375.9,24.44
409700.0,1376.76,24.51
409800.0,1377.43,24.59
409900.0,1377.92,24.68
410000.0,1378.42,24.78
410100.0,1378.78,24.88
410200.0,1379.07,24.98
410300.0,1379.02,25.09
410400.0,1378.86,25.21
410500.0,1379.1,25.33
410600.0,1379.13,25.46
410800.0,1378.98,25.6
410900.0,1379.16,25.74
411000.0,1379.02,25.89
411100.0,1379.15,26.04
411200.0,1379.08,26.19
411300.0,1379.16,26.35
411400.0,1379.57,26.52
411500.0,1380.77,26.68
411600.0,1382.81,26.85
411700.0,1384.01,27.03
411800.0,1384.51,27.2
411900.0,1384.99,27.38
412100.0,1385.49,27.56
412200.0,1385.92,27.74
412300.0,1386.32,27.91
412400.0,1386.8,28.08
412500.0,1387.33,28.24
412600.0,1387.81,28.41
412700.0,1387.6,28.58
412800.0,1386.48,28.75
412900.0,1385.03,28.91
413000.0,1383.27,29.07
413100.0,1381.45,29.23
413300.0,1379.69,29.37
413400.0,1377.66,29.51
413500.0,1374.82,29.65
413600.0,1371.5,29.78
413700.0,1366.98,29.91
413800.0,1361.7,30.02
413900.0,1356.29,30.13
414000.0,1350.7,30.24
414100.0,1344.97,30.34
414200.0,1339.26,30.43
414400.0,1333.64,30.5
414500.0,1328.205,30.565
414600.0,1323.045,30.625
414700.0,1318.415,30.665
414800.0,1314.005,30.705
414900.0,1309.925,30.735
415000.0,1306.295,30.755
415100.0,1302.855,30.765
415300.0,1299.845,30.775
415400.0,1297.145,30.765
415500.0,1294.495,30.745
415600.0,1291.465,30.725
415700.0,1288.335,30.685
415800.0,1285.055,30.645
415900.0,1282.585,30.595
416000.0,1281.135,30.535
416200.0,1279.585,30.475
416300.0,1277.585,30.405
416400.0,1275.395,30.335
416500.0,1273.005,30.255
416600.0,1270.555,30.175
416700.0,1268.045,30.095
416800.0,1265.345,30.005
416900.0,1262.605,29.915
417000.0,1259.585,29.805
417200.0,1256.725,29.695
417300.0,1253.625,29.575
417400.0,1250.565,29.455
417500.0,1247.555,29.335
417600.0,1244.225,29.215
417700.0,1241.385,29.085
417800.0,1238.625,28.955
417900.0,1236.705,28.825
418000.0,1234.975,28.685
418200.0,1233.435,28.545
418300.0,1232.035,28.395
418400.0,1231.085,28.245
418500.0,1230.705,28.095
418600.0,1230.335,27.935
418700.0,1229.755,27.775
418800.0,1229.285,27.615
418900.0,1228.555,27.445
419000.0,1227.705,27.275
419200.0,1226.845,27.095
419300.0,1225.955,26.915
419400.0,1225.385,26.745
419500.0,1225.095,26.575
419600.0,1224.955,26.395
419700.0,1224.985,26.215
419800.0,1225.515,26.035
419900.0,1226.805,25.855
420100.0,1228.105,25.675
420200.0,1229.635,25.495
420300.0,1231.225,25.315
420400.0,1232.865,25.135
420500.0,1234.375,24.955
420600.0,1235.875,24.785
420700.0,1237.495,24.615
420800.0,1239.025,24.455
421000.0,1240.505,24.285
421100.0,1241.675,24.115
421200.0,1242.585,23.955
421300.0,1243.135,23.805
421400.0,1243.685,23.655
421500.0,1244.085,23.515
421600.0,1244.035,23.375
421700.0,1244.075,23.235
421800.0,1244.005,23.095
422000.0,1243.645,22.955
422100.0,1243.645,22.825
422200.0,1243.415,22.705
422300.0,1243.495,22.585
422400.0,1243.355,22.465
422500.0,1243.465,22.345
422600.0,1243.575,22.235
422700.0,1243.725,22.135
422900.0,1243.735,22.035
423000.0,1243.795,21.945
423100.0,1243.725,21.855
423200.0,1243.525,21.765
423300.0,1243.345,21.675
423400.0,1242.995,21.595
423500.0,1242.615,21.525
423600.0,1242.225,21.465
423800.0,1241.715,21.405
423900.0,1241.305,21.345
424000.0,1240.715,21.285
424100.0,1240.195,21.235
424200.0,1239.555,21.185
424300.0,1238.935,21.135
424400.0,1238.275,21.095
424500.0,1237.725,21.055
424700.0,1237.175,21.015
424800.0,1236.585,20.995
424900.0,1236.105,20.975
425000.0,1235.445,20.965
425100.0,1234.905,20.955
425200.0,1234.315,20.945
425300.0,1233.925,20.945
425400.0,1233.465,20.945
425500.0,1233.025,20.955
425700.0,1232.44,20.97
425800.0,1232.1,20.99
425900.0,1231.57,21.02
426000.0,1231.27,21.05
426100.0,1230.83,21.1
426200.0,1230.53,21.15
426300.0,1230.27,21.21
426400.0,1229.98,21.27
426500.0,1229.96,21.34
426700.0,1230.18,21.42
426800.0,1231.35,21.5
426900.0,1232.79,21.59
427000.0,1234.99,21.68
427100.0,1236.64,21.78
427200.0,1237.28,21.88
427300.0,1237.77,21.97
427400.0,1238.82,22.07
427500.0,1239.81,22.17
427600.0,1240.89,22.27
427800.0,1241.78,22.37
427900.0,1242.75,22.47
428000.0,1243.65,22.57
428100.0,1244.72,22.66
428200.0,1245.7,22.76
428300.0,1246.88,22.86
428400.0,1247.84,22.96
428500.0,1248.69,23.06
428600.0,1249.75,23.16
428800.0,1250.75,23.26
428900.0,1251.11,23.36
429000.0,1251.24,23.46
429100.0,1250.74,23.56
429200.0,1250.12,23.66
429300.0,1249.2,23.76
429400.0,1247.91,23.85
429500.0,1246.2,23.95
429600.0,1243.98,24.04
429800.0,1241.72,24.13
429900.0,1239.58,24.22
430000.0,1237.46,24.31
430100.0,1235.51,24.4
430200.0,1233.75,24.49
430300.0,1232.03,24.58
430400.0,1230.26,24.67
430500.0,1228.26,24.75
430600.0,1226.12,24.83
430800.0,1223.8,24.91
430900.0,1221.49,24.99
431000.0,1218.55,25.07
431100.0,1215.07,25.15
431200.0,1211.59,25.22
431300.0,1207.82,25.29
431400.0,1204.21,25.37
431500.0,1200.45,25.44
431600.0,1196.95,25.51
431700.0,1193.71,25.57
431900.0,1190.63,25.63
432000.0,1187.8,25.68
432100.0,1185.19,25.73
432200.0,1182.92,25.78
432300.0,1180.97,25.82
432400.0,1179.5,25.86
432500.0,1178.31,25.9
432600.0,1177.37,25.93
432700.0,1176.5,25.96
432800.0,1175.68,25.99
433000.0,1175.19,26.02
433100.0,1174.63,26.05
433200.0,1174.1,26.07
433300.0,1173.67,26.09
433400.0,1173.11,26.11
433500.0,1172.78,26.13
433600.0,1172.58,26.15
433700.0,1172.66,26.17
433800.0,1173.01,26.18
434000.0,1173.51,26.19
434100.0,1174.03,26.2
434200.0,1174.54,26.21
434300.0,1174.78,26.22
434400.0,1175.49,26.23
434500.0,1175.94,26.23
434600.0,1176.55,26.22
434700.0,1177.09,26.21
434800.0,1177.67,26.2
434900.0,1178.24,26.19
435100.0,1178.78,26.18
435200.0,1179.37,26.16
435300.0,1180.0,26.14
435400.0,1180.67,26.12
435500.0,1181.27,26.1
435600.0,1181.84,26.07
435700.0,1182.43,26.04
435800.0,1183.01,26.0
435900.0,1183.58,25.96
436000.0,1184.17,25.92
436200.0,1184.67,25.87
436300.0,1185.19,25.82
436400.0,1185.01,25.77
436500.0,1184.59,25.72
436600.0,1183.37,25.67
436700.0,1181.94,25.61
436800.0,1179.4,25.55
436900.0,1177.9,25.49
437000.0,1177.73,25.43
437100.0,1178.0,25.36
437200.0,1178.44,25.29
437400.0,1178.76,25.22
437500.0,1178.94,25.15
437600.0,1178.77,25.08
437700.0,1178.2,25.01
437800.0,1177.28,24.93
437900.0,1176.46,24.85
438000.0,1175.51,24.77
438100.0,1174.52,24.69
438200.0,1173.62,24.61
438300.0,1172.75,24.54
438400.0,1171.34,24.47
438600.0,1169.94,24.4
438700.0,1168.4,24.33
438800.0,1167.0,24.25
438900.0,1165.52,24.17
439000.0,1164.06,24.09
439100.0,1162.5,24.02
439200.0,1161.02,23.95
439300.0,1159.3,23.87
439400.0,1157.85,23.79
439500.0,1156.62,23.71
439600.0,1155.21,23.63
439800.0,1153.89,23.55
439900.0,1152.94,23.47
440000.0,1152.04,23.385
440100.0,1151.04,23.295
440200.0,1150.01,23.205
440300.0,1149.03,23.115
440400.0,1148.34,23.035
440500.0,1147.66,22.935
440600.0,1147.47,22.855
440700.0,1147.56,22.775
440800.0,1148.17,22.685
441000.0,1148.94,22.595
441100.0,1149.72,22.505
441200.0,1150.61,22.415
441300.0,1151.45,22.325
441400.0,1152.33,22.235
441500.0,1153.26,22.145
441600.0,1154.2,22.055
441700.0,1155.3,21.965
441800.0,1156.39,21.875
441900.0,1157.69,21.785
442100.0,1158.62,21.695
442200.0,1159.32,21.605
442300.0,1160.12,21.515
442400.0,1160.8,21.415
442500.0,1161.84,21.315
442600.0,1163.02,21.225
442700.0,1164.27,21.135
442800.0,1165.56,21.045
442900.0,1166.76,20.955
443000.0,1167.81,20.865
443100.0,1168.85,20.775
443300.0,1169.96,20.695
443400.0,1171.21,20.615
443500.0,1172.35,20.535
443600.0,1173.33,20.455
443700.0,1174.28,20.375
443800.0,1175.37,20.305
443900.0,1176.2,20.235
444000.0,1177.18,20.165
444100.0,1178.02,20.095
444200.0,1178.69,20.025
444300.0,1179.46,19.965
444400.0,1180.09,19.905
444600.0,1180.43,19.845
444700.0,1180.49,19.785
444800.0,1180.2,19.725
444900.0,1179.63,19.665
445000.0,1179.08,19.605
445100.0,1178.49,19.545
445200.0,1178.4,19.495
445300.0,1177.71,19.445
445400.0,1177.48,19.405
445500.0,1177.05,19.365
445600.0,1176.67,19.325
445800.0,1176.35,19.285
445900.0,1175.81,19.245
446000.0,1175.42,19.205
446100.0,1174.86,19.175
446200.0,1174.46,19.145
446300.0,1173.98,19.115
446400.0,1173.41,19.085
446500.0,1172.99,19.065
446600.0,1172.28,19.045
446700.0,1171.75,19.025
446800.0,1171.21,19.005
446900.0,1170.73,18.995
447100.0,1170.34,18.995
447200.0,1169.88,18.995
447300.0,1170.04,18.995
447400.0,1170.43,18.995
447500.0,1171.67,18.995
447600.0,1173.33,19.005
447700.0,1175.83,19.015
447800.0,1177.57,19.025
447900.0,1177.54,19.035
448000.0,1177.59,19.045
448100.0,1177.51,19.055
448300.0,1177.71,19.065
448400.0,1178.16,19.075
448500.0,1178.45,19.085
448600.0,1178.84,19.095
448700.0,1179.46,19.115
448800.0,1180.38,19.135
448900.0,1181.05,19.155
449000.0,1181.54,19.175
449100.0,1182.01,19.195
449200.0,1182.36,19.215
449300.0,1182.23,19.225
449500.0,1182.0,19.235
449600.0,1181.42,19.245
449700.0,1180.74,19.265
449800.0,1179.94,19.285
449900.0,1179.23,19.305
450000.0,1178.55,19.325
450100.0,1178.14,19.335
450200.0,1177.89,19.355
450300.0,1177.7,19.375
450400.0,1177.44,19.395
450500.0,1177.17,19.415
450600.0,1176.7,19.435
450800.0,1176.2,19.445
450900.0,1175.57,19.46
451000.0,1174.84,19.48
451100.0,1174.03,19.5
451200.0,1173.24,19.52
451300.0,1172.18,19.53
451400.0,1171.07,19.55
451500.0,1169.4,19.56
451600.0,1167.54,19.57
451700.0,1165.16,19.59
451800.0,1162.72,19.6
451900.0,1160.32,19.61
452000.0,1157.89,19.62
452200.0,1155.52,19.63
452300.0,1153.17,19.64
452400.0,1150.76,19.64
452500.0,1148.38,19.64
452600.0,1145.77,19.64
452700.0,1143.13,19.64
452800.0,1140.34,19.64
452900.0,1137.8,19.64
453000.0,1135.28,19.63
453100.0,1132.71,19.62
453200.0,1130.07,19.61
453400.0,1127.22,19.6
453500.0,1123.98,19.58
453600.0,1120.58,19.56
453700.0,1117.17,19.53
453800.0,1113.72,19.5
453900.0,1110.21,19.47
454000.0,1106.73,19.44
454100.0,1103.2,19.39
454200.0,1099.56,19.34
454300.0,1096.11,19.29
454400.0,1092.72,19.23
454500.0,1089.36,19.17
454600.0,1085.98,19.1
454800.0,1082.66,19.02
454900.0,1079.29,18.94
455000.0,1076.02,18.86
455100.0,1072.79,18.78
455200.0,1069.41,18.68
455300.0,1066.03,18.58
455400.0,1062.68,18.47
455500.0,1059.13,18.36
455600.0,1055.66,18.25
455700.0,1052.29,18.13
455800.0,1048.73,18.01
456000.0,1045.0,17.89
456100.0,1041.12,17.75
456200.0,1037.12,17.61
456300.0,1033.07,17.47
456400.0,1028.76,17.32
456500.0,1024.22,17.17
456600.0,1019.38,17.01
456700.0,1014.51,16.85
456800.0,1009.46,16.69
456900.0,1004.48,16.52
457000.0,999.25,16.35
457100.0,994.04,16.18
457200.0,989.02,16.0
457400.0,983.9,15.82
457500.0,979.29,15.64
457600.0,974.91,15.46
457700.0,970.93,15.28
457800.0,967.33,15.09
457900.0,963.9,14.9
458000.0,960.73,14.71
458100.0,957.54,14.52
458200.0,954.4,14.33
458300.0,951.12,14.13
458400.0,947.66,13.93
458500.0,944.07,13.73
458700.0,940.16,13.53
458800.0,936.28,13.33
458900.0,931.97,13.13
459000.0,927.56,12.92
459100.0,922.99,12.7
459200.0,918.45,12.48
459300.0,914.15,12.26
459400.0,910.03,12.04
459500.0,905.89,11.82
459600.0,901.92,11.6
459700.0,898.51,11.38
459800.0,895.47,11.16
460000.0,892.74,10.94
460100.0,890.04,10.72
460200.0,887.83,10.51
460300.0,885.78,10.3
460400.0,883.94,10.09
460500.0,882.0,9.88
460600.0,879.91,9.67
460700.0,877.7,9.46
460800.0,875.25,9.25
460900.0,872.42,9.05
461000.0,869.4,8.85
461200.0,866.26,8.65
461300.0,863.21,8.45
461400.0,860.2,8.25
461500.0,857.37,8.05
461600.0,854.64,7.86
461700.0,851.95,7.67
461800.0,849.26,7.48
461900.0,846.64,7.29
462000.0,844.04,7.1
462100.0,841.69,6.92
462200.0,839.24,6.74
462300.0,836.78,6.56
462500.0,834.19,6.38
462600.0,831.6,6.2
462700.0,828.81,6.03
462800.0,825.96,5.86
462900.0,823.04,5.69
463000.0,820.05,5.52
463100.0,817.0,5.35
463200.0,814.03,5.19
463300.0,811.16,5.03
463400.0,808.77,4.87
463500.0,806.71,4.71
463600.0,805.16,4.55
463800.0,803.79,4.39
463900.0,802.66,4.24
464000.0,801.58,4.09
464100.0,800.54,3.94
464200.0,799.36,3.79
464300.0,798.29,3.64
464400.0,797.0,3.49
464500.0,795.69,3.35
464600.0,794.31,3.21
464700.0,793.07,3.07
464800.0,791.76,2.93
464900.0,790.22,2.8
465100.0,788.66,2.67
465200.0,786.92,2.54
465300.0,785.22,2.42
465400.0,783.48,2.3
465500.0,781.68,2.18
465600.0,779.99,2.07
465700.0,778.24,1.96
465800.0,776.43,1.85
465900.0,774.76,1.74
466000.0,773.23,1.64
466100.0,771.88,1.54
466200.0,770.69,1.45
466400.0,769.62,1.36
466500.0,768.63,1.27
466600.0,767.75,1.19
466700.0,767.0,1.11
466800.0,766.53,1.03
466900.0,766.11,0.96
467000.0,765.84,0.89
467100.0,765.66,0.82
467200.0,765.73,0.76
467300.0,766.06,0.7
467400.0,766.61,0.65
467500.0,767.3,0.6
467600.0,768.21,0.55
467800.0,769.13,0.51
467900.0,770.18,0.47
468000.0,771.22,0.43
468100.0,772.26,0.4
468200.0,773.13,0.37
468300.0,773.7,0.34
468400.0,773.95,0.31
468500.0,773.65,0.28
468600.0,772.98,0.25
468700.0,772.05,0.22
468800.0,770.85,0.19
468900.0,769.63,0.16
469000.0,768.41,0.13
469100.0,767.17,0.11
469300.0,766.11,0.09
469400.0,765.1,0.07
469500.0,764.33,0.05
469600.0,763.67,0.03
469700.0,763.03,0.01
469800.0,762.31,0.0
469900.0,761.58,0.0
470000.0,760.94,0.0
470100.0,760.34,0.0
470200.0,759.6,0.0
470300.0,758.79,0.0
470400.0,757.58,0.0
470500.0,756.04,0.0
470700.0,754.33,0.0
470800.0,752.56,0.0
470900.0,750.92,0.0
471000.0,749.36,0.0
471100.0,747.8,0.0
471200.0,746.5,0.0
471300.0,745.4,0.0
471400.0,744.62,0.0
471500.0,743.85,0.0
471600.0,743.21,0.0
471700.0,742.66,0.0
471800.0,742.05,0.0
471900.0,741.5,0.0
472100.0,740.78,0.0
472200.0,740.02,0.0
472300.0,739.19,0.0
472400.0,738.3,0.0
