sys_time,RPM,Speed
0,1667.0,0.0
800,1652.0,0.0
1300,1646.0,0.0
1500,1663.0,0.0
1700,1660.0,0.0
1900,1560.0,0.0
2100,1406.0,0.0
2300,1223.0,0.0
2500,1043.0,0.0
2600,1032.0,0.0
2800,1075.0,0.0
3000,1084.0,0.0
3100,1033.0,0.0
3300,999.0,0.0
3400,971.0,0.0
3600,940.0,0.0
3700,908.0,0.0
3800,897.0,0.0
3900,879.0,0.0
4000,862.0,2.0
4100,868.0,2.0
4300,875.0,2.0
4400,891.0,2.0
4500,934.0,2.0
4600,982.0,2.0
4700,1073.0,3.0
4800,1133.0,3.0
4900,1190.0,3.0
5000,1225.0,4.0
5100,1239.0,4.0
5200,1266.0,4.0
5300,1330.0,5.0
5400,1354.0,5.0
5500,1439.0,6.0
5600,1492.0,6.0
5700,1515.0,7.0
5800,1542.0,7.0
5900,1558.0,8.0
6100,1528.0,8.0
6200,1482.0,8.0
6300,1365.0,9.0
6400,1312.0,9.0
6500,1200.0,9.0
6600,1178.0,9.0
6700,1128.0,9.0
6800,1114.0,9.0
6900,1089.0,9.0
7000,1084.0,9.0
7100,1062.0,8.0
7200,1033.0,8.0
7300,1001.0,8.0
7400,971.0,7.0
7600,922.0,6.0
7700,918.0,5.0
7800,908.0,5.0
7900,898.0,4.0
8000,892.0,3.0
8200,891.0,3.0
8300,897.0,2.0
8400,913.0,2.0
8500,927.0,0.0
8600,950.0,0.0
8700,961.0,0.0
8800,984.0,0.0
8900,999.0,0.0
9000,1009.0,0.0
9100,1023.0,0.0
9200,1025.0,0.0
9300,1041.0,0.0
9400,1118.0,0.0
9600,1190.0,0.0
9700,1254.0,0.0
9800,1292.0,0.0
9900,1289.0,0.0
10000,1260.0,0.0
10200,1164.0,0.0
10400,1088.0,0.0
10500,1021.0,0.0
10600,953.0,0.0
10700,929.0,0.0
10800,902.0,0.0
10900,871.0,0.0
11000,863.0,0.0
11100,864.0,0.0
11200,870.0,0.0
11300,876.0,0.0
11400,880.0,0.0
11500,883.0,0.0
11700,903.0,0.0
11800,922.0,0.0
11900,930.0,0.0
12000,938.0,2.0
12100,936.0,2.0
12200,944.0,2.0
12300,964.0,2.0
12400,982.0,2.0
12500,1006.0,2.0
12600,1027.0,3.0
12700,1118.0,3.0
12800,1154.0,3.0
12900,1256.0,3.0
13000,1290.0,3.0
13100,1275.0,4.0
13200,1178.0,4.0
13300,1129.0,4.0
13400,1070.0,5.0
13500,1003.0,5.0
13700,974.0,5.0
13800,954.0,5.0
13900,948.0,5.0
14000,936.0,4.0
14100,931.0,4.0
14200,922.0,4.0
14300,919.0,4.0
14400,906.0,3.0
14500,896.0,3.0
14600,887.0,2.0
14700,874.0,2.0
14800,873.0,2.0
14900,877.0,0.0
15000,901.0,0.0
15100,923.0,0.0
15200,958.0,0.0
15300,988.0,0.0
15400,1001.0,0.0
15500,1008.0,0.0
15600,1014.0,0.0
15800,1053.0,0.0
15900,1091.0,0.0
16000,1131.0,0.0
16100,1134.0,0.0
16200,1122.0,0.0
16300,1065.0,0.0
16400,1010.0,0.0
16600,974.0,0.0
16700,966.0,0.0
16800,951.0,0.0
16900,941.0,0.0
17000,945.0,0.0
17100,952.0,0.0
17200,995.0,0.0
17300,1085.0,2.0
17400,1379.0,2.0
17500,1494.0,3.0
17600,1662.0,4.0
17700,1777.0,5.0
17800,1820.0,6.0
18000,1808.0,7.0
18100,1799.0,8.0
18200,1791.0,8.0
18300,1819.0,9.0
18400,1834.0,10.0
18500,1868.0,11.0
18600,1889.0,12.0
18700,1892.0,12.0
18800,1852.0,13.0
18900,1789.0,13.0
19000,1768.0,14.0
19200,1727.0,14.0
19300,1657.0,15.0
19400,1618.0,15.0
19500,1604.0,16.0
19600,1563.0,16.0
19700,1537.0,17.0
19800,1486.0,17.0
19900,1426.0,18.0
20000,1404.0,18.0
20100,1389.0,19.0
20200,1366.0,19.0
20300,1360.0,20.0
20400,1343.0,20.0
20500,1330.0,21.0
20600,1336.0,21.0
20700,1355.0,21.0
20800,1330.0,22.0
20900,1336.0,22.0
21000,1347.0,23.0
21100,1325.0,23.0
21200,1334.0,23.0
21300,1334.0,24.0
21500,1317.0,24.0
21600,1334.0,25.0
21700,1353.0,25.0
21800,1375.0,25.0
21900,1391.0,26.0
22000,1424.0,26.0
22100,1449.0,26.0
22200,1476.0,27.0
22300,1502.0,27.0
22400,1530.0,28.0
22600,1542.0,28.0
22700,1529.0,29.0
22800,1534.0,29.0
22900,1518.0,30.0
23000,1491.0,30.0
23100,1487.0,31.0
23300,1480.0,31.0
23400,1458.0,32.0
23500,1445.0,32.0
23600,1441.0,32.0
23700,1445.0,33.0
23800,1439.0,33.0
23900,1447.0,33.0
24000,1427.0,34.0
24100,1451.0,34.0
24200,1422.0,34.0
24400,1436.0,35.0
24500,1410.0,35.0
24600,1421.0,35.0
24700,1400.0,35.0
24800,1388.0,36.0
24900,1374.0,36.0
25000,1378.0,36.0
25100,1366.0,37.0
25300,1356.0,37.0
25400,1367.0,37.0
25500,1369.0,37.0
25600,1400.0,38.0
25700,1383.0,38.0
25800,1402.0,38.0
25900,1389.0,38.0
26000,1411.0,38.0
26100,1391.0,39.0
26200,1415.0,39.0
26300,1412.0,39.0
26500,1410.5,39.5
26700,1403.0,40.0
26800,1396.0,40.0
26900,1389.0,40.0
27000,1391.0,41.0
27100,1389.0,41.0
27200,1395.0,41.0
27300,1386.0,41.0
27400,1401.0,42.0
27500,1393.0,42.0
27600,1404.0,42.0
27700,1400.0,42.0
27800,1400.0,43.0
27900,1408.0,43.0
28000,1396.0,43.0
28200,1398.0,43.0
28300,1410.0,43.0
28400,1390.0,44.0
28500,1387.0,44.0
28600,1409.0,44.0
28700,1394.0,44.0
28900,1396.0,44.0
29100,1405.0,45.0
29200,1403.0,45.0
29300,1397.0,45.0
29400,1391.0,45.0
29500,1391.0,45.0
29600,1396.0,46.0
29700,1391.0,46.0
29800,1406.0,46.0
29900,1401.0,46.0
30000,1419.0,47.0
30100,1419.0,47.0
30300,1421.0,47.0
30400,1425.0,47.0
30500,1408.0,47.0
30600,1410.0,48.0
30700,1406.0,48.0
30900,1396.0,48.0
31000,1401.0,48.0
31100,1393.0,49.0
31200,1391.0,49.0
31300,1388.0,49.0
31400,1382.0,49.0
31500,1362.0,49.0
31600,1349.0,49.0
31700,1317.0,49.0
31800,1296.0,49.0
31900,1265.0,50.0
32000,1239.0,50.0
32100,1212.0,50.0
32200,1202.0,50.0
32300,1185.0,50.0
32400,1174.0,50.0
32500,1164.0,50.0
32600,1156.0,50.0
32700,1154.0,50.0
32800,1145.0,50.0
33000,1142.0,50.0
33100,1140.0,50.0
33200,1144.0,50.0
33300,1145.0,50.0
33400,1143.0,50.0
33500,1143.0,50.0
33600,1147.0,50.0
33700,1142.0,50.0
33800,1144.0,50.0
33900,1149.0,50.0
34100,1150.0,50.0
34200,1150.0,50.0
34300,1151.0,50.0
34400,1156.0,50.0
34500,1154.0,50.0
34600,1155.0,50.0
34700,1159.0,50.0
34800,1156.0,50.0
34900,1157.0,50.0
35000,1160.0,50.0
35100,1159.0,50.0
35200,1162.0,50.0
35300,1167.0,50.0
35500,1169.0,51.0
35600,1176.0,51.0
35700,1185.0,51.0
35800,1177.0,51.0
35900,1181.0,51.0
36000,1197.0,51.0
36100,1190.0,51.0
36200,1190.0,51.0
36300,1197.0,51.0
36400,1201.0,51.0
36500,1198.0,52.0
36600,1202.0,52.0
36700,1204.0,52.0
36800,1212.0,52.0
36900,1209.0,52.0
37000,1206.0,52.0
37200,1213.0,52.0
37300,1207.0,52.0
37400,1211.0,52.0
37500,1205.0,52.0
37600,1204.0,52.0
37700,1194.0,52.0
37800,1197.0,52.0
37900,1196.0,52.0
38000,1195.0,53.0
38100,1191.0,53.0
38200,1195.0,52.0
38400,1189.0,53.0
38500,1186.0,52.0
38600,1181.0,53.0
38700,1183.0,53.0
38800,1183.0,52.0
38900,1171.0,52.0
39000,1175.0,52.0
39100,1175.0,52.0
39200,1181.0,52.0
39300,1189.0,52.0
39400,1221.0,52.0
39600,1224.0,52.0
39700,1215.0,52.0
39800,1219.0,52.0
39900,1213.0,51.0
40000,1230.0,51.0
40200,1222.0,51.0
40300,1208.0,51.0
40400,1216.0,51.0
40500,1217.0,51.0
40600,1224.0,51.0
40700,1227.0,51.0
40800,1229.0,51.0
40900,1228.0,50.0
41000,1226.0,50.0
41100,1229.0,50.0
41300,1225.0,50.0
41400,1227.0,50.0
41500,1228.0,49.0
41700,1229.0,49.0
41800,1233.0,49.0
41900,1230.0,49.0
42000,1236.0,49.0
42100,1229.0,48.0
42200,1235.0,48.0
42300,1237.0,48.0
42400,1236.0,48.0
42600,1241.0,48.0
42700,1241.0,48.0
42800,1237.0,47.0
42900,1240.0,47.0
43000,1238.0,47.0
43100,1241.0,47.0
43300,1238.0,47.0
43400,1241.0,46.0
43500,1243.0,46.0
43600,1238.0,46.0
43700,1250.0,46.0
43800,1241.0,45.0
43900,1238.0,45.0
44000,1233.0,45.0
44100,1230.0,45.0
44200,1239.0,45.0
44300,1237.0,44.0
44400,1239.0,44.0
44500,1231.0,44.0
44700,1226.0,44.0
44800,1225.0,43.0
44900,1221.0,43.0
45000,1226.0,43.0
45100,1221.0,42.0
45200,1230.0,42.0
45300,1232.0,42.0
45500,1241.0,41.0
45600,1241.0,41.0
45700,1242.0,41.0
45800,1241.0,41.0
45900,1242.0,41.0
46000,1242.0,40.0
46100,1239.0,40.0
46200,1238.0,39.0
46300,1220.0,39.0
46400,1220.0,38.0
46600,1211.0,38.0
46700,1207.0,37.0
46800,1208.0,37.0
46900,1219.0,36.0
47000,1231.0,36.0
47100,1229.0,35.0
47300,1246.0,35.0
47400,1234.0,34.0
47500,1223.0,34.0
47600,1221.0,33.0
47800,1219.0,33.0
47900,1215.0,32.0
48000,1217.0,31.0
48100,1216.0,31.0
48200,1221.0,30.0
48300,1219.0,29.0
48500,1224.0,29.0
48600,1219.0,28.0
48700,1220.0,27.0
48800,1214.0,27.0
48900,1216.0,26.0
49000,1222.0,26.0
49100,1220.0,25.0
49200,1218.0,24.0
49400,1217.0,24.0
49500,1213.0,23.0
49600,1211.0,22.0
49700,1206.0,21.0
49800,1198.0,20.0
49900,1189.0,20.0
50100,1150.0,19.0
50200,1040.0,19.0
50300,984.0,18.0
50400,955.0,17.0
50500,1018.0,17.0
50600,1103.0,16.0
50700,1138.0,15.0
50800,1116.0,14.0
50900,1079.0,14.0
51000,1060.0,13.0
51200,1031.0,12.0
51300,987.0,12.0
51400,953.0,11.0
51500,928.0,11.0
51600,900.0,11.0
51700,889.0,10.0
51800,906.0,10.0
51900,934.0,10.0
52000,976.0,10.0
52100,1116.0,10.0
52200,1176.0,10.0
52400,1452.0,10.0
52500,1516.0,11.0
52600,1631.0,11.0
52700,1688.0,11.0
52800,1706.0,12.0
52900,1728.0,13.0
53000,1749.0,13.0
53100,1792.0,13.0
53200,1798.0,14.0
53400,1797.0,15.0
53500,1786.0,15.0
53600,1772.0,16.0
53700,1767.0,16.0
53800,1747.0,17.0
53900,1731.0,17.0
54000,1707.0,18.0
54100,1697.0,18.0
54200,1664.0,19.0
54300,1620.0,19.0
54400,1565.0,20.0
54500,1546.0,20.0
54700,1452.0,21.0
54800,1378.0,21.0
55000,1365.0,22.0
55100,1373.0,22.0
55200,1348.0,22.0
55300,1345.0,23.0
55400,1356.0,23.0
55500,1349.0,24.0
55700,1354.0,24.0
55800,1399.0,24.0
55900,1419.0,25.0
56000,1423.0,25.0
56100,1435.0,26.0
56200,1474.0,26.0
56300,1491.0,27.0
56400,1510.0,27.0
56500,1517.0,27.0
56600,1526.0,28.0
56800,1533.0,29.0
56900,1564.0,29.0
57000,1570.0,30.0
57100,1560.0,30.0
57200,1581.0,30.0
57300,1570.0,31.0
57400,1582.0,32.0
57500,1571.0,32.0
57600,1598.0,33.0
57700,1575.0,33.0
57800,1594.0,33.0
57900,1603.0,34.0
58100,1640.0,35.0
58200,1664.0,35.0
58300,1690.0,36.0
58400,1709.0,36.0
58500,1720.0,37.0
58600,1740.0,37.0
58700,1757.0,38.0
58800,1769.0,38.0
58900,1768.0,38.0
59000,1765.0,39.0
59100,1766.0,39.0
59200,1760.0,40.0
59300,1765.0,40.0
59400,1761.0,41.0
59500,1757.0,41.0
59600,1750.0,42.0
59700,1757.0,42.0
59900,1752.0,42.0
60000,1746.0,43.0
60100,1750.0,43.0
60200,1736.0,44.0
60300,1738.0,44.0
60400,1734.0,45.0
60500,1735.0,45.0
60700,1695.0,45.0
60800,1688.0,46.0
60900,1642.0,46.0
61000,1563.0,46.0
61100,1531.0,46.0
61300,1449.0,46.0
61400,1368.0,46.0
61500,1359.0,46.0
61600,1312.0,46.0
61700,1296.0,45.0
61800,1263.0,45.0
61900,1237.0,45.0
62100,1212.0,45.0
62200,1202.0,45.0
62300,1205.0,44.0
62400,1190.0,44.0
62500,1182.0,43.0
62600,1164.0,43.0
62700,1153.0,42.0
62800,1147.0,42.0
62900,1145.0,41.0
63000,1151.0,41.0
63100,1151.0,40.0
63200,1159.0,40.0
63300,1158.0,39.0
63400,1163.0,39.0
63500,1175.0,38.0
63600,1174.0,37.0
63700,1169.0,37.0
63800,1173.0,36.0
64000,1178.0,36.0
64100,1180.0,35.0
64200,1184.0,35.0
64300,1178.0,34.0
64400,1183.0,33.0
64500,1183.0,32.0
64600,1193.0,31.0
64800,1183.0,31.0
64900,1188.0,30.0
65000,1193.0,29.0
65100,1191.0,29.0
65200,1193.0,28.0
65300,1195.0,27.0
65400,1207.0,27.0
65500,1226.0,26.0
65600,1229.0,26.0
65700,1230.0,25.0
65800,1225.0,25.0
66000,1221.0,25.0
66100,1222.0,24.0
66200,1206.0,23.0
66300,1212.0,23.0
66400,1207.0,23.0
66500,1204.0,22.0
66600,1233.0,21.0
66700,1227.0,21.0
66800,1194.0,21.0
66900,1170.0,21.0
67000,1084.0,21.0
67100,1044.0,21.0
67200,948.0,20.0
67300,1169.0,20.0
67400,1246.0,20.0
67500,1321.0,20.0
67600,1348.0,20.0
67800,1410.0,20.0
67900,1549.0,20.0
68100,1711.5,20.0
68200,1848.0,21.0
68300,1936.0,21.0
68500,1968.0,22.0
68600,1967.0,22.0
68700,1943.0,23.0
68800,1928.0,23.0
68900,1899.0,23.0
69000,1868.0,24.0
69100,1849.0,24.0
69200,1811.0,25.0
69300,1785.0,25.0
69400,1761.0,26.0
69500,1741.0,26.0
69600,1699.0,27.0
69800,1634.0,27.0
69900,1547.0,28.0
70000,1525.0,28.0
70100,1541.0,29.0
70200,1537.0,29.0
70300,1545.0,29.0
70400,1552.0,30.0
70500,1538.0,30.0
70600,1577.0,30.0
70700,1560.0,31.0
70800,1573.0,32.0
70900,1577.0,32.0
71000,1567.0,32.0
71100,1569.0,33.0
71200,1569.0,33.0
71300,1560.0,34.0
71400,1553.0,34.0
71600,1558.0,35.0
71700,1547.0,35.0
71800,1554.0,35.0
71900,1529.0,36.0
72000,1559.0,36.0
72100,1545.0,36.0
72200,1540.0,37.0
72300,1540.0,37.0
72400,1533.0,38.0
72500,1553.0,38.0
72600,1519.0,38.0
72700,1574.0,39.0
72800,1549.0,39.0
72900,1581.0,39.0
73000,1565.0,40.0
73200,1588.0,40.0
73300,1584.0,40.0
73400,1593.0,41.0
73500,1576.0,41.0
73600,1585.0,41.0
73700,1580.0,42.0
73800,1590.0,42.0
73900,1582.0,43.0
74000,1587.0,43.0
74200,1585.0,43.0
74300,1588.0,44.0
74400,1578.0,44.0
74500,1597.0,44.0
74600,1581.0,45.0
74700,1592.0,45.0
74800,1565.0,45.0
74900,1579.0,46.0
75000,1570.0,46.0
75100,1575.0,46.0
75200,1564.0,46.0
75300,1558.0,47.0
75400,1553.0,47.0
75500,1540.0,47.0
75600,1532.0,48.0
75700,1517.0,48.0
75800,1505.0,48.0
75900,1484.0,48.0
76000,1476.0,48.0
76100,1462.0,49.0
76200,1447.0,49.0
76300,1426.0,49.0
76400,1429.0,49.0
76500,1424.0,49.0
76600,1434.0,50.0
76800,1444.0,50.0
76900,1436.0,50.0
77000,1443.0,50.0
77100,1447.0,51.0
77200,1465.0,51.0
77300,1467.0,51.0
77400,1464.0,51.0
77500,1476.0,51.0
77600,1484.0,51.0
77700,1472.0,52.0
77800,1486.0,52.0
77900,1486.0,52.0
78100,1472.0,52.0
78200,1475.0,52.0
78300,1465.5,52.5
78400,1448.0,53.0
78600,1439.0,53.0
78700,1426.0,53.0
78800,1403.0,53.0
78900,1377.0,53.0
79000,1364.0,54.0
79100,1342.0,54.0
79200,1332.0,54.0
79300,1325.0,54.0
79400,1314.0,54.0
79500,1305.0,54.0
79600,1302.0,55.0
79700,1297.0,55.0
79900,1287.0,55.0
80000,1277.0,55.0
80100,1258.0,55.0
80200,1247.0,55.0
80300,1228.0,55.0
80400,1223.0,55.0
80500,1212.0,55.0
80600,1210.0,55.0
80700,1202.0,55.0
80800,1203.0,55.0
80900,1204.0,55.0
81000,1201.0,55.0
81100,1202.0,55.0
81300,1208.0,55.0
81400,1204.0,55.0
81500,1213.0,55.0
81600,1212.0,55.0
81700,1216.0,55.0
81800,1213.0,56.0
81900,1217.0,56.0
82000,1220.0,56.0
82100,1226.0,56.0
82200,1226.0,56.0
82300,1230.0,56.0
82400,1233.0,56.0
82600,1234.0,56.0
82700,1235.0,56.0
82800,1236.0,56.0
82900,1237.0,56.0
83000,1242.0,56.0
83100,1247.0,57.0
83200,1245.0,57.0
83300,1247.0,57.0
83400,1250.0,57.0
83500,1251.0,57.0
83600,1249.0,57.0
83800,1258.0,57.0
83900,1250.0,57.0
84000,1253.0,57.0
84100,1258.0,57.0
84200,1261.0,57.0
84300,1261.0,57.0
84400,1261.0,57.0
84500,1265.0,57.0
84600,1266.0,57.0
84700,1262.0,57.0
84900,1269.0,57.0
85000,1259.0,57.0
85100,1263.0,57.0
85200,1260.0,57.0
85300,1260.0,57.0
85400,1256.0,57.0
85500,1253.0,57.0
85600,1248.0,57.0
85700,1246.0,57.0
85800,1245.0,57.0
85900,1240.0,57.0
86000,1246.0,57.0
86100,1239.0,57.0
86200,1240.0,57.0
86300,1235.0,57.0
86400,1236.0,57.0
86500,1235.0,57.0
86600,1238.0,57.0
86700,1234.0,57.0
86800,1233.0,57.0
86900,1234.0,57.0
87000,1234.0,57.0
87100,1232.0,57.0
87200,1228.0,57.0
87400,1229.0,57.0
87500,1229.0,57.0
87600,1223.0,57.0
87700,1226.0,57.0
87800,1224.0,57.0
87900,1228.0,57.0
88000,1227.0,57.0
88100,1226.0,57.0
88200,1230.0,57.0
88300,1224.0,57.0
88400,1224.0,57.0
88500,1232.0,57.0
88600,1230.0,57.0
88700,1225.0,57.0
88900,1227.0,57.0
89000,1227.0,57.0
89100,1225.0,57.0
89300,1223.0,57.0
89400,1227.0,57.0
89500,1230.0,57.0
89600,1230.0,57.0
89700,1223.0,57.0
89800,1226.0,57.0
89900,1226.0,57.0
90000,1230.0,57.0
90100,1232.0,57.0
90200,1229.0,57.0
90300,1234.0,57.0
90500,1235.0,57.0
90600,1232.0,57.0
90700,1238.0,57.0
90800,1236.0,57.0
90900,1240.0,57.0
91000,1236.0,57.0
91100,1236.0,57.0
91300,1238.0,57.0
91400,1243.0,57.0
91500,1244.0,57.0
91600,1246.0,57.0
91700,1245.0,57.0
91800,1247.0,58.0
91900,1249.0,58.0
92000,1251.0,58.0
92100,1251.0,58.0
92200,1250.0,58.0
92300,1250.0,58.0
92500,1258.0,58.0
92600,1256.0,58.0
92700,1254.0,58.0
92800,1254.0,58.0
92900,1260.0,58.0
93000,1257.0,58.0
93100,1253.0,58.0
93200,1258.0,58.0
93400,1257.0,58.0
93500,1256.0,58.0
93600,1257.0,58.0
93700,1251.0,58.0
93800,1254.0,58.0
93900,1256.0,58.0
94000,1258.0,58.0
94100,1252.0,58.0
94200,1250.0,58.0
94300,1255.0,58.0
94400,1258.0,58.0
94600,1251.0,58.0
94700,1253.0,58.0
94800,1254.0,58.0
94900,1252.0,58.0
95000,1253.0,58.0
95100,1252.0,58.0
95200,1244.0,58.0
95300,1248.0,58.0
95500,1247.0,58.0
95600,1235.0,58.0
95700,1239.0,58.0
95800,1236.0,58.0
95900,1236.0,58.0
96000,1237.0,58.0
96100,1233.0,58.0
96200,1232.0,58.0
96300,1234.0,58.0
96400,1230.0,58.0
96500,1232.0,57.0
96600,1232.0,57.0
96800,1227.0,58.0
96900,1230.0,57.0
97000,1228.0,57.0
97100,1228.0,57.0
97200,1225.0,57.0
97300,1229.0,57.0
97400,1224.0,57.0
97600,1225.0,57.0
97700,1224.0,57.0
97800,1224.0,57.0
97900,1221.0,57.0
98000,1223.0,57.0
98100,1224.0,57.0
98200,1226.0,57.0
98300,1221.0,57.0
98400,1221.0,57.0
98500,1223.0,57.0
98600,1225.0,57.0
98700,1224.0,57.0
98800,1224.0,57.0
99000,1219.0,57.0
99100,1225.0,57.0
99200,1224.0,57.0
99300,1229.0,57.0
99400,1230.0,57.0
99500,1228.0,57.0
99600,1230.0,57.0
99700,1231.0,57.0
99800,1234.0,57.0
99900,1231.0,57.0
100000,1233.0,57.0
100100,1234.0,57.0
100200,1233.0,57.0
100300,1229.0,57.0
100400,1231.0,57.0
100500,1228.0,57.0
100600,1235.0,57.0
100700,1233.0,57.0
100800,1231.0,57.0
100900,1236.0,57.0
101000,1235.0,57.0
101100,1232.0,57.0
101300,1238.0,57.0
101400,1232.0,57.0
101500,1235.0,57.0
101600,1234.0,58.0
101700,1237.0,58.0
101800,1239.0,58.0
102000,1234.0,58.0
102100,1235.0,58.0
102200,1239.0,58.0
102300,1234.0,58.0
102400,1239.0,58.0
102500,1235.0,58.0
102600,1230.0,58.0
102700,1227.0,58.0
102800,1231.0,58.0
102900,1230.0,57.0
103100,1233.0,57.0
103200,1231.0,57.0
103300,1231.0,57.0
103400,1229.0,57.0
103500,1228.0,57.0
103600,1231.0,57.0
103700,1231.0,57.0
103800,1227.0,57.0
103900,1234.0,57.0
104000,1231.0,57.0
104100,1232.0,57.0
104200,1234.0,57.0
104400,1232.0,57.0
104500,1236.0,57.0
104600,1229.0,57.0
104700,1232.0,57.0
104800,1233.0,58.0
104900,1235.0,58.0
105100,1239.0,58.0
105200,1236.0,58.0
105300,1239.0,58.0
105400,1237.0,58.0
105500,1239.0,58.0
105600,1242.0,58.0
105700,1243.0,58.0
105800,1241.0,58.0
105900,1243.0,58.0
106000,1250.0,58.0
106100,1246.0,58.0
106200,1248.0,58.0
106300,1249.0,58.0
106400,1243.0,58.0
106500,1249.0,58.0
106600,1249.0,58.0
106700,1250.0,58.0
106800,1249.0,58.0
107000,1249.0,58.0
107100,1250.0,58.0
107200,1245.0,58.0
107300,1244.0,58.0
107400,1244.0,58.0
107500,1244.0,58.0
107600,1242.0,58.0
107800,1247.0,58.0
107900,1246.0,58.0
108000,1246.0,58.0
108100,1249.0,58.0
108200,1253.0,58.0
108300,1247.0,58.0
108400,1252.0,58.0
108500,1248.0,58.0
108600,1246.0,58.0
108800,1247.0,58.0
108900,1245.0,58.0
109000,1253.0,58.0
109100,1246.0,58.0
109200,1250.0,58.0
109300,1246.0,58.0
109400,1249.0,58.0
109600,1251.0,58.0
109700,1253.0,59.0
109800,1255.0,59.0
109900,1257.0,59.0
110000,1259.0,59.0
110100,1260.0,59.0
110200,1258.0,59.0
110400,1258.0,59.0
110500,1259.0,59.0
110600,1258.0,59.0
110700,1255.0,59.0
110800,1257.0,59.0
110900,1259.0,59.0
111000,1256.0,59.0
111100,1257.0,59.0
111200,1257.0,59.0
111400,1259.0,59.0
111500,1256.0,59.0
111600,1257.0,59.0
111700,1252.0,59.0
111800,1262.0,59.0
111900,1259.0,59.0
112000,1259.0,59.0
112100,1262.0,59.0
112300,1263.0,59.0
112400,1263.0,59.0
112500,1258.0,59.0
112600,1256.0,59.0
112700,1262.0,59.0
112800,1257.0,59.0
112900,1262.0,59.0
113000,1258.0,59.0
113100,1260.0,59.0
113300,1260.0,59.0
113400,1262.0,59.0
113500,1260.0,59.0
113600,1260.0,59.0
113700,1263.0,59.0
113800,1258.0,59.0
113900,1262.0,59.0
114000,1259.0,59.0
114100,1264.0,59.0
114200,1263.0,59.0
114300,1264.0,59.0
114500,1265.0,59.0
114600,1266.0,59.0
114700,1264.0,59.0
114800,1263.0,59.0
114900,1265.0,59.0
115000,1267.0,59.0
115100,1269.0,59.0
115200,1267.0,59.0
115300,1265.0,59.0
115400,1267.0,60.0
115600,1267.0,60.0
115700,1263.0,59.0
115800,1262.0,60.0
115900,1264.0,59.0
116000,1259.0,59.0
116100,1259.0,59.0
116200,1258.0,59.0
116300,1260.0,59.0
116400,1256.0,59.0
116500,1254.0,59.0
116600,1254.0,59.0
116800,1246.0,59.0
116900,1251.0,59.0
117000,1247.0,59.0
117100,1246.0,59.0
117200,1247.0,59.0
117300,1245.0,59.0
117400,1239.0,58.0
117500,1237.0,58.0
117600,1237.0,58.0
117700,1237.0,58.0
117800,1234.0,58.0
117900,1231.0,58.0
118000,1239.0,58.0
118100,1225.0,58.0
118200,1228.0,58.0
118400,1226.0,58.0
118500,1226.0,58.0
118600,1224.0,57.0
118700,1223.0,57.0
118800,1216.0,57.0
118900,1214.0,57.0
119000,1214.0,57.0
119100,1217.0,57.0
119200,1213.0,57.0
119300,1213.0,57.0
119400,1210.0,57.0
119500,1212.0,57.0
119600,1206.0,57.0
119800,1205.5,56.5
119900,1208.0,56.0
120100,1203.0,56.0
120200,1206.0,56.0
120300,1204.0,56.0
120400,1205.0,56.0
120500,1202.0,56.0
120600,1203.0,56.0
120700,1201.0,56.0
120900,1205.0,56.0
121000,1199.0,56.0
121100,1203.0,56.0
121200,1203.0,56.0
121300,1201.0,56.0
121400,1195.0,56.0
121500,1202.0,56.0
121600,1201.0,56.0
121700,1198.0,56.0
121900,1196.0,56.0
122000,1201.0,56.0
122100,1203.0,56.0
122200,1203.0,56.0
122300,1207.0,56.0
122400,1203.0,56.0
122500,1205.0,56.0
122600,1208.0,56.0
122700,1209.0,56.0
122800,1210.0,56.0
123000,1207.0,56.0
123100,1213.0,56.0
123200,1213.0,56.0
123300,1217.0,56.0
123400,1218.0,56.0
123500,1218.0,56.0
123600,1220.0,56.0
123700,1222.0,56.0
123800,1224.0,56.0
123900,1227.0,56.0
124000,1228.0,56.0
124100,1231.0,56.0
124200,1231.0,56.0
124400,1232.0,57.0
124500,1232.0,57.0
124600,1234.0,57.0
124700,1232.5,57.0
124900,1230.0,57.0
125000,1232.0,57.0
125100,1228.0,57.0
125200,1228.0,57.0
125300,1223.0,57.0
125400,1225.0,57.0
125500,1222.0,57.0
125600,1197.0,56.0
125700,1231.0,56.0
125900,1211.0,56.0
126000,1228.0,56.0
126100,1224.0,56.0
126200,1229.0,56.0
126300,1214.0,56.0
126400,1229.0,56.0
126500,1231.0,56.0
126600,1217.0,56.0
126800,1220.0,55.0
126900,1217.0,55.0
127000,1214.0,55.0
127100,1219.0,55.0
127200,1214.0,55.0
127300,1212.0,55.0
127400,1208.0,55.0
127500,1211.0,55.0
127600,1207.0,55.0
127700,1209.0,55.0
127800,1207.0,55.0
128000,1205.0,55.0
128100,1199.0,55.0
128200,1203.0,55.0
128300,1198.0,54.0
128400,1203.0,54.0
128500,1200.0,54.0
128600,1203.0,54.0
128700,1197.0,54.0
128800,1201.0,54.0
128900,1200.0,54.0
129000,1207.0,54.0
129100,1213.0,54.0
129300,1214.0,54.5
129500,1219.0,55.0
129600,1221.0,55.0
129700,1220.0,55.0
129800,1224.0,55.0
129900,1223.0,55.0
130000,1223.0,55.0
130100,1223.0,55.0
130300,1232.5,55.0
130500,1233.0,55.0
130600,1229.0,55.0
130700,1231.0,55.0
130800,1231.0,55.0
130900,1232.0,55.0
131000,1233.0,55.0
131100,1235.0,55.0
131200,1240.0,55.0
131300,1230.0,55.0
131400,1231.0,55.0
131500,1228.0,55.0
131600,1227.0,55.0
131700,1225.0,55.0
131900,1221.0,55.0
132100,1222.0,55.0
132200,1222.0,55.0
132300,1220.0,55.0
132400,1219.0,55.0
132500,1219.0,55.0
132600,1224.0,55.0
132800,1221.0,55.0
132900,1219.0,55.0
133000,1220.0,55.0
133100,1215.0,55.0
133200,1216.0,55.0
133300,1220.0,55.0
133400,1212.0,55.0
133500,1216.0,55.0
133600,1213.0,55.0
133700,1220.0,55.0
133800,1216.0,55.0
133900,1219.0,55.0
134000,1215.0,55.0
134100,1215.0,55.0
134200,1212.0,55.0
134400,1212.0,55.0
134500,1206.0,55.0
134600,1210.0,55.0
134700,1209.0,55.0
134800,1207.0,55.0
134900,1210.0,55.0
135000,1209.0,55.0
135100,1207.0,55.0
135200,1209.0,55.0
135300,1205.0,55.0
135400,1209.0,55.0
135500,1214.0,55.0
135600,1211.0,55.0
135700,1215.0,55.0
135900,1214.0,55.0
136000,1213.0,55.0
136100,1214.0,55.0
136200,1211.0,55.0
136300,1211.0,55.0
136400,1210.0,55.0
136500,1211.0,55.0
136700,1213.0,55.0
136800,1215.0,55.0
136900,1213.0,55.0
137000,1209.0,55.0
137100,1210.0,55.0
137200,1218.0,55.0
137300,1215.0,55.0
137400,1206.0,55.0
137600,1213.0,55.0
137700,1212.0,55.0
137800,1212.0,55.0
137900,1216.0,55.0
138000,1211.0,55.0
138100,1211.0,55.0
138200,1217.0,55.0
138300,1216.0,55.0
138400,1211.0,55.0
138500,1217.0,55.0
138600,1214.0,55.0
138700,1215.0,55.0
138800,1212.0,55.0
138900,1215.0,56.0
139000,1216.0,56.0
139100,1219.0,56.0
139200,1216.0,56.0
139400,1216.0,55.0
139500,1213.0,55.0
139600,1215.0,56.0
139700,1214.0,56.0
139800,1220.0,56.0
139900,1222.0,56.0
140000,1214.0,56.0
140100,1214.0,56.0
140300,1217.0,56.0
140400,1213.0,56.0
140500,1218.0,56.0
140600,1219.0,56.0
140700,1224.0,56.0
140800,1222.0,56.0
140900,1223.0,56.0
141000,1220.0,56.0
141100,1221.0,56.0
141200,1224.0,56.0
141300,1227.0,56.0
141400,1233.0,57.0
141500,1238.0,57.0
141600,1244.0,57.0
141700,1246.0,57.0
141800,1243.0,57.0
141900,1245.0,57.0
142000,1253.0,57.0
142200,1250.0,57.0
142300,1256.0,57.0
142400,1259.0,58.0
142500,1271.0,57.0
142600,1256.0,57.0
142700,1271.0,58.0
142800,1288.0,58.0
142900,1295.0,58.0
143000,1308.0,58.0
143100,1309.0,58.0
143200,1307.0,58.0
143300,1315.0,58.0
143400,1317.0,58.0
143500,1321.0,58.0
143700,1325.0,59.0
143800,1326.0,59.0
143900,1328.0,59.0
144000,1332.0,59.0
144100,1333.0,59.0
144200,1333.0,59.0
144400,1336.0,59.0
144500,1343.0,59.0
144600,1345.0,59.0
144700,1346.0,59.0
144800,1353.0,59.0
145000,1356.0,60.0
145100,1362.0,60.0
145200,1366.0,60.0
145300,1356.0,60.0
145400,1362.0,60.0
145600,1364.0,60.0
145700,1366.0,60.0
145800,1369.0,60.0
145900,1375.0,60.0
146000,1375.0,60.0
146100,1376.0,60.0
146200,1377.0,60.0
146300,1376.0,60.0
146400,1377.0,60.0
146500,1381.0,61.0
146600,1386.0,61.0
146700,1379.0,61.0
146800,1374.0,61.0
146900,1382.0,61.0
147000,1377.0,61.0
147100,1370.0,61.0
147200,1372.0,61.0
147300,1364.0,61.0
147500,1364.0,61.0
147600,1365.0,61.0
147700,1362.0,61.0
147800,1360.0,61.0
147900,1357.0,61.0
148000,1348.0,61.0
148100,1352.0,61.0
148200,1345.0,61.0
148300,1336.0,61.0
148400,1328.0,61.0
148500,1325.0,61.0
148600,1323.0,61.0
148700,1321.0,61.0
148800,1316.0,61.0
149000,1329.0,62.0
149100,1325.0,62.0
149200,1323.0,62.0
149300,1327.0,62.0
149400,1326.0,62.0
149500,1323.0,62.0
149600,1325.0,62.0
149700,1325.0,62.0
149800,1320.0,62.0
149900,1321.0,62.0
150000,1318.0,62.0
150100,1317.0,62.0
150200,1323.0,62.0
150300,1320.0,62.0
150400,1321.0,62.0
150600,1327.0,62.0
150700,1331.0,62.0
150800,1332.0,62.0
150900,1333.0,62.0
151000,1331.0,62.0
151100,1335.0,62.0
151200,1333.0,62.0
151300,1326.0,62.0
151400,1343.0,62.0
151600,1339.0,62.0
151700,1336.0,62.0
151800,1339.0,62.0
151900,1343.0,62.0
152000,1343.0,63.0
152100,1346.0,63.0
152200,1348.0,63.0
152300,1352.0,63.0
152400,1353.0,63.0
152500,1357.0,63.0
152600,1358.0,63.0
152700,1360.0,63.0
152800,1357.0,63.0
153000,1358.0,63.0
153100,1363.0,63.0
153200,1362.0,63.0
153300,1365.0,64.0
153400,1365.0,64.0
153500,1363.0,64.0
153600,1364.0,64.0
153700,1366.0,64.0
153800,1367.0,64.0
154000,1362.0,64.0
154100,1363.0,64.0
154200,1367.0,64.0
154300,1366.0,64.0
154400,1366.0,64.0
154500,1364.0,64.0
154600,1368.0,64.0
154700,1367.0,64.0
154900,1357.0,64.0
155000,1360.0,64.0
155100,1354.0,64.0
155200,1350.0,64.0
155300,1358.0,64.0
155400,1356.0,64.0
155500,1348.0,64.0
155600,1355.0,64.0
155700,1353.0,64.0
155800,1353.0,64.0
155900,1353.0,64.0
156000,1353.0,64.0
156100,1351.0,64.0
156200,1348.0,64.0
156300,1358.0,64.0
156500,1355.0,64.0
156600,1353.0,64.0
156700,1349.0,64.0
156800,1352.0,64.0
156900,1353.0,64.0
157000,1354.0,64.0
157100,1356.0,64.0
157200,1352.0,64.0
157400,1352.0,64.0
157500,1353.0,64.0
157600,1355.0,64.0
157700,1358.0,64.0
157800,1357.0,64.0
157900,1357.0,64.0
158100,1357.0,64.0
158200,1359.0,64.0
158300,1367.0,64.0
158400,1364.0,64.0
158500,1367.0,64.0
158600,1366.0,64.0
158700,1361.0,64.0
158800,1366.0,65.0
159000,1366.0,65.0
159100,1364.0,65.0
159200,1364.0,65.0
159300,1366.0,65.0
159400,1362.0,65.0
159500,1359.0,65.0
159600,1363.0,65.0
159700,1363.0,65.0
159800,1360.0,65.0
159900,1359.0,65.0
160000,1362.0,65.0
160100,1361.0,65.0
160200,1362.0,65.0
160300,1357.0,65.0
160400,1360.0,65.0
160600,1363.0,65.0
160700,1357.0,65.0
160800,1357.0,65.0
160900,1366.0,65.0
161000,1364.0,65.0
161100,1364.0,65.0
161200,1363.0,65.0
161300,1364.0,65.0
161400,1367.0,65.0
161500,1362.0,65.0
161600,1362.0,65.0
161700,1368.0,65.0
161800,1368.0,65.0
161900,1365.0,65.0
162000,1365.0,65.0
162100,1364.0,65.0
162200,1365.0,65.0
162400,1363.0,65.0
162500,1361.0,65.0
162600,1364.0,65.0
162700,1364.0,65.0
162800,1367.0,65.0
162900,1360.0,65.0
163000,1357.0,65.0
163100,1364.0,64.0
163200,1359.0,64.0
163300,1354.0,64.0
163400,1358.0,65.0
163500,1358.0,65.0
163600,1356.0,64.0
163700,1358.0,64.0
163900,1360.0,64.0
164100,1362.0,64.0
164200,1366.0,64.0
164300,1362.0,65.0
164400,1368.0,65.0
164500,1367.0,65.0
164600,1361.0,65.0
164700,1366.0,65.0
164800,1363.0,65.0
164900,1359.0,65.0
165000,1359.0,65.0
165100,1362.0,65.0
165200,1361.0,65.0
165300,1360.0,65.0
165400,1359.0,65.0
165500,1363.0,65.0
165600,1365.0,65.0
165700,1360.0,65.0
165800,1360.0,65.0
165900,1362.0,65.0
166100,1366.0,65.0
166200,1363.0,65.0
166300,1364.0,65.0
166400,1364.0,65.0
166500,1368.0,65.0
166600,1368.0,65.0
166700,1360.0,65.0
166800,1367.0,65.0
166900,1365.0,65.0
167100,1366.0,65.0
167200,1366.0,65.0
167300,1366.0,65.0
167500,1360.0,65.0
167600,1363.0,65.0
167800,1363.0,65.0
168000,1369.0,65.0
168100,1366.0,65.0
168200,1371.0,65.0
168300,1369.0,65.0
168400,1368.0,65.0
168500,1368.0,65.0
168600,1365.0,65.0
168700,1364.0,65.0
168800,1357.0,65.0
168900,1358.0,65.0
169000,1359.0,65.0
169100,1367.0,65.0
169200,1342.0,64.0
169400,1359.0,64.0
169500,1349.0,64.0
169600,1349.0,64.0
169700,1350.0,64.0
169800,1321.0,64.0
169900,1333.0,64.0
170000,1349.0,64.0
170100,1341.0,64.0
170200,1326.0,63.0
170300,1329.0,63.0
170400,1325.0,63.0
170500,1318.0,63.0
170700,1321.0,63.0
170800,1312.0,62.0
170900,1311.0,62.0
171000,1307.0,62.0
171100,1303.0,62.0
171200,1300.0,62.0
171300,1297.0,62.0
171400,1293.0,61.0
171600,1292.0,61.0
171700,1290.0,61.0
171800,1287.0,61.0
171900,1285.0,61.0
172000,1306.0,61.0
172100,1297.0,61.0
172200,1269.0,61.0
172400,1292.0,61.0
172500,1274.0,60.0
172600,1283.0,60.0
172700,1279.0,60.0
172800,1284.0,60.0
172900,1283.0,60.0
173000,1279.0,60.0
173100,1278.0,60.0
173200,1281.0,60.0
173300,1285.0,60.0
173400,1282.0,60.0
173500,1291.0,60.0
173600,1289.0,60.0
173700,1289.0,60.0
173800,1285.0,60.0
174000,1291.0,60.0
174100,1293.0,60.0
174200,1292.0,60.0
174300,1290.0,60.0
174400,1296.0,60.0
174500,1296.0,60.0
174600,1310.0,61.0
174700,1294.0,61.0
174800,1304.0,61.0
174900,1310.0,61.0
175000,1307.0,61.0
175100,1304.0,61.0
175300,1309.0,61.0
175400,1307.0,61.0
175500,1299.0,61.0
175600,1303.0,61.0
175700,1297.0,61.0
175800,1298.0,61.0
175900,1296.0,61.0
176100,1295.0,61.0
176200,1296.0,61.0
176300,1291.0,61.0
176400,1291.0,61.0
176500,1294.0,60.0
176600,1289.5,60.0
176800,1292.0,60.0
176900,1291.0,60.0
177000,1290.0,60.0
177100,1289.0,60.0
177200,1289.0,60.0
177300,1292.0,60.0
177400,1294.0,60.0
177500,1299.0,60.0
177700,1302.0,60.0
177800,1301.0,60.0
177900,1297.0,60.0
178000,1298.0,60.0
178100,1299.0,60.0
178200,1311.0,60.0
178400,1314.0,60.0
178500,1307.0,60.0
178600,1319.0,60.0
178700,1318.0,60.0
178800,1313.0,60.0
178900,1320.0,61.0
179000,1327.0,61.0
179100,1326.0,61.0
179200,1323.0,61.0
179300,1331.0,61.0
179400,1326.0,61.0
179500,1330.0,61.0
179600,1327.0,61.0
179700,1333.0,61.0
179800,1336.0,61.0
179900,1339.0,61.0
180000,1337.0,61.0
180200,1336.0,61.0
180300,1344.0,61.0
180400,1345.0,61.0
180500,1342.0,62.0
180600,1341.0,62.0
180700,1337.0,61.0
180800,1347.0,62.0
181000,1340.0,61.0
181100,1342.0,62.0
181200,1355.0,62.0
181300,1352.0,62.0
181400,1353.0,62.0
181500,1357.0,62.0
181600,1358.0,62.0
181700,1359.0,62.0
181800,1364.0,62.0
181900,1361.0,62.0
182000,1361.0,62.0
182100,1363.0,62.0
182300,1362.0,62.0
182400,1362.0,62.0
182500,1364.0,62.0
182600,1358.0,62.0
182700,1355.0,62.0
182900,1358.0,62.0
183000,1352.0,62.0
183100,1351.0,62.0
183200,1351.0,63.0
183300,1354.0,63.0
183400,1353.0,63.0
183500,1353.0,63.0
183600,1353.0,63.0
183700,1356.0,63.0
183800,1361.0,63.0
183900,1362.0,63.0
184000,1363.0,63.0
184200,1365.0,63.0
184300,1362.0,63.0
184400,1366.0,63.0
184500,1361.0,63.0
184600,1365.0,63.0
184700,1363.0,63.0
184800,1363.0,64.0
185000,1362.0,63.0
185100,1361.0,63.0
185200,1364.0,64.0
185300,1353.0,63.0
185400,1344.0,63.0
185500,1340.0,63.0
185600,1336.0,63.0
185700,1336.0,63.0
185800,1329.0,63.0
185900,1327.0,63.0
186000,1327.0,63.0
186100,1320.0,62.0
186200,1300.0,62.0
186300,1304.0,62.0
186400,1324.0,62.0
186500,1296.0,62.0
186600,1304.0,61.0
186700,1298.0,61.0
186800,1287.0,61.0
187000,1287.0,61.0
187100,1283.0,61.0
187200,1278.0,60.0
187300,1273.0,60.0
187400,1268.0,60.0
187500,1266.0,60.0
187600,1260.0,60.0
187700,1260.0,59.0
187800,1254.0,59.0
187900,1255.0,59.0
188100,1249.0,59.0
188200,1245.0,58.0
188300,1244.0,58.0
188400,1239.0,58.0
188500,1239.0,58.0
188600,1237.0,58.0
188700,1238.0,57.0
188800,1232.0,57.0
188900,1234.0,57.0
189000,1223.0,57.0
189100,1228.0,57.0
189200,1231.0,57.0
189300,1227.0,56.0
189400,1223.0,56.0
189500,1229.0,56.0
189600,1231.0,56.0
189800,1237.0,56.0
189900,1239.0,56.0
190000,1244.0,56.0
190100,1247.0,56.0
190200,1239.0,55.0
190300,1236.0,55.0
190400,1234.0,55.0
190500,1243.0,55.0
190600,1235.0,55.0
190700,1241.0,54.0
190800,1248.0,54.0
190900,1247.0,54.0
191000,1243.0,54.0
191100,1245.0,54.0
191200,1237.0,54.0
191300,1238.0,54.0
191400,1234.0,53.0
191600,1232.0,53.0
191800,1236.0,53.0
191900,1235.0,52.0
192000,1234.0,52.0
192100,1234.0,52.0
192200,1238.0,52.0
192300,1237.0,52.0
192400,1231.0,51.0
192500,1232.0,51.0
192600,1231.0,51.0
192700,1232.0,50.0
192800,1228.0,50.0
192900,1225.0,50.0
193000,1225.0,49.0
193200,1230.0,49.0
193300,1231.0,49.0
193400,1234.0,49.0
193500,1244.0,48.0
193600,1246.0,48.0
193700,1246.0,48.0
193800,1244.0,48.0
193900,1244.0,48.0
194000,1243.0,47.0
194200,1236.0,47.0
194300,1237.0,47.0
194400,1233.0,47.0
194500,1234.0,46.0
194700,1229.0,46.0
194800,1233.0,45.0
194900,1235.0,45.0
195000,1236.0,45.0
195100,1234.0,44.0
195200,1230.0,44.0
195300,1233.0,44.0
195400,1231.0,43.0
195500,1231.0,43.0
195600,1233.0,43.0
195800,1235.0,42.0
195900,1233.0,42.0
196000,1235.0,41.0
196100,1236.0,41.0
196200,1236.0,41.0
196300,1247.0,40.0
196400,1244.0,40.0
196500,1257.0,40.0
196600,1252.0,40.0
196700,1255.0,40.0
196900,1247.0,39.0
197000,1247.0,39.0
197100,1243.0,39.0
197200,1234.0,38.0
197300,1238.0,38.0
197400,1237.0,38.0
197500,1244.0,37.0
197600,1242.0,38.0
197700,1246.0,37.0
197800,1242.0,37.0
197900,1242.0,37.0
198100,1241.0,36.0
198200,1242.0,36.0
198300,1239.0,35.0
198400,1234.0,35.0
198500,1234.0,35.0
198600,1231.0,34.0
198700,1223.0,34.0
198800,1222.0,33.0
198900,1222.0,33.0
199000,1222.0,32.0
199100,1224.0,32.0
199200,1218.0,31.0
199300,1223.0,31.0
199400,1222.0,30.0
199500,1229.0,30.0
199600,1225.0,30.0
199800,1237.0,29.0
199900,1235.0,29.0
200000,1239.0,28.0
200100,1234.0,28.0
200200,1237.0,28.0
200300,1235.0,27.0
200400,1227.0,27.0
200500,1241.0,26.0
200600,1234.0,26.0
200700,1239.0,25.0
200800,1217.0,25.0
200900,1212.0,24.0
201000,1215.0,24.0
201100,1207.0,23.0
201200,1230.0,23.0
201400,1203.0,22.0
201500,1213.0,22.0
201600,1195.0,21.0
201700,1188.0,21.0
201800,1183.0,20.0
201900,1126.0,20.0
202000,1047.0,20.0
202100,982.0,20.0
202200,1110.0,19.0
202300,1191.0,19.0
202400,1199.0,19.0
202500,1183.0,19.0
202600,1158.0,19.0
202700,1151.0,19.0
202800,1146.0,19.0
202900,1150.0,19.0
203100,1186.0,18.0
203200,1221.0,19.0
203300,1296.0,18.0
203400,1357.0,19.0
203500,1430.0,18.0
203600,1511.0,19.0
203800,1609.0,19.0
203900,1737.0,19.0
204000,1793.0,19.0
204100,1866.0,20.0
204200,1879.0,20.0
204300,1860.0,20.0
204400,1813.0,21.0
204500,1799.0,21.0
204600,1789.0,21.0
204800,1772.0,22.0
204900,1753.0,22.0
205000,1739.0,23.0
205100,1734.0,23.0
205200,1689.0,24.0
205300,1665.0,24.0
205500,1639.0,25.0
205600,1642.0,25.0
205700,1636.0,26.0
205800,1636.0,26.0
205900,1605.0,27.0
206000,1591.0,27.0
206100,1566.0,27.0
206200,1591.0,28.0
206300,1623.0,29.0
206500,1631.0,29.0
206600,1648.0,30.0
206700,1670.0,30.0
206800,1706.0,31.0
206900,1739.0,32.0
207000,1760.0,32.0
207100,1773.0,33.0
207200,1802.0,33.0
207300,1812.0,34.0
207400,1829.0,34.0
207500,1820.0,35.0
207600,1839.0,35.0
207700,1839.0,36.0
207800,1861.0,37.0
207900,1853.0,37.0
208000,1861.0,38.0
208100,1876.0,38.0
208200,1869.0,39.0
208400,1882.0,40.0
208500,1885.0,40.0
208600,1869.0,41.0
208700,1865.0,42.0
208800,1867.0,42.0
208900,1842.0,43.0
209100,1837.0,43.0
209200,1821.0,44.0
209300,1820.0,44.0
209400,1796.0,45.0
209500,1803.0,45.0
209600,1787.0,46.0
209700,1783.0,46.0
209800,1784.0,47.0
210000,1777.0,47.0
210100,1777.0,48.0
210200,1769.0,48.0
210300,1766.0,48.0
210400,1763.0,49.0
210500,1757.0,49.0
210600,1755.0,49.0
210700,1759.0,50.0
210800,1757.0,50.0
210900,1754.0,50.0
211000,1757.0,51.0
211200,1763.0,51.0
211300,1760.0,51.0
211400,1750.0,52.0
211600,1749.0,52.0
211700,1743.0,52.0
211800,1738.0,53.0
211900,1725.0,53.0
212000,1724.0,53.0
212100,1702.0,54.0
212200,1658.0,54.0
212300,1659.0,54.0
212400,1607.0,54.0
212500,1577.0,55.0
212700,1545.0,55.0
212800,1530.0,55.0
212900,1518.0,55.0
213000,1493.0,55.0
213100,1484.0,55.0
213200,1465.0,56.0
213300,1457.0,56.0
213500,1451.0,56.0
213600,1449.0,56.0
213700,1448.0,56.0
213800,1452.0,57.0
213900,1456.0,57.0
214000,1441.0,57.0
214100,1446.0,57.0
214200,1446.0,57.0
214300,1437.0,57.0
214400,1437.0,58.0
214500,1428.0,58.0
214600,1428.0,58.0
214800,1408.0,58.0
214900,1405.0,58.0
215000,1379.0,58.0
215100,1355.0,58.0
215200,1344.0,58.0
215300,1321.0,59.0
215400,1318.0,59.0
215500,1295.0,59.0
215600,1298.0,59.0
215700,1286.0,59.0
215800,1279.0,59.0
215900,1285.0,59.0
216100,1281.0,59.0
216200,1277.0,59.0
216300,1279.0,59.0
216400,1280.0,59.0
216500,1277.0,59.0
216600,1285.0,59.0
216700,1281.0,60.0
216800,1278.0,60.0
216900,1275.0,60.0
217100,1274.0,60.0
217200,1265.0,60.0
217300,1262.0,60.0
217400,1263.0,60.0
217500,1259.0,60.0
217600,1251.0,59.0
217700,1258.0,59.0
217800,1252.0,59.0
218000,1251.0,59.0
218100,1250.0,59.0
218200,1246.0,59.0
218300,1244.0,59.0
218400,1239.0,59.0
218500,1241.0,59.0
218600,1238.0,59.0
218700,1239.0,59.0
218800,1234.0,58.0
219000,1229.0,58.0
219100,1230.0,58.0
219200,1223.0,58.0
219300,1235.0,58.0
219400,1217.0,58.0
219500,1224.0,58.0
219600,1220.0,58.0
219700,1216.0,57.0
219900,1216.0,57.0
220000,1218.0,57.0
220100,1203.0,57.0
220200,1213.0,57.0
220300,1210.0,57.0
220400,1208.0,56.0
220500,1210.0,56.0
220700,1213.0,56.0
220800,1213.0,56.0
220900,1217.0,56.0
221000,1218.0,55.0
221100,1221.0,55.0
221200,1221.0,55.0
221300,1220.0,55.0
221400,1223.0,55.0
221500,1227.0,55.0
221600,1226.0,55.0
221700,1227.0,54.0
221800,1230.0,54.0
221900,1227.0,54.0
222000,1225.0,54.0
222100,1226.0,54.0
222300,1231.0,53.0
222400,1228.0,53.0
222500,1233.0,53.0
222600,1233.0,53.0
222700,1233.0,53.0
222800,1234.0,52.0
222900,1235.0,52.0
223000,1234.0,52.0
223100,1237.0,52.0
223300,1238.5,51.5
223500,1237.0,51.0
223600,1236.0,51.0
223700,1242.0,51.0
223800,1235.0,51.0
223900,1240.0,51.0
224000,1238.0,50.0
224100,1242.0,50.0
224300,1243.0,50.0
224400,1252.0,50.0
224500,1241.0,50.0
224600,1236.0,50.0
224700,1244.0,49.0
224900,1228.0,50.0
225000,1218.0,49.0
225100,1228.0,49.0
225200,1205.0,49.0
225300,1214.0,49.0
225400,1187.0,49.0
225500,1196.0,49.0
225700,1183.0,49.0
225800,1181.0,49.0
225900,1177.0,49.0
226000,1171.0,49.0
226100,1188.0,49.0
226200,1228.0,49.0
226300,1254.0,48.0
226400,1240.0,48.0
226500,1232.0,48.0
226600,1256.0,48.0
226700,1249.0,48.0
226800,1235.0,48.0
226900,1238.0,48.0
227000,1235.0,48.0
227100,1257.0,47.0
227300,1213.0,47.0
227400,1222.0,47.0
227500,1208.0,47.0
227600,1197.0,47.0
227700,1209.0,47.0
227800,1196.0,47.0
227900,1201.0,47.0
228000,1214.0,47.0
228100,1208.0,48.0
228200,1212.0,48.0
228300,1220.0,48.0
228400,1219.0,48.0
228600,1225.0,48.0
228700,1231.0,48.0
228800,1230.0,48.0
228900,1225.0,48.0
229000,1240.0,48.0
229100,1228.0,48.0
229200,1229.0,49.0
229300,1230.0,49.0
229400,1219.0,49.0
229500,1219.0,48.0
229600,1222.0,48.0
229800,1219.0,48.0
229900,1222.0,48.0
230000,1220.0,48.0
230100,1225.0,48.0
230200,1210.0,48.0
230300,1198.0,48.0
230400,1204.0,48.0
230500,1200.0,48.0
230600,1225.0,48.0
230700,1222.0,48.0
230900,1250.0,47.0
231000,1216.0,47.0
231100,1221.0,47.0
231200,1194.0,46.0
231300,1217.0,46.0
231400,1192.0,45.0
231500,1195.0,44.0
231600,1190.0,44.0
231700,1181.0,43.0
231800,1188.0,42.0
232000,1186.0,41.0
232100,1208.0,40.0
232200,1233.0,39.0
232300,1240.0,38.0
232400,1269.0,38.0
232500,1274.0,37.0
232600,1287.0,36.0
232700,1281.0,35.0
232800,1278.0,35.0
232900,1272.0,34.0
233000,1262.0,33.0
233100,1241.0,33.0
233200,1228.0,32.0
233300,1210.0,31.0
233400,1189.0,30.0
233500,1189.0,29.0
233600,1195.0,29.0
233700,1212.0,28.0
233800,1227.0,28.0
233900,1243.0,27.0
234000,1255.0,27.0
234200,1251.0,26.0
234300,1237.0,25.0
234400,1221.0,24.0
234500,1214.0,24.0
234600,1216.0,23.0
234700,1230.0,23.0
234800,1251.0,22.0
234900,1266.0,22.0
235100,1257.5,21.5
235300,1181.0,21.0
235400,1145.0,21.0
235500,1048.0,21.0
235600,1048.0,21.0
235700,1157.0,21.0
235800,1237.0,20.0
235900,1234.0,20.0
236000,1221.0,20.0
236100,1218.0,20.0
236200,1228.0,20.0
236300,1269.0,20.0
236500,1253.0,20.0
236600,1243.0,20.0
236700,1233.0,20.0
236800,1244.0,20.0
236900,1255.0,20.0
237000,1279.0,20.0
237100,1331.0,20.0
237200,1396.0,20.0
237400,1474.5,20.0
237500,1563.0,21.0
237700,1671.0,21.0
237800,1756.0,21.0
237900,1775.0,21.0
238000,1798.0,22.0
238100,1792.0,23.0
238200,1758.0,23.0
238300,1700.0,23.0
238400,1685.0,24.0
238500,1634.0,24.0
238700,1572.0,24.0
238800,1484.0,25.0
238900,1398.0,25.0
239000,1349.0,26.0
239100,1331.0,26.0
239200,1301.0,26.0
239300,1292.0,26.0
239400,1283.0,27.0
239500,1271.0,27.0
239700,1248.0,27.0
239800,1240.0,27.0
239900,1219.0,28.0
240000,1211.0,28.0
240100,1201.0,28.0
240200,1188.0,28.0
240400,1192.0,28.0
240500,1170.0,28.0
240600,1175.0,28.0
240700,1171.0,28.0
240800,1200.0,29.0
240900,1189.0,28.0
241000,1206.0,28.0
241100,1201.0,28.0
241200,1203.0,28.0
241400,1163.0,28.0
241500,1211.0,28.0
241600,1230.0,28.0
241700,1230.0,28.0
241800,1227.0,28.0
241900,1194.0,28.0
242000,1205.0,28.0
242100,1214.0,28.0
242200,1185.0,28.0
242300,1163.0,28.0
242400,1164.0,28.0
242500,1177.0,27.0
242600,1174.0,27.0
242700,1151.0,27.0
242800,1205.0,27.0
243000,1259.0,27.0
243100,1249.0,27.0
243200,1223.0,27.0
243300,1218.0,27.0
243400,1218.0,26.0
243500,1190.0,26.0
243600,1192.0,26.0
243700,1181.0,26.0
243800,1177.0,26.0
243900,1190.0,27.0
244000,1178.0,27.0
244100,1165.0,27.0
244200,1187.0,27.0
244300,1177.0,27.0
244400,1179.0,27.0
244500,1176.0,27.0
244600,1175.0,27.0
244700,1173.0,27.0
244900,1171.0,27.0
245100,1174.0,27.0
245200,1167.0,28.0
245300,1167.0,28.0
245400,1167.0,28.0
245500,1168.0,28.0
245600,1167.0,28.0
245700,1170.0,28.0
245900,1180.0,28.0
246000,1189.0,28.0
246200,1212.0,29.0
246300,1226.0,29.0
246400,1224.0,29.0
246500,1223.0,29.0
246600,1217.0,29.0
246700,1225.0,29.0
246800,1228.0,29.0
246900,1226.0,30.0
247000,1230.0,30.0
247200,1232.0,30.0
247300,1237.0,30.0
247400,1244.0,31.0
247500,1254.0,31.0
247600,1243.0,31.0
247700,1244.0,31.0
247800,1248.0,31.0
247900,1237.0,31.0
248000,1229.0,31.0
248100,1209.0,31.0
248200,1205.0,31.0
248300,1200.0,31.0
248400,1204.0,31.0
248500,1200.0,31.0
248600,1206.0,31.0
248700,1213.0,31.0
248900,1195.0,31.0
249000,1167.0,31.0
249100,1226.0,30.0
249200,1166.0,30.0
249300,1195.0,30.0
249400,1171.0,29.0
249500,1171.0,29.0
249600,1168.0,28.0
249700,1168.0,27.0
249800,1169.0,27.0
249900,1168.0,26.0
250000,1176.0,26.0
250200,1187.0,26.0
250300,1188.0,25.0
250400,1193.0,24.0
250500,1191.0,24.0
250600,1190.0,23.0
250700,1192.0,23.0
250800,1191.0,23.0
250900,1191.0,22.0
251000,1186.0,21.0
251100,1183.0,21.0
251200,1179.0,20.0
251300,1150.0,20.0
251400,1074.0,20.0
251500,978.0,19.0
251700,1088.0,19.0
251800,1130.0,18.0
251900,1148.0,18.0
252000,1131.0,18.0
252100,1109.0,17.0
252200,1103.0,17.0
252300,1080.0,17.0
252400,1074.0,16.0
252500,1066.0,16.0
252600,1052.0,15.0
252700,1036.0,15.0
252800,1029.0,15.0
253000,1013.0,14.0
253100,1005.0,14.0
253200,992.0,14.0
253300,992.0,13.0
253400,987.0,13.0
253500,976.0,13.0
253600,963.0,12.0
253800,960.0,12.0
253900,944.0,12.0
254000,926.0,11.0
254100,914.0,11.0
254200,901.0,11.0
254300,894.0,10.0
254400,888.0,10.0
254500,873.0,10.0
254600,870.0,9.0
254800,867.0,9.0
254900,861.0,9.0
255000,850.0,8.0
255100,843.0,8.0
255200,833.0,8.0
255300,818.0,7.0
255400,793.0,7.0
255500,762.0,7.0
255600,754.0,6.0
255700,728.0,6.0
255800,706.0,6.0
255900,682.0,5.0
256000,669.0,5.0
256100,662.0,5.0
256200,655.0,4.0
256400,652.0,4.0
256500,657.0,4.0
256600,653.0,3.0
256700,663.0,3.0
256800,663.0,3.0
256900,668.0,2.0
257000,666.0,2.0
257100,661.0,2.0
257300,667.0,2.0
257400,661.0,0.0
257500,654.0,0.0
257600,653.0,0.0
257700,648.0,0.0
257800,656.0,0.0
257900,662.0,0.0
258000,667.0,0.0
258100,670.0,0.0
258200,667.0,0.0
258300,674.0,0.0
258400,675.0,0.0
258500,678.0,0.0
258600,679.0,0.0
258700,680.0,0.0
258800,686.0,0.0
259000,684.0,0.0
259100,687.0,0.0
259200,685.0,0.0
259300,691.0,0.0
259400,682.0,0.0
259500,697.0,0.0
259600,691.0,0.0
259700,684.0,0.0
259800,692.0,0.0
259900,683.0,0.0
260000,689.0,0.0
260200,681.0,0.0
260300,669.0,0.0
260400,668.0,0.0
260500,669.0,0.0
260600,666.0,0.0
260700,670.0,0.0
260800,669.0,0.0
260900,681.0,0.0
261000,671.0,0.0
261200,680.0,0.0
261300,671.0,0.0
261400,673.0,0.0
261500,666.0,0.0
261600,673.0,0.0
261700,671.0,0.0
261800,672.0,0.0
261900,672.0,0.0
262000,664.0,0.0
262100,673.0,0.0
262200,669.0,0.0
262300,679.0,0.0
262400,670.0,0.0
262500,677.0,0.0
262600,669.0,0.0
262700,674.0,0.0
262800,666.0,0.0
262900,667.0,0.0
263000,663.0,0.0
263100,668.0,0.0
263200,673.0,0.0
263300,658.0,0.0
263400,665.0,0.0
263500,662.0,0.0
263700,659.0,0.0
263900,661.0,0.0
264000,662.0,0.0
264100,659.0,0.0
264200,661.0,0.0
264300,666.0,0.0
264400,671.0,0.0
264500,666.0,0.0
264600,668.0,0.0
264700,673.0,0.0
264800,666.0,0.0
264900,673.0,0.0
265000,669.0,0.0
265100,664.0,0.0
265200,669.0,0.0
265300,664.0,0.0
265400,670.0,0.0
265500,671.0,0.0
265600,675.0,0.0
265800,668.0,0.0
265900,670.0,0.0
266000,670.0,0.0
266100,673.0,0.0
266200,671.0,0.0
266300,673.0,0.0
266400,671.0,0.0
266600,660.0,0.0
266700,662.0,0.0
266800,661.0,0.0
266900,658.0,0.0
267000,658.0,0.0
267100,660.0,0.0
267200,662.0,0.0
267300,663.0,0.0
267500,665.0,0.0
267600,674.0,0.0
267700,668.0,0.0
267800,669.0,0.0
267900,669.0,0.0
268000,677.0,0.0
268100,680.0,0.0
268200,679.0,0.0
268400,673.0,0.0
268500,670.0,0.0
268600,668.0,0.0
268700,661.0,0.0
268800,666.0,0.0
268900,665.0,0.0
269100,670.0,0.0
269200,669.0,0.0
269300,667.0,0.0
269400,671.0,0.0
269500,666.0,0.0
269600,664.0,0.0
269700,659.0,0.0
269800,660.0,0.0
269900,657.0,0.0
270000,658.0,0.0
270100,653.0,0.0
270200,658.0,0.0
270300,659.0,0.0
270400,663.0,0.0
270600,661.0,0.0
270700,664.0,0.0
270900,670.0,0.0
271000,671.0,0.0
271100,672.0,0.0
271200,677.0,0.0
271300,679.0,0.0
271400,684.0,0.0
271500,672.0,0.0
271600,672.0,0.0
271700,675.0,0.0
271800,669.0,0.0
271900,670.0,0.0
272000,670.0,0.0
272100,666.0,0.0
272200,667.0,0.0
272300,668.0,0.0
272400,666.0,0.0
272500,664.0,0.0
272600,660.0,0.0
272700,665.0,0.0
272800,664.0,0.0
272900,659.0,0.0
273000,656.0,0.0
273200,657.0,0.0
273300,655.0,0.0
273400,661.0,0.0
273500,656.0,0.0
273600,660.0,0.0
273700,661.0,0.0
273800,665.0,0.0
273900,667.0,0.0
274000,675.0,0.0
274100,671.0,0.0
274200,673.0,0.0
274300,673.0,0.0
274500,673.0,0.0
274600,672.0,0.0
274700,673.0,0.0
274800,669.0,0.0
274900,665.0,0.0
275000,664.0,0.0
275100,662.0,0.0
275200,659.0,0.0
275300,658.0,0.0
275400,664.0,0.0
275500,661.0,0.0
275600,660.0,0.0
275800,665.0,0.0
275900,669.0,0.0
276000,662.0,0.0
276100,663.0,0.0
276200,651.0,0.0
276300,651.0,0.0
276400,652.0,0.0
276500,656.0,0.0
276600,655.0,0.0
276700,650.0,0.0
276900,657.0,0.0
277000,662.5,0.0
277200,666.0,0.0
277300,679.0,0.0
277400,712.0,0.0
277500,728.0,0.0
277600,793.0,0.0
277700,808.0,0.0
277800,835.0,0.0
277900,833.0,0.0
278000,835.0,0.0
278100,824.0,0.0
278200,810.0,0.0
278300,803.0,0.0
278400,799.0,0.0
278500,799.0,1.0
278600,789.0,1.0
278700,790.0,2.0
278800,797.0,2.0
279000,800.0,2.0
279100,802.0,2.0
279200,810.0,2.0
279300,811.0,2.0
279400,807.0,2.0
279500,804.5,1.5
279700,804.0,1.0
279800,801.0,0.0
279900,765.0,0.0
280000,750.0,0.0
280100,717.0,0.0
280200,682.0,0.0
280300,665.0,0.0
280400,662.0,0.0
280500,672.0,0.0
280600,683.0,0.0
280700,689.0,0.0
280800,706.0,0.0
281000,729.0,0.0
281100,745.0,0.0
281200,806.0,0.0
281300,817.0,0.0
281400,849.0,0.0
281500,855.0,0.0
281600,854.0,0.0
281700,858.0,0.0
281800,844.0,0.0
281900,833.0,0.0
282000,818.0,0.0
282200,806.0,0.0
282300,802.0,1.0
282400,803.0,1.0
282500,811.0,1.0
282600,824.0,2.0
282700,829.0,2.0
282800,831.0,2.0
282900,884.0,2.0
283000,978.0,2.0
283100,1030.0,2.0
283200,1150.0,3.0
283300,1255.0,3.0
283400,1284.0,3.0
283500,1365.0,4.0
283700,1444.0,5.0
283800,1520.0,5.0
283900,1548.0,6.0
284000,1599.0,7.0
284100,1620.0,7.0
284200,1658.0,8.0
284300,1710.0,9.0
284400,1735.0,9.0
284500,1775.0,10.0
284600,1797.0,11.0
284700,1774.0,11.0
284800,1742.0,12.0
284900,1697.0,12.0
285000,1682.0,13.0
285100,1666.0,14.0
285200,1661.0,14.0
285400,1637.0,15.0
285500,1612.0,15.0
285600,1581.0,16.0
285700,1559.0,17.0
285800,1544.0,17.0
285900,1527.0,17.0
286000,1491.0,18.0
286100,1468.0,18.0
286200,1425.0,19.0
286300,1379.0,19.0
286500,1366.0,20.0
286600,1371.0,20.0
286700,1360.0,21.0
286800,1358.0,21.0
286900,1362.0,21.0
287000,1356.0,22.0
287100,1354.0,22.0
287200,1346.0,23.0
287300,1343.0,23.0
287400,1346.0,23.0
287500,1339.0,24.0
287600,1334.0,24.0
287700,1332.0,24.0
287800,1321.0,25.0
287900,1323.0,25.0
288000,1311.0,25.0
288100,1300.0,26.0
288300,1258.0,26.0
288400,1261.5,26.0
288500,1258.0,26.0
288700,1242.0,26.0
288800,1247.0,26.0
288900,1244.0,26.0
289000,1242.0,26.0
289100,1202.0,26.0
289200,1219.0,26.0
289300,1230.0,26.0
289400,1195.0,25.0
289500,1183.0,25.0
289600,1177.0,25.0
289800,1151.0,24.0
289900,1140.0,24.0
290000,1137.0,23.0
290100,1135.0,23.0
290200,1147.0,22.0
290300,1148.0,22.0
290400,1151.0,22.0
290500,1155.0,21.0
290600,1152.0,21.0
290700,1091.0,20.0
290800,1005.0,20.0
290900,975.0,20.0
291000,978.0,19.0
291100,1039.0,19.0
291200,1148.0,19.0
291300,1163.0,18.0
291400,1156.0,18.0
291500,1121.0,17.0
291600,1091.0,17.0
291800,1083.0,17.0
291900,1070.0,16.0
292000,1054.0,16.0
292100,1054.0,15.0
292200,1041.0,14.0
292300,1031.0,14.0
292400,998.0,13.0
292500,987.0,13.0
292600,976.0,12.0
292700,957.0,12.0
292800,925.0,11.0
292900,912.0,10.0
293000,887.0,10.0
293100,872.0,9.0
293200,854.0,8.0
293300,818.0,8.0
293400,805.0,7.0
293500,771.0,7.0
293600,737.0,6.0
293700,724.0,5.0
293800,685.0,5.0
293900,645.0,4.0
294000,634.0,4.0
294200,605.5,3.0
294400,603.0,2.0
294500,621.0,2.0
294600,631.0,2.0
294700,654.0,0.0
294800,669.0,0.0
294900,679.0,0.0
295000,692.0,0.0
295100,702.0,0.0
295200,700.0,0.0
295300,715.0,0.0
295400,709.0,0.0
295500,700.0,0.0
295600,689.0,0.0
295700,675.0,0.0
295900,672.0,0.0
296000,668.0,0.0
296100,676.0,0.0
296200,680.0,0.0
296300,691.0,0.0
296400,693.0,0.0
296500,700.0,0.0
296600,696.0,0.0
296700,692.0,0.0
296900,697.0,0.0
297000,693.0,0.0
297100,700.0,0.0
297200,696.0,0.0
297300,692.0,0.0
297400,678.0,0.0
297500,681.0,0.0
297600,675.0,0.0
297700,681.0,0.0
297800,684.0,0.0
297900,668.0,0.0
298000,668.0,0.0
298200,663.0,0.0
298300,667.0,0.0
298400,672.0,0.0
298500,678.0,0.0
298600,672.0,0.0
298700,668.0,0.0
298800,669.0,0.0
298900,671.0,0.0
299000,681.0,0.0
299100,678.0,0.0
299200,687.0,0.0
299300,679.0,0.0
299400,676.0,0.0
299500,676.0,0.0
299600,681.0,0.0
299700,682.0,0.0
299900,681.0,0.0
300000,682.0,0.0
300100,678.0,0.0
300200,676.0,0.0
300300,670.0,0.0
300400,681.0,0.0
300600,681.0,0.0
300700,682.0,0.0
300800,672.0,0.0
300900,670.0,0.0
301000,657.0,0.0
301100,661.0,0.0
301200,656.0,0.0
301300,650.0,0.0
301400,653.0,0.0
301500,653.0,0.0
301600,666.0,0.0
301700,660.0,0.0
301800,669.0,0.0
302000,670.0,0.0
302100,672.0,0.0
302200,669.0,0.0
302300,673.0,0.0
302400,666.0,0.0
302500,673.0,0.0
302600,673.0,0.0
302700,680.0,0.0
302800,671.0,0.0
302900,669.0,0.0
303000,661.0,0.0
303100,665.0,0.0
303200,665.0,0.0
303300,669.0,0.0
303400,660.0,0.0
303500,654.0,0.0
303600,654.0,0.0
303800,656.0,0.0
303900,657.0,0.0
304000,659.0,0.0
304100,647.0,0.0
304200,645.0,0.0
304300,641.0,0.0
304400,644.0,0.0
304500,651.0,0.0
304600,655.0,0.0
304700,669.0,0.0
304800,661.0,0.0
304900,660.0,0.0
305000,650.0,0.0
305100,660.0,0.0
305200,662.0,0.0
305300,670.0,0.0
305400,667.0,0.0
305500,666.0,0.0
305700,667.0,0.0
305800,665.0,0.0
305900,672.0,0.0
306000,672.0,0.0
306100,673.0,0.0
306300,664.0,0.0
306400,655.0,0.0
306500,653.0,0.0
306600,654.0,0.0
306700,655.0,0.0
306800,655.0,0.0
306900,657.0,0.0
307000,656.0,0.0
307100,653.0,0.0
307200,650.0,0.0
307300,650.0,0.0
307500,654.0,0.0
307700,651.0,0.0
307800,655.0,0.0
307900,659.0,0.0
308000,664.0,0.0
308100,668.0,0.0
308200,664.0,0.0
308300,662.0,0.0
308400,657.0,0.0
308500,653.0,0.0
308600,661.0,0.0
308700,668.0,0.0
308800,673.0,0.0
308900,662.0,0.0
309000,665.0,0.0
309100,662.0,0.0
309300,662.0,0.0
309400,668.0,0.0
309500,668.0,0.0
309600,658.0,0.0
309700,652.0,0.0
309900,651.0,0.0
310000,655.0,0.0
310100,661.0,0.0
310200,663.0,0.0
310300,658.0,0.0
310400,649.0,0.0
310500,651.0,0.0
310600,646.0,0.0
310700,653.0,0.0
310800,654.0,0.0
310900,655.0,0.0
311000,655.0,0.0
311100,653.0,0.0
311200,649.0,0.0
311300,651.0,0.0
311400,657.0,0.0
311500,660.0,0.0
311700,658.0,0.0
311800,661.0,0.0
311900,652.0,0.0
312000,658.0,0.0
312100,657.0,0.0
312200,663.0,0.0
312300,663.0,0.0
312500,658.0,0.0
312600,659.0,0.0
312700,665.0,0.0
312800,661.0,0.0
312900,666.0,0.0
313000,658.0,0.0
313100,658.0,0.0
313200,660.0,0.0
313300,654.0,0.0
313400,655.0,0.0
313500,652.0,0.0
313600,649.0,0.0
313700,645.0,0.0
313800,639.0,0.0
314000,644.0,0.0
314100,643.0,0.0
314200,652.0,0.0
314300,657.0,0.0
314400,649.0,0.0
314500,646.0,0.0
314600,644.0,0.0
314700,653.0,0.0
314800,665.0,0.0
314900,670.0,0.0
315100,666.0,0.0
315200,666.0,0.0
315300,668.0,0.0
315500,675.0,0.0
315600,667.0,0.0
315700,670.0,0.0
315800,663.0,0.0
315900,660.0,0.0
316000,654.0,0.0
316100,654.0,0.0
316200,655.0,0.0
316300,657.0,0.0
316400,651.0,0.0
316500,648.0,0.0
316600,644.0,0.0
316800,649.0,0.0
316900,646.0,0.0
317000,648.0,0.0
317100,651.0,0.0
317200,644.0,0.0
317300,652.0,0.0
317400,652.0,0.0
317500,653.0,0.0
317700,660.0,0.0
317800,652.0,0.0
317900,655.0,0.0
318000,652.0,0.0
318100,656.0,0.0
318200,663.0,0.0
318300,663.0,0.0
318400,672.0,0.0
318500,663.0,0.0
318600,661.0,0.0
318700,654.0,0.0
318800,650.0,0.0
318900,657.0,0.0
319000,659.0,0.0
319200,656.0,0.0
319300,654.0,0.0
319400,654.0,0.0
319500,661.0,0.0
319600,661.0,0.0
319700,667.0,0.0
319800,648.0,0.0
319900,644.0,0.0
320100,634.0,0.0
320200,636.0,0.0
320300,637.0,0.0
320400,647.0,0.0
320500,652.0,0.0
320600,650.0,0.0
320700,653.0,0.0
320900,649.0,0.0
321000,668.0,0.0
321100,658.0,0.0
321200,673.0,0.0
321400,664.0,0.0
321500,658.0,0.0
321600,670.0,0.0
321700,661.0,0.0
321800,659.0,0.0
321900,652.0,0.0
322000,652.0,0.0
322100,646.0,0.0
322200,653.0,0.0
322300,647.0,0.0
322500,659.0,0.0
322600,654.0,0.0
322700,656.0,0.0
322800,653.0,0.0
322900,647.0,0.0
323000,644.0,0.0
323100,646.0,0.0
323200,644.0,0.0
323300,642.0,0.0
323400,643.0,0.0
323500,649.0,0.0
323600,649.0,0.0
323800,654.0,0.0
323900,655.0,0.0
324000,648.0,0.0
324100,651.0,0.0
324200,652.0,0.0
324300,651.0,0.0
324400,665.0,0.0
324500,666.0,0.0
324600,666.0,0.0
324800,663.0,0.0
324900,654.0,0.0
325000,660.0,0.0
325100,655.0,0.0
325200,663.0,0.0
325300,653.0,0.0
325400,648.0,0.0
325500,645.0,0.0
325700,649.0,0.0
325800,653.0,0.0
325900,657.0,0.0
326000,655.0,0.0
326100,646.0,0.0
326200,638.0,0.0
326300,637.0,0.0
326400,639.0,0.0
326600,649.5,0.0
326800,651.0,0.0
326900,648.0,0.0
327000,649.0,0.0
327100,659.0,0.0
327200,661.0,0.0
327300,665.0,0.0
327400,656.0,0.0
327500,662.0,0.0
327600,653.0,0.0
327800,665.0,0.0
327900,658.0,0.0
328000,666.0,0.0
328100,659.0,0.0
328200,654.0,0.0
328300,650.0,0.0
328400,653.0,0.0
328500,655.0,0.0
328600,661.0,0.0
328700,656.0,0.0
328800,653.0,0.0
328900,647.0,0.0
329000,653.0,0.0
329100,651.0,0.0
329200,655.0,0.0
329300,658.0,0.0
329400,655.0,0.0
329500,652.0,0.0
329600,649.0,0.0
329700,649.0,0.0
329900,645.0,0.0
330000,642.0,0.0
330100,647.0,0.0
330200,640.0,0.0
330300,638.0,0.0
330400,637.0,0.0
330500,645.0,0.0
330600,651.0,0.0
330700,659.0,0.0
330800,653.0,0.0
330900,655.0,0.0
331000,649.0,0.0
331100,652.0,0.0
331200,661.0,0.0
331400,674.0,0.0
331500,659.0,0.0
331600,658.0,0.0
331700,657.0,0.0
331800,657.0,0.0
331900,656.0,0.0
332000,656.0,0.0
332100,657.0,0.0
332200,650.0,0.0
332300,645.0,0.0
332500,643.0,0.0
332600,648.0,0.0
332700,649.0,0.0
332800,653.0,0.0
332900,641.0,0.0
333000,636.0,0.0
333100,637.0,0.0
333200,637.0,0.0
333300,646.0,0.0
333400,653.0,0.0
333500,653.0,0.0
333600,653.0,0.0
333700,652.0,0.0
333800,650.0,0.0
333900,649.0,0.0
334000,653.0,0.0
334100,655.0,0.0
334200,655.0,0.0
334300,646.0,0.0
334400,643.0,0.0
334600,639.0,0.0
334700,649.0,0.0
334800,646.0,0.0
334900,652.0,0.0
335000,638.0,0.0
335100,646.0,0.0
335200,647.0,0.0
335400,646.0,0.0
335500,656.0,0.0
335600,650.0,0.0
335700,658.0,0.0
335800,646.0,0.0
335900,654.0,0.0
336000,660.0,0.0
336100,665.0,0.0
336200,664.0,0.0
336300,660.0,0.0
336400,652.0,0.0
336500,653.0,0.0
336600,650.0,0.0
336700,648.0,0.0
336800,659.0,0.0
336900,657.0,0.0
337000,649.0,0.0
337100,642.0,0.0
337200,641.0,0.0
337300,642.0,0.0
337400,645.0,0.0
337600,648.0,0.0
337700,644.0,0.0
337800,638.0,0.0
337900,637.0,0.0
338000,651.0,0.0
338100,651.0,0.0
338200,661.0,0.0
338300,655.0,0.0
338500,657.0,0.0
338600,653.0,0.0
338700,657.0,0.0
338800,659.0,0.0
338900,659.0,0.0
339000,657.0,0.0
339100,653.0,0.0
339200,646.0,0.0
339300,651.0,0.0
339400,676.0,0.0
339500,706.0,0.0
339700,749.0,0.0
339800,822.0,0.0
339900,1046.0,0.0
340000,1300.0,0.0
340100,1403.0,2.0
340200,1525.0,3.0
340300,1565.0,3.0
340400,1606.0,4.0
340500,1626.0,5.0
340600,1601.0,6.0
340700,1580.0,7.0
340800,1581.0,8.0
340900,1592.0,8.0
341000,1625.0,9.0
341100,1665.0,10.0
341200,1737.0,10.0
341400,1771.0,11.0
341500,1778.0,12.0
341600,1765.0,13.0
341700,1754.0,13.0
341800,1739.0,14.0
341900,1715.0,15.0
342000,1705.0,15.0
342100,1673.0,16.0
342200,1631.0,17.0
342300,1595.0,17.0
342400,1572.0,18.0
342500,1533.0,19.0
342600,1513.0,19.0
342800,1464.0,20.0
342900,1417.0,20.0
343000,1402.0,21.0
343100,1401.0,21.0
343200,1405.0,22.0
343300,1393.0,22.0
343400,1392.0,23.0
343500,1404.0,23.0
343600,1391.0,24.0
343800,1396.0,25.0
343900,1386.0,25.0
344000,1390.0,26.0
344100,1388.0,26.0
344200,1383.0,27.0
344300,1368.0,27.0
344400,1377.0,27.0
344500,1355.0,28.0
344600,1367.0,28.0
344700,1357.0,29.0
344800,1350.0,29.0
345000,1347.0,29.0
345100,1344.0,30.0
345200,1343.0,30.0
345300,1339.0,30.0
345400,1339.0,31.0
345500,1343.0,31.0
345600,1332.0,32.0
345700,1331.0,32.0
345800,1321.0,33.0
345900,1330.0,33.0
346100,1325.0,33.0
346200,1332.0,34.0
346300,1331.0,34.0
346400,1339.0,34.0
346500,1340.0,35.0
346600,1361.0,35.0
346700,1362.0,35.0
346800,1385.0,36.0
347000,1391.0,36.0
347100,1399.0,36.0
347200,1427.0,37.0
347300,1427.0,37.0
347400,1449.0,38.0
347500,1458.0,38.0
347600,1475.0,38.0
347700,1476.0,38.0
347800,1518.0,39.0
347900,1516.0,39.0
348000,1535.0,39.0
348100,1532.0,40.0
348200,1568.0,41.0
348300,1559.0,41.0
348400,1594.0,41.0
348500,1591.0,41.0
348600,1598.0,42.0
348700,1599.0,42.0
348900,1613.0,43.0
349000,1616.0,43.0
349100,1612.0,43.0
349200,1624.0,44.0
349300,1630.0,44.0
349400,1631.0,44.0
349500,1632.0,45.0
349600,1621.0,45.0
349700,1638.0,45.0
349800,1624.0,46.0
349900,1641.0,46.0
350000,1629.0,46.0
350100,1641.0,47.0
350200,1633.0,47.0
350300,1639.0,47.0
350400,1655.0,48.0
350500,1640.0,48.0
350600,1647.0,48.0
350700,1643.0,49.0
350800,1658.0,49.0
351000,1655.0,49.0
351100,1661.0,50.0
351200,1664.0,50.0
351300,1668.0,50.0
351400,1671.0,51.0
351500,1684.0,51.0
351600,1703.0,51.0
351700,1707.0,52.0
351800,1724.0,52.0
351900,1727.0,52.0
352000,1737.0,53.0
352100,1751.0,53.0
352200,1750.0,53.0
352300,1761.0,54.0
352400,1765.0,54.0
352500,1772.0,54.0
352600,1773.0,55.0
352700,1773.0,55.0
352900,1766.0,55.0
353000,1764.0,55.0
353100,1762.0,56.0
353200,1757.0,56.0
353400,1733.0,57.0
353500,1726.0,57.0
353600,1703.0,57.0
353700,1678.0,57.0
353800,1637.0,58.0
353900,1628.0,58.0
354000,1593.0,58.0
354100,1585.0,58.0
354200,1551.0,58.0
354300,1536.0,59.0
354400,1525.0,59.0
354500,1511.0,59.0
354600,1493.0,59.0
354700,1480.0,59.0
354800,1475.0,60.0
354900,1467.0,60.0
355100,1462.0,60.0
355200,1465.0,60.0
355300,1458.0,60.0
355400,1448.0,60.0
355500,1432.0,60.0
355600,1428.0,61.0
355700,1398.0,61.0
355800,1373.0,61.0
355900,1366.0,61.0
356000,1344.0,61.0
356100,1342.0,61.0
356200,1320.0,61.0
356300,1317.0,61.0
356400,1320.0,61.0
356500,1309.0,61.0
356600,1315.0,61.0
356800,1317.0,61.0
356900,1315.0,61.0
357000,1314.0,62.0
357100,1318.0,61.0
357200,1311.0,61.0
357300,1331.0,62.0
357400,1327.0,62.0
357500,1324.0,62.0
357600,1327.0,62.0
357700,1332.0,62.0
357800,1336.0,62.0
357900,1334.0,62.0
358000,1343.0,62.0
358200,1344.0,62.0
358400,1348.0,62.0
358500,1345.0,63.0
358600,1353.0,63.0
358700,1351.0,63.0
358800,1355.0,63.0
358900,1358.0,63.0
359000,1353.0,63.0
359100,1358.0,63.0
359200,1361.0,63.0
359300,1367.0,63.0
359400,1366.0,63.0
359500,1371.0,63.0
359600,1365.0,63.0
359700,1372.0,64.0
359800,1374.0,64.0
359900,1371.0,64.0
360100,1371.0,64.0
360200,1384.0,64.0
360300,1383.0,64.0
360400,1380.0,64.0
360500,1381.0,64.0
360600,1378.0,64.0
360700,1383.0,64.0
360800,1378.0,64.0
360900,1373.0,64.0
361000,1377.0,64.0
361100,1371.0,64.0
361200,1373.0,65.0
361300,1373.0,65.0
361400,1374.0,65.0
361500,1372.0,65.0
361700,1369.0,65.0
361800,1377.0,65.0
361900,1374.0,65.0
362000,1371.0,65.0
362100,1373.0,65.0
362200,1374.0,65.0
362300,1379.0,65.0
362400,1381.0,65.0
362500,1373.0,65.0
362700,1377.0,65.0
362800,1385.0,65.0
362900,1380.0,65.0
363000,1378.0,65.0
363100,1386.0,66.0
363200,1387.0,66.0
363300,1390.0,66.0
363400,1389.0,66.0
363500,1387.0,66.0
363600,1385.0,66.0
363700,1382.0,66.0
363800,1384.0,66.0
363900,1382.0,66.0
364000,1381.0,66.0
364100,1374.0,66.0
364200,1381.0,66.0
364300,1377.0,66.0
364400,1367.0,66.0
364500,1374.0,66.0
364700,1375.0,66.0
364800,1372.0,66.0
364900,1370.0,66.0
365000,1368.0,66.0
365100,1369.0,66.0
365200,1371.0,66.0
365300,1372.0,66.0
365400,1368.0,66.0
365500,1367.0,66.0
365600,1370.0,66.0
365700,1367.0,66.0
365800,1371.0,66.0
365900,1369.0,66.0
366000,1367.0,66.0
366100,1361.0,65.0
366200,1362.0,66.0
366300,1362.0,66.0
366400,1366.0,65.0
366500,1365.0,65.0
366700,1361.0,65.0
366800,1360.5,65.0
366900,1353.0,65.0
367100,1344.0,65.0
367200,1351.0,65.0
367300,1349.0,65.0
367400,1345.0,65.0
367500,1344.0,65.0
367600,1347.0,65.0
367700,1345.0,65.0
367800,1345.0,65.0
368000,1351.0,65.0
368100,1357.0,65.0
368200,1355.0,65.0
368300,1354.0,65.0
368400,1356.0,65.0
368500,1359.0,65.0
368600,1352.0,65.0
368700,1358.0,65.0
368800,1353.0,65.0
369000,1356.0,65.0
369100,1360.0,65.0
369200,1356.0,65.0
369300,1355.0,65.0
369400,1360.0,65.0
369500,1367.0,65.0
369600,1363.0,65.0
369700,1365.0,65.0
369800,1370.0,65.0
369900,1372.0,65.0
370000,1377.0,65.0
370100,1378.0,65.0
370200,1372.0,65.0
370300,1379.0,65.0
370400,1382.0,65.0
370500,1380.0,65.0
370600,1382.0,65.0
370700,1384.0,66.0
370800,1388.0,66.0
370900,1381.0,66.0
371000,1384.0,66.0
371100,1382.0,66.0
371200,1389.0,66.0
371300,1387.0,66.0
371400,1387.0,66.0
371500,1385.0,66.0
371600,1385.0,66.0
371700,1393.0,66.0
371900,1384.0,66.0
372000,1394.0,66.0
372100,1392.0,66.0
372200,1390.0,66.0
372300,1388.0,66.0
372400,1391.0,67.0
372500,1391.0,67.0
372600,1385.0,67.0
372700,1394.0,67.0
372800,1394.0,67.0
372900,1386.0,67.0
373000,1387.0,67.0
373100,1391.0,67.0
373300,1392.0,67.0
373400,1391.0,67.0
373500,1392.0,68.0
373600,1390.0,67.0
373700,1389.0,68.0
373800,1395.0,68.0
373900,1389.0,68.0
374000,1389.0,68.0
374100,1390.0,68.0
374200,1389.0,68.0
374300,1392.0,68.0
374400,1390.0,68.0
374500,1385.0,68.0
374600,1389.0,68.0
374800,1383.0,68.0
374900,1379.0,69.0
375000,1385.0,69.0
375100,1388.0,69.0
375200,1387.0,68.0
375300,1380.0,68.0
375400,1382.0,69.0
375500,1385.0,68.0
375600,1387.0,68.0
375700,1385.0,68.0
375800,1387.0,68.0
375900,1385.0,68.0
376000,1386.0,68.0
376100,1381.0,68.0
376200,1380.0,68.0
376300,1380.0,68.0
376400,1383.0,68.0
376600,1385.0,68.0
376700,1382.0,68.0
376800,1382.0,68.0
376900,1385.0,68.0
377000,1382.0,68.0
377100,1381.0,68.0
377200,1380.0,68.0
377300,1381.0,68.0
377400,1383.0,68.0
377500,1381.0,68.0
377600,1385.0,68.0
377700,1382.0,68.0
377800,1381.0,68.0
378000,1380.0,68.0
378100,1383.0,68.0
378200,1379.0,68.0
378300,1378.0,68.0
378400,1378.0,68.0
378500,1378.0,68.0
378600,1379.0,68.0
378700,1378.0,68.0
378800,1375.0,68.0
379000,1380.0,68.0
379100,1380.0,68.0
379200,1373.0,68.0
379300,1378.0,68.0
379400,1378.0,68.0
379500,1370.0,68.0
379600,1370.0,68.0
379700,1383.0,68.0
379800,1378.0,68.0
379900,1376.0,68.0
380000,1379.0,68.0
380100,1375.0,68.0
380200,1374.0,68.0
380300,1376.0,68.0
380400,1375.0,67.0
380500,1376.0,68.0
380600,1377.0,68.0
380700,1372.0,68.0
380800,1373.0,67.0
380900,1371.0,67.0
381100,1377.0,67.0
381200,1374.0,68.0
381300,1371.0,67.0
381400,1372.0,67.0
381500,1375.0,67.0
381600,1375.0,67.0
381700,1375.0,67.0
381800,1369.0,67.0
381900,1371.0,67.0
382000,1372.0,67.0
382100,1373.0,67.0
382200,1370.0,67.0
382300,1373.0,67.0
382400,1375.0,67.0
382500,1376.0,67.0
382600,1373.0,67.0
382700,1374.0,67.0
382800,1378.0,67.0
383000,1374.0,67.0
383100,1373.0,67.0
383200,1380.0,67.0
383300,1374.0,67.0
383400,1373.0,67.0
383500,1377.0,67.0
383600,1375.0,67.0
383700,1373.0,67.0
383800,1376.0,67.0
383900,1373.0,67.0
384000,1380.0,67.0
384100,1384.0,67.0
384200,1378.0,67.0
384300,1387.0,67.0
384400,1395.0,67.0
384500,1397.0,67.0
384600,1401.0,67.0
384700,1403.0,67.0
384800,1405.0,67.0
384900,1400.0,67.0
385000,1404.0,68.0
385200,1408.0,68.0
385300,1412.0,68.0
385500,1416.0,68.0
385600,1424.0,68.0
385700,1440.0,68.0
385800,1446.0,68.0
385900,1461.0,68.0
386000,1464.0,68.0
386100,1479.0,68.0
386200,1471.0,68.0
386300,1478.0,68.0
386400,1476.0,68.0
386500,1482.0,69.0
386600,1491.0,69.0
386700,1487.0,69.0
386800,1487.0,69.0
386900,1494.0,69.0
387000,1495.0,69.0
387200,1494.0,69.0
387300,1500.0,69.0
387400,1493.0,69.0
387600,1485.0,69.5
387800,1479.0,70.0
387900,1471.0,70.0
388000,1464.0,70.0
388100,1457.0,70.0
388200,1450.0,70.0
388300,1442.0,70.0
388400,1434.0,70.0
388500,1433.0,70.0
388600,1422.0,70.0
388700,1412.0,70.0
388800,1406.0,70.0
388900,1401.0,70.0
389100,1396.0,70.0
389200,1395.0,70.0
389300,1397.0,70.0
389400,1398.0,71.0
389500,1392.0,70.0
389600,1390.0,70.0
389700,1389.0,70.0
389800,1392.0,70.0
389900,1386.0,70.0
390000,1388.0,70.0
390100,1390.0,70.0
390200,1376.0,70.0
390400,1389.0,70.0
390500,1361.0,70.0
390600,1388.0,70.0
390700,1362.0,70.0
390800,1355.0,70.0
390900,1380.0,69.0
391000,1358.0,69.0
391100,1359.0,69.0
391200,1358.0,69.0
391400,1356.0,69.0
391500,1355.0,69.0
391600,1355.0,69.0
391700,1351.0,69.0
391800,1348.0,68.0
391900,1350.0,68.0
392000,1347.0,68.0
392100,1346.0,68.0
392200,1347.0,68.0
392300,1348.0,68.0
392400,1345.0,68.0
392500,1346.0,67.0
392600,1370.0,67.0
392700,1354.0,67.0
392800,1365.0,67.0
392900,1360.0,67.0
393000,1353.0,67.0
393100,1351.0,66.0
393200,1346.0,66.0
393300,1348.0,66.0
393400,1345.0,66.0
393500,1343.0,65.0
393600,1344.0,65.0
393700,1341.0,65.0
393800,1341.0,64.0
393900,1335.0,64.0
394000,1340.0,64.0
394200,1334.0,64.0
394300,1329.0,63.0
394400,1325.0,63.0
394500,1324.0,63.0
394600,1326.0,62.0
394700,1318.0,62.0
394800,1316.0,62.0
394900,1317.0,62.0
395000,1316.0,62.0
395100,1316.0,62.0
395200,1309.0,62.0
395300,1308.0,61.0
395400,1307.0,61.0
395500,1309.0,61.0
395600,1304.0,61.0
395700,1302.0,61.0
395800,1298.0,60.0
395900,1289.0,60.0
396000,1285.0,60.0
396100,1286.0,60.0
396200,1278.0,60.0
396300,1282.0,59.0
396400,1274.0,59.0
396500,1271.0,59.0
396700,1269.0,59.0
396800,1262.0,58.0
396900,1264.0,58.0
397000,1257.0,58.0
397100,1253.0,58.0
397300,1250.0,57.0
397400,1244.0,57.0
397500,1242.0,57.0
397600,1237.0,56.0
397700,1231.0,56.0
397800,1229.0,56.0
397900,1230.0,55.0
398000,1230.0,55.0
398100,1226.0,55.0
398200,1233.0,54.0
398300,1225.0,54.0
398500,1228.5,53.5
398700,1230.0,53.0
398800,1232.0,53.0
398900,1232.0,52.0
399000,1229.0,52.0
399100,1231.0,52.0
399200,1229.0,51.0
399300,1229.0,51.0
399400,1237.0,51.0
399500,1234.0,50.0
399600,1230.0,50.0
399700,1234.0,49.0
399900,1230.0,49.0
400000,1234.0,49.0
400100,1233.0,48.0
400200,1235.0,48.0
400300,1233.0,48.0
400400,1229.0,47.0
400500,1228.0,47.0
400600,1227.0,46.0
400800,1233.0,46.0
400900,1239.0,46.0
401000,1243.0,46.0
401100,1245.0,45.0
401200,1249.0,45.0
401300,1245.0,45.0
401400,1246.0,44.0
401500,1245.0,44.0
401600,1230.0,44.0
401700,1237.0,43.0
401800,1229.0,43.0
401900,1228.0,42.0
402000,1236.0,42.0
402100,1224.0,42.0
402300,1234.0,41.0
402400,1234.0,41.0
402500,1220.0,40.0
402600,1228.0,39.0
402700,1210.0,39.0
402800,1222.0,38.0
402900,1212.0,38.0
403000,1221.0,37.0
403100,1215.0,36.0
403200,1229.0,36.0
403300,1223.0,35.0
403400,1231.0,35.0
403500,1216.0,34.0
403600,1228.0,33.0
403700,1217.0,33.0
403800,1226.0,32.0
404000,1221.0,32.0
404100,1226.0,31.0
404200,1224.0,30.0
404300,1226.0,29.0
404400,1228.0,29.0
404500,1221.0,28.0
404600,1226.0,28.0
404700,1220.0,27.0
404800,1222.0,26.0
404900,1225.0,25.0
405100,1225.0,25.0
405200,1223.0,24.0
405300,1229.0,23.0
405400,1218.0,23.0
405500,1222.0,22.0
405600,1208.0,21.0
405800,1207.0,21.0
405900,1198.0,20.0
406000,1140.0,19.0
406100,1069.0,19.0
406200,975.0,18.0
406300,1070.0,17.0
406400,1136.0,17.0
406500,1147.0,16.0
406600,1146.0,16.0
406700,1151.0,16.0
406800,1150.0,16.0
406900,1150.0,16.0
407000,1142.0,16.0
407100,1152.0,15.0
407300,1224.0,15.0
407400,1324.0,15.0
407500,1353.0,15.0
407600,1388.0,15.0
407700,1395.0,15.0
407800,1393.0,16.0
407900,1418.0,16.0
408000,1500.0,16.0
408100,1545.0,16.0
408200,1664.0,16.0
408300,1741.0,17.0
408400,1753.0,17.0
408500,1770.0,17.0
408600,1779.0,17.0
408700,1778.0,18.0
408900,1768.0,19.0
409000,1745.0,19.0
409100,1716.0,19.0
409200,1663.0,20.0
409300,1642.0,20.0
409400,1610.0,20.0
409500,1560.0,21.0
409600,1538.0,21.0
409700,1487.0,21.0
409800,1455.0,22.0
409900,1442.0,22.0
410000,1412.0,22.0
410100,1378.0,23.0
410200,1324.0,23.0
410300,1303.0,23.0
410500,1272.0,24.0
410600,1288.0,24.0
410700,1322.0,24.0
410800,1332.0,24.0
410900,1351.0,25.0
411000,1360.0,25.0
411200,1366.0,25.0
411300,1380.0,26.0
411400,1379.0,26.0
411500,1405.0,27.0
411600,1396.0,27.0
411700,1420.0,28.0
411800,1412.0,28.0
411900,1407.0,28.0
412000,1440.0,28.0
412100,1421.0,29.0
412200,1437.0,29.0
412300,1431.0,29.0
412400,1430.0,30.0
412500,1432.0,30.0
412700,1428.0,31.0
412800,1432.0,31.0
412900,1430.0,31.0
413000,1429.0,32.0
413100,1431.0,32.0
413200,1421.0,32.0
413300,1428.0,33.0
413400,1417.0,33.0
413500,1418.0,34.0
413600,1426.0,34.0
413700,1413.0,34.0
413800,1405.0,34.0
413900,1407.0,35.0
414000,1399.0,35.0
414100,1400.0,35.0
414300,1383.0,35.0
414400,1394.0,36.0
414500,1384.0,36.0
414600,1377.0,36.0
414700,1369.0,37.0
414800,1356.0,37.0
414900,1344.0,37.0
415000,1310.0,37.0
415100,1293.0,37.0
415200,1277.0,38.0
415400,1271.0,38.0
415500,1262.0,38.0
415600,1249.0,37.0
415700,1217.0,37.0
415800,1209.0,37.0
415900,1249.0,37.0
416000,1226.0,37.0
416200,1214.0,37.0
416300,1236.0,37.0
416400,1208.0,37.0
416500,1221.0,36.0
416600,1200.0,36.0
416700,1206.0,36.0
416800,1181.0,36.0
416900,1189.0,35.0
417000,1179.0,35.0
417100,1190.0,35.0
417200,1186.0,34.0
417300,1195.0,34.0
417500,1196.0,34.0
417600,1194.0,34.0
417700,1190.0,33.0
417800,1198.0,33.0
417900,1195.0,32.0
418000,1200.0,32.0
418200,1203.0,32.0
418300,1212.0,32.0
418400,1208.0,31.0
418500,1212.0,31.0
418600,1213.0,31.0
418700,1217.0,30.0
418800,1215.0,30.0
419000,1216.0,30.0
419100,1213.0,29.0
419200,1212.0,29.0
419300,1213.0,28.0
419400,1212.0,28.0
419600,1211.0,28.0
419700,1206.0,27.0
419800,1207.0,27.0
419900,1206.0,26.0
420100,1201.5,25.5
420300,1200.0,25.0
420400,1200.0,24.0
420500,1201.0,24.0
420600,1202.0,23.0
420700,1197.0,23.0
420800,1194.0,22.0
420900,1186.0,22.0
421000,1185.0,21.0
421100,1177.0,20.0
421300,1109.0,20.0
421400,1065.0,19.0
421500,996.0,19.0
421600,1056.0,18.0
421700,1127.0,18.0
421800,1133.0,18.0
421900,1122.0,17.0
422000,1113.0,17.0
422100,1112.0,17.0
422200,1115.0,17.0
422300,1115.0,17.0
422400,1110.0,17.0
422500,1105.0,17.0
422600,1103.0,16.0
422700,1110.0,16.0
422800,1110.0,16.0
422900,1106.0,16.0
423000,1106.0,16.0
423100,1107.0,16.0
423200,1137.0,16.0
423300,1161.0,16.0
423400,1239.0,16.0
423500,1257.0,16.0
423700,1278.0,16.0
423800,1288.0,16.0
423900,1337.0,16.0
424000,1392.0,16.0
424100,1392.0,16.0
424200,1373.0,16.0
424400,1374.0,16.0
424500,1355.0,16.0
424600,1332.0,16.0
424700,1332.0,16.0
424800,1337.0,16.0
424900,1356.0,17.0
425000,1376.0,17.0
425100,1393.0,17.0
425200,1402.0,17.0
425400,1453.0,17.0
425500,1512.0,17.0
425600,1524.0,18.0
425700,1537.0,18.0
425800,1536.0,18.0
425900,1533.0,19.0
426000,1507.0,19.0
426100,1494.0,20.0
426200,1472.0,20.0
426300,1446.0,21.0
426400,1425.0,21.0
426500,1388.0,21.0
426600,1353.0,22.0
426800,1304.0,22.0
426900,1272.0,22.0
427000,1249.0,23.0
427100,1244.0,23.0
427200,1230.0,23.0
427400,1207.0,23.0
427500,1200.0,23.0
427600,1208.0,24.0
427700,1198.0,24.0
427800,1208.0,24.0
427900,1192.0,24.0
428000,1192.0,24.0
428100,1200.0,24.0
428200,1194.0,25.0
428400,1191.0,25.0
428500,1192.0,25.0
428600,1188.0,25.0
428700,1176.0,25.0
428800,1176.0,25.0
428900,1155.0,25.0
429000,1160.0,26.0
429100,1156.0,26.0
429200,1149.0,26.0
429400,1162.0,26.0
429500,1153.0,26.0
429600,1156.0,26.0
429700,1148.0,26.0
429800,1151.0,26.0
429900,1151.0,26.0
430000,1160.0,26.0
430200,1161.0,26.0
430300,1154.0,27.0
430400,1164.0,27.0
430500,1147.0,27.0
430600,1158.0,27.0
430700,1152.0,27.0
430900,1167.0,27.0
431000,1161.0,27.0
431100,1162.0,27.0
431200,1143.0,27.0
431300,1166.0,27.0
431400,1147.0,27.0
431500,1171.0,27.0
431600,1158.0,28.0
431700,1167.0,28.0
431900,1168.0,28.0
432000,1157.0,28.0
432100,1183.0,28.0
432200,1199.0,28.0
432300,1226.0,28.0
432400,1209.0,28.0
432500,1216.0,28.0
432600,1221.0,28.0
432700,1191.0,28.0
432800,1182.0,27.0
432900,1227.0,27.0
433000,1212.0,27.0
433200,1220.0,27.0
433300,1204.0,27.0
433400,1212.0,27.0
433500,1200.0,27.0
433600,1212.0,26.0
433700,1201.0,26.0
433800,1228.0,26.0
433900,1206.0,26.0
434000,1191.0,26.0
434200,1212.0,26.0
434300,1207.0,26.0
434400,1173.0,26.0
434500,1174.0,26.0
434600,1189.0,26.0
434700,1195.0,26.0
434800,1186.0,26.0
434900,1159.0,25.0
435000,1166.0,26.0
435100,1170.0,25.0
435200,1166.0,25.0
435300,1159.0,25.0
435400,1162.0,25.0
435500,1160.0,25.0
435600,1156.0,25.0
435800,1160.0,25.0
435900,1160.0,25.0
436000,1156.0,25.0
436100,1162.0,25.0
436200,1161.0,25.0
436300,1171.0,25.0
436400,1159.0,25.0
436500,1164.0,25.0
436600,1176.0,25.0
436700,1160.0,25.0
436800,1175.0,26.0
436900,1157.0,26.0
437000,1157.0,26.0
437200,1170.0,26.0
437300,1164.0,26.0
437400,1163.0,26.0
437500,1164.0,26.0
437600,1161.0,26.0
437700,1158.0,26.0
437800,1157.0,26.0
437900,1153.0,26.0
438000,1155.0,26.0
438100,1157.0,26.0
438200,1148.0,26.0
438400,1158.0,26.0
438500,1144.0,26.0
438600,1155.0,26.0
438700,1155.0,26.0
438800,1152.0,26.0
438900,1159.0,26.0
439000,1172.0,26.0
439100,1208.0,26.0
439300,1229.0,26.0
439400,1241.0,26.0
439500,1244.0,26.0
439600,1239.0,26.0
439700,1200.0,26.0
439800,1247.0,26.0
439900,1200.0,25.0
440100,1221.0,25.0
440200,1210.0,25.0
440300,1207.0,25.0
440400,1219.0,25.0
440500,1207.0,25.0
440600,1215.0,24.0
440700,1211.0,24.0
440800,1218.0,24.0
440900,1211.0,24.0
441100,1217.0,23.0
441200,1220.0,23.0
441300,1212.0,23.0
441400,1221.0,23.0
441500,1206.0,23.0
441600,1208.0,22.0
441700,1204.0,22.0
441800,1149.0,22.0
441900,1119.0,22.0
442000,1040.0,22.0
442100,1000.0,21.0
442200,912.0,21.0
442300,997.0,21.0
442400,1154.0,21.0
442500,1185.0,21.0
442600,1211.0,21.0
442700,1200.0,21.0
442800,1175.0,21.0
443000,1166.0,21.0
443100,1142.0,21.0
443200,1134.0,20.0
443300,1127.0,20.0
443400,1121.0,20.0
443500,1122.0,20.0
443600,1101.0,20.0
443700,1095.0,20.0
443800,1086.0,20.0
443900,1072.0,20.0
444100,1066.0,20.0
444200,1064.0,19.0
444300,1064.0,19.0
444400,1054.0,19.0
444500,1056.0,19.0
444600,1053.0,19.0
444700,1056.0,18.0
444800,1061.0,18.0
444900,1068.0,18.0
445100,1071.0,18.0
445200,1075.0,18.0
445300,1078.0,18.0
445400,1084.0,17.5
445600,1089.0,17.0
445700,1092.0,17.0
445800,1088.0,17.0
445900,1090.0,17.0
446000,1098.0,16.0
446100,1151.0,17.0
446200,1175.0,17.0
446300,1220.0,16.0
446400,1239.0,16.0
446500,1238.0,16.0
446600,1245.0,16.0
446700,1244.0,16.0
446800,1248.0,16.0
446900,1249.0,16.0
447000,1256.0,16.0
447100,1271.0,16.0
447200,1280.0,16.0
447300,1289.0,16.0
447400,1257.0,16.0
447500,1246.0,16.0
447600,1240.0,16.0
447700,1243.0,16.0
447800,1261.0,16.0
448000,1275.0,17.0
448100,1295.0,17.0
448200,1293.0,17.0
448300,1283.0,17.0
448400,1269.0,17.0
448500,1265.0,17.0
448600,1269.0,18.0
448700,1282.0,18.0
448800,1267.0,18.0
448900,1253.0,18.0
449000,1252.0,18.0
449100,1257.0,19.0
449300,1241.0,19.0
449400,1242.0,19.0
449500,1239.0,19.0
449600,1222.0,19.0
449700,1229.0,20.0
449800,1222.0,20.0
449900,1206.0,20.0
450000,1214.0,20.0
450100,1200.0,20.0
450200,1184.0,20.0
450400,1189.0,20.0
450500,1180.0,20.0
450600,1191.0,21.0
450700,1178.0,21.0
450800,1177.0,21.0
450900,1178.0,21.0
451000,1172.0,21.0
451200,1175.0,21.0
451300,1165.0,21.0
451400,1168.0,21.0
451500,1159.0,21.0
451600,1171.0,21.0
451700,1170.0,21.0
451800,1154.0,21.0
451900,1175.0,21.0
452000,1149.0,21.0
452100,1159.0,21.0
452200,1167.0,21.0
452400,1158.0,22.0
452500,1169.0,22.0
452600,1158.0,22.0
452700,1165.0,22.0
452800,1158.0,22.0
452900,1164.0,22.0
453000,1166.0,22.0
453100,1162.0,22.0
453200,1171.0,22.0
453300,1151.0,22.0
453400,1190.0,22.0
453500,1203.0,22.0
453600,1220.0,22.0
453700,1220.0,22.0
453900,1195.0,22.0
454000,1181.0,22.0
454100,1196.0,22.0
454200,1219.0,22.0
454300,1188.0,22.0
454400,1171.0,22.0
454500,1148.0,22.0
454600,1130.0,22.0
454700,1073.0,21.0
454800,1049.0,21.0
454900,1008.0,21.0
455000,996.0,21.0
455100,984.0,21.0
455200,983.0,21.0
455300,988.0,21.0
455400,1012.0,20.0
455600,1031.0,20.0
455700,1042.0,20.0
455800,1042.0,20.0
455900,1044.0,20.0
456000,1028.0,20.0
456100,1028.0,19.0
456200,1021.0,19.0
456300,1016.0,19.0
456400,1011.0,19.0
456600,1009.0,19.0
456700,984.0,18.0
456800,987.0,18.0
456900,984.0,18.0
457000,989.0,18.0
457100,982.0,18.0
457200,995.0,17.0
457300,998.0,17.0
457400,1002.0,17.0
457500,1007.0,17.0
457600,1013.0,17.0
457700,1008.0,16.0
457800,1018.0,16.0
457900,1010.0,16.0
458000,1016.0,16.0
458200,1010.0,16.0
458300,1003.0,16.0
458400,994.0,15.0
458500,983.0,15.0
458600,979.0,15.0
458700,976.0,15.0
458800,951.0,15.0
458900,955.0,15.0
459000,952.0,14.0
459100,938.0,14.0
459200,918.0,14.0
459300,917.0,14.0
459400,916.0,13.0
459500,918.0,13.0
459600,922.0,13.0
459800,914.0,12.0
459900,916.0,12.0
460000,919.0,12.0
460100,909.0,11.0
460200,905.0,11.0
460300,912.0,11.0
460400,899.0,11.0
460500,891.0,10.0
460700,884.0,10.0
460800,871.0,9.0
460900,859.0,9.0
461000,853.0,9.0
461100,847.0,8.0
461200,833.0,8.0
461300,807.0,8.0
461400,803.0,7.0
461500,778.0,7.0
461600,772.0,7.0
461700,747.0,6.0
461800,718.0,6.0
462000,691.0,5.0
462100,678.0,5.0
462200,663.0,5.0
462300,661.0,4.0
462400,648.0,4.0
462500,649.0,4.0
462600,652.0,3.0
462700,663.0,3.0
462900,688.0,3.0
463000,721.0,3.0
463100,769.0,3.0
463200,798.0,3.0
463300,826.0,3.0
463400,841.0,3.0
463500,846.0,3.0
463600,844.0,3.0
463700,836.0,2.0
463800,820.0,2.0
463900,803.0,2.0
464000,780.0,2.0
464200,763.0,2.0
464300,759.0,2.0
464400,762.0,1.0
464500,763.0,0.0
464600,766.0,0.0
464700,765.0,0.0
464800,769.0,0.0
464900,782.0,0.0
465000,822.0,0.0
465200,847.0,0.0
465300,867.0,0.0
465400,875.0,0.0
465500,860.0,0.0
465600,852.0,0.0
465700,844.0,0.0
465800,824.0,0.0
465900,802.0,0.0
466000,775.0,0.0
466100,762.0,0.0
466200,743.0,0.0
466300,729.0,0.0
466400,729.0,0.0
466500,728.0,0.0
466600,737.0,0.0
466700,743.0,0.0
466800,745.0,0.0
466900,755.0,0.0
467000,752.0,0.0
467200,747.0,0.0
467300,749.0,0.0
467400,749.0,0.0
467500,749.0,0.0
467600,742.0,0.0
467700,738.0,0.0
467800,730.0,0.0
467900,723.0,0.0
468000,716.0,0.0
468100,713.0,0.0
468200,710.0,0.0
468400,708.0,0.0
468500,708.0,0.0
468600,711.0,0.0
468700,731.0,0.0
468800,771.0,0.0
468900,810.0,0.0
469000,855.0,0.0
469100,866.0,0.0
469200,881.0,0.0
469300,875.0,0.0
469400,875.0,0.0
469500,858.0,0.0
469600,844.0,0.0
469800,826.0,0.0
469900,821.0,0.0
470000,800.0,0.0
470100,794.0,0.0
470200,786.0,0.0
470300,762.0,0.0
470400,762.0,0.0
470500,748.0,0.0
470600,744.0,0.0
470700,742.0,0.0
470800,739.0,0.0
470900,740.0,0.0
471000,730.0,0.0
471100,731.0,0.0
471200,732.0,0.0
471300,738.0,0.0
471400,749.0,0.0
471500,752.0,0.0
471600,752.0,0.0
471700,754.0,0.0
471800,759.0,0.0
471900,758.0,0.0
472000,760.0,0.0
472200,761.0,0.0
472300,751.0,0.0
472400,754.0,0.0
472500,754.0,0.0
472700,751.0,0.0
472800,746.0,0.0
472900,747.0,0.0
473000,754.0,0.0
473100,753.0,0.0
473200,753.0,0.0
473300,753.0,0.0
473400,756.0,0.0
473500,750.0,0.0
473600,745.0,0.0
473700,746.0,0.0
473800,739.0,0.0
473900,731.0,0.0
474000,733.0,0.0
474100,721.0,0.0
474200,724.0,0.0
474300,722.0,0.0
474500,712.0,0.0
474600,714.0,0.0
474700,702.0,0.0
474800,703.0,0.0
474900,697.0,0.0
475000,695.0,0.0
475100,690.0,0.0
475200,690.0,0.0
475300,702.0,0.0
475500,705.0,0.0
475600,695.0,0.0
475700,701.0,0.0
475800,701.0,0.0
475900,693.0,0.0
476000,696.0,0.0
476100,698.0,0.0
476200,696.0,0.0
476300,696.0,0.0
476400,688.0,0.0
476600,694.0,0.0
476700,692.0,0.0
476800,697.0,0.0
476900,685.0,0.0
477000,679.0,0.0
477100,674.0,0.0
477200,668.0,0.0
477300,673.0,0.0
477400,665.0,0.0
477500,667.0,0.0
477600,662.0,0.0
477700,666.0,0.0
