timestamp,system_time,lat,lon,speed,bearing
1508813142293.0,8800,43.00384848113872,-78.78813112418696,2.2969356,0.0
1508813144291.0,10800,43.003861815487895,-78.7881364514535,2.4938129499999997,0.0
1508813145000.0,11800,43.00387319694519,-78.78813373035142,2.850789733333333,0.0
1508813146000.0,12500,43.00388477720476,-78.78813459654754,3.1468013,0.0
1508813147000.0,13500,43.003899178704316,-78.78816259785627,3.49767194,66.95543200000002
1508813148000.0,14500,43.00391798271491,-78.78818640594734,3.8049406166666664,109.52761000000002
1508813149000.0,15500,43.003937760035804,-78.78820855952111,4.1517224285714285,137.86087571428575
1508813150000.0,16500,43.003957060472445,-78.78823323475588,4.5118575,157.82363625000005
1508813151000.0,17500,43.003975114157114,-78.78826122739206,4.861460222222222,172.77019666666672
1508813148293.0,18500,43.00408998674928,-78.78815451783471,4.8271187,169.93083400000003
1508813153000.0,19500,43.00409681851648,-78.78820338096817,5.220952454545454,180.0948363636364
1508813154000.0,20500,43.00410361443182,-78.78825358399536,5.558966166666667,188.39768583333338
1508813155000.0,21500,43.00410986630714,-78.78830488278763,5.842183923076923,195.19161384615387
1508813156000.0,22500,43.00411572426924,-78.78835712660874,6.074877928571429,200.97872571428576
1508813157000.0,23500,43.00412126094174,-78.78840980672106,6.243038100000001,205.85083733333337
1508813158000.0,24500,43.00412635367379,-78.78846220111076,6.34223871875,209.99170375000003
1508813159000.0,25500,43.004130857745274,-78.78851379042035,6.381098458823529,213.3990623529412
1508813160000.0,26500,43.004134765261796,-78.7885638607798,6.326042988888889,216.39110000000002
1508813161000.0,27500,43.00413817873625,-78.78861153919384,6.196412821052632,219.07718947368426
1508813162000.0,28500,43.004141286119975,-78.78865661231085,6.06266746,221.80482250000006
1508813163000.0,29500,43.004144542453744,-78.78869915506199,5.941086138095238,225.3010452380953
1508813164000.0,30500,43.00414847680357,-78.78873954387879,5.87656674090909,229.27495045454552
1508813165000.0,31500,43.00415373294314,-78.788777728523,5.866513230434783,233.71063608695658
1508813166000.0,32500,43.004161022689544,-78.78881354875666,5.923200804166666,238.34471250000004
1508813167000.0,33500,43.004170883275265,-78.78884698694026,6.038043592,242.85260960000008
1508813168000.0,34500,43.00418355146484,-78.78887802748221,6.193796915384615,247.16471615384623
1508813169000.0,35500,43.004199024246915,-78.78890673048039,6.363537807407408,251.25543037037045
1508813170000.0,36500,43.004217078516376,-78.78893317506291,6.5125901357142855,255.12543535714295
1508813171000.0,37500,43.004237227688854,-78.7889576274094,6.636847855172413,246.38799809310353
1508813168284.5,38500,43.00428155587496,-78.78892004156039,6.576102926666667,238.26229544000006
1508813173000.0,39600,43.0043035876241,-78.78894285274565,6.618417525806452,230.65187678064524
1508813174000.0,40500,43.004326084028285,-78.78896425611588,6.5985461968750005,234.68620938125005
1508813175000.0,41500,43.004348514677744,-78.78898441347069,6.535346715151515,227.64088382424248
1508813176000.0,42500,43.00437051426557,-78.7890034206985,6.43445175882353,220.95508727176477
1508813177000.0,43500,43.004391713470675,-78.78902140059932,6.294488408571429,214.67243893828575
1508813180000.0,46500,43.004411170592405,-78.7890382809273,6.153934655555556,212.90209507888892
1508813181000.0,47500,43.00442919772962,-78.78905424198031,6.028310451351351,212.17053602270275
1508813182000.0,48500,43.00444589436886,-78.78906942993358,5.903229044736842,211.75909349578953
1508813183000.0,49500,43.00446145208137,-78.78908398297585,5.783769387179488,211.7419893035898
1508813184000.0,50500,43.00447602176026,-78.78909794465172,5.669661435,212.07941007100007
1508813204000.0,70500,43.00449052660684,-78.7891111861483,5.597937470731708,206.91577729609764
1508813205000.0,71500,43.00450514298239,-78.78912375146389,5.56355655952381,201.99645635023816
1508813206000.0,72500,43.0045201314093,-78.78913575383633,5.549065625581395,205.4940038769768
1508813207000.0,73500,43.004535692011785,-78.78914742921296,5.561841490909091,208.7416446979546
1508813208000.0,74500,43.004552024532316,-78.78915906453231,5.613375102222222,211.7623814824445
1508813209000.0,75500,43.00456927346531,-78.78917091242185,5.679877491304348,214.56255514586962
1508813210000.0,76500,43.00458739154922,-78.78918332129324,5.7534862680851075,217.0479567385107
1508813211000.0,77500,43.00460616255911,-78.78919667534457,5.8290189916666675,219.04929513979172
1508813212000.0,78600,43.004625173637734,-78.78921166020672,5.919642889795918,220.6064993206123
1508813213000.0,79500,43.00464401893045,-78.78922872840268,6.032374132,221.83144213420005
1508813214000.0,80500,43.004662386832095,-78.78924816840777,6.165281639215686,222.85660993549024
1508813215000.0,81500,43.00468007895727,-78.78927018509324,6.312786357692308,223.76418609057694
1508813216000.0,82500,43.00469699482118,-78.78929479012932,6.460929067924528,224.6160769190566
1508813217000.0,83500,43.00471319515578,-78.78932198669851,6.620836603703704,225.46229679092593
1508813218000.0,84500,43.00472876404427,-78.78935175350111,6.79532712,226.27977975836365
1508813219000.0,85500,43.004743765877436,-78.78938409748092,6.969266296428571,227.08859261982144
1508813220000.0,86600,43.00475826832953,-78.78941888079851,7.137240940350876,227.87132432824563
1508813221000.0,87500,43.004772289510974,-78.78945600618508,7.303679286206895,228.62290563293107
1508813222000.0,88500,43.00478582856298,-78.78949541364818,7.469166891525423,229.33797841881358
1508813223000.0,89500,43.004798855687824,-78.78953705303516,7.633983626666666,230.00910677850004
1508813224000.0,90500,43.00481132102343,-78.78958084486905,7.794725026229508,230.6299148640984
1508813225000.0,91500,43.0048231974686,-78.7896267363425,7.9548643,231.2042670437097
1508813226000.0,92500,43.00483445173933,-78.7896746685866,8.11351766031746,231.75215137634925
1508813227000.0,93500,43.00484508416871,-78.78972458835165,8.27042586875,232.2680240110938
1508813228000.0,94500,43.004855077064235,-78.78977643447938,8.42593070153846,232.7471971801539
1508813229000.0,95500,43.00486436767055,-78.7898301902854,8.585360675757576,233.17697661681822
1508813230000.0,96500,43.00487289705127,-78.7898858353444,8.746485620895522,233.57072174194033
1508813231000.0,97500,43.00488062874899,-78.78994336055177,8.909033626470588,233.9274402457353
1508813232000.0,98600,43.0048875048103,-78.79000271991994,9.071549994202897,234.24220343057974
1508813233000.0,99500,43.004893482983015,-78.7900638043112,9.22514118,234.52353581014285
1508813234000.0,100600,43.00489851158133,-78.7901264767054,9.37261050140845,234.76841755929578
1508813235000.0,101500,43.004902557351365,-78.79019060908718,9.517184480555555,234.9794382876389
1508813236000.0,102500,43.00490558791176,-78.79025611917308,9.658051652054793,235.16188187273974
1508813237000.0,103500,43.004907579978884,-78.79032283310968,9.789582345945945,235.3068850906757
1508813238000.0,104500,43.00490846836747,-78.79039055576139,9.913374808,235.38900462280003
1508813239000.0,105600,43.00490809640168,-78.79045906248285,10.031298205263157,235.39329377250004
1508813240000.0,106500,43.00490640007931,-78.7905281829482,10.150313877922079,235.35542242480525
1508813241000.0,107500,43.00490331596798,-78.79059782215995,10.260537379487179,235.2679026501283
1508813242000.0,108500,43.004898797771475,-78.79066780700155,10.367795475949368,235.12709704696212
1508813243000.0,109600,43.00489284235017,-78.79073795865926,10.4633976575,234.94750958387507
1508813244000.0,110500,43.00488549090319,-78.79080809157021,10.54917595802469,234.74823909518526
1508813245000.0,111500,43.00487673216305,-78.79087808766253,10.635767739024391,234.51010813060984
1508813246000.0,112500,43.00486655500623,-78.79094784556742,10.718671597590362,234.22842706879527
1508813247000.0,113500,43.00485494368452,-78.79101717143007,10.800599745238097,233.9038393655953
1508813248000.0,114500,43.00484189883621,-78.7910859485855,10.88594307764706,233.5489610201177
1508813249000.0,115500,43.00482743017965,-78.79115406265943,10.963235995348839,233.1808713570931
1508813250000.0,116500,43.004811581905436,-78.79122146207197,11.041377282758623,232.7994831805748
1508813251000.0,117500,43.00479439110214,-78.79128806291284,11.114776620454547,232.3887020080683
1508813252000.0,118500,43.004775840596196,-78.79135375180991,11.194006444943822,231.9464983900001
1508813253000.0,119500,43.00475598135889,-78.79141838765024,11.256089484444447,231.45674896344454
1508813254000.0,120500,43.00473488760331,-78.79148181771687,11.315737841758244,230.96048578802208
1508813255000.0,121500,43.00471257848693,-78.79154397178807,11.37642366956522,230.43177246423923
1508813256000.0,122500,43.00468906681748,-78.79160472279466,11.436788963440863,229.8731308248388
1508813257000.0,123500,43.00466440845279,-78.79166398236252,11.494535825531917,229.2966648586171
1508813258000.0,124600,43.00463866455872,-78.79172172943876,11.548777258947371,228.7311505969475
1508813259000.0,125500,43.00461193219411,-78.79177806135026,11.593055704166671,228.1863220490626
1508813260000.0,126500,43.00458429229996,-78.79183305524664,11.631882696907219,227.64621501762895
1508813261000.0,127500,43.00455581836244,-78.79188675752408,11.664361455102044,227.12632608887765
1508813262000.0,128500,43.00452658638607,-78.79193924302696,11.692659591919195,226.62029622939406
1508813263000.0,129500,43.00449666398979,-78.7919905687154,11.713539421000005,226.12880166710013
1508813264000.0,130500,43.0044661325358,-78.79204079692198,11.726573288118818,225.65720006643576
1508813265000.0,131500,43.00443508936316,-78.79208998733264,11.728574775490202,225.19763447754914
1508813266000.0,132500,43.004403600942204,-78.79213817266472,11.725281185436899,224.7338035602914
1508813267000.0,133500,43.004371763532895,-78.79218542232191,11.71560522211539,224.29495717990397
1508813268000.0,134500,43.00433963457551,-78.79223176872017,11.699667962857148,223.86615320676202
1508813269000.0,135500,43.004307274466484,-78.79227726172938,11.678495057547176,223.45492968594354
1508813270000.0,136500,43.00427474517756,-78.79232192149479,11.650816669158884,223.05353389448612
1508813271000.0,137500,43.00424208991066,-78.79236578186344,11.623464542592599,222.66199645101864
1508813272000.0,138500,43.004209351465335,-78.79240890272541,11.589176537614684,222.31496666706434
1508813273000.0,139500,43.00417661105599,-78.79245130480733,11.544583438181824,221.94644378827286
1508813274000.0,140500,43.00414392942864,-78.79249297451463,11.497746932432436,221.57811276315326
1508813275000.0,141500,43.004111309623546,-78.79253392085208,11.453076799107148,221.20854836348227
1508813276000.0,142500,43.004078747813196,-78.79257413952051,11.409767072566376,220.8408856346019
1508813277000.0,143500,43.0040462332917,-78.79261365550445,11.368402550000004,220.491027778158
1508813278000.0,144500,43.00401376363215,-78.7926525042529,11.324447301739134,220.1647743192175
1508813279000.0,145500,43.00398137542043,-78.79269071096402,11.276569984482762,219.8547242819829
1508813280000.0,146500,43.00394911566401,-78.79272837564508,11.223252721367524,219.66145065564115
1508813281000.0,147500,43.00391703271317,-78.79276558419467,11.169086348305088,219.53585226025436
1508813282000.0,148500,43.003885156573126,-78.79280250969902,11.125158435294122,219.60335997235308
1508813283000.0,149500,43.00385353874938,-78.79283935975313,11.087423090000005,219.8360998892501
1508813284000.0,150500,43.00382233870686,-78.79287633714443,11.059497254545459,220.26239030338854
1508813285000.0,151500,43.00379166262606,-78.79291354891659,11.033609645901645,220.69698587467227
1508813286000.0,152500,43.003761501309484,-78.79295098336948,11.006472429268298,221.12109574560986
1508813287000.0,153500,43.0037318484875,-78.79298857694478,10.973961079032264,221.53718102185496
1508813288000.0,154500,43.0037026921195,-78.79302620756513,10.930520734400007,221.95082477368013
1508813289000.0,155500,43.00367400035896,-78.79306377318234,10.882406260317467,222.32278791039693
1508813290000.0,156500,43.00364576420032,-78.79310117471823,10.826474590551188,222.69801556464577
1508813291000.0,157500,43.00361798324904,-78.79313828165512,10.761079164062506,223.074161536797
1508813292000.0,158500,43.00359064879873,-78.79317501352644,10.692418153488378,223.45032664116292
1508813293000.0,159500,43.00356374944289,-78.79321131934893,10.619129516923083,223.8742341285386
1508813300000.0,166500,43.00353726332936,-78.79324723437246,10.5449778038168,224.63600028022913
1508813301000.0,167500,43.00351116818653,-78.79328274992342,10.479193437878793,225.18149770234862
1508813302000.0,168600,43.00348544448424,-78.79331796706923,10.420871302255645,225.45677877225577
1508813303000.0,169500,43.00346008619531,-78.79335295379202,10.367095770149259,225.77392706500015
1508813304000.0,170500,43.00343509649762,-78.79338777325117,10.320328860740746,226.10493042007423
1508813305000.0,171500,43.00341047714107,-78.79342251219379,10.282559380882358,226.43096424051487
1508813306000.0,172500,43.00338623096195,-78.79345725331653,10.251796385401464,226.7560272752556
1508813307000.0,173500,43.003362331911674,-78.79349206469733,10.225086165217396,227.06741019355087
1508813308000.0,174500,43.00333877564377,-78.79352696806308,10.198759046043168,227.38590904107926
1508813309000.0,175500,43.00331555960628,-78.79356194903002,10.170967381428575,227.7024830479287
1508813310000.0,176500,43.003292707988656,-78.79359698311231,10.14306432198582,228.06888401921998
1508813311000.0,177500,43.003270293582545,-78.79363202140802,10.112245951408454,228.54597885007055
1508813312000.0,178500,43.003248421443786,-78.79366698580853,10.085695465734268,229.16825920776236
1508813313000.0,179500,43.00322722140481,-78.79370173755233,10.063469888888893,229.93885879659734
1508813314000.0,180500,43.00320680222778,-78.79373613299651,10.054011772413796,230.790700046276
1508813315000.0,181500,43.003187258308586,-78.79377004317605,10.053430506849319,229.22060192267136
1508813316000.0,182500,43.00316866575364,-78.79380339705308,10.061053523809527,227.68842789054438
1508813317000.0,183500,43.003151056320604,-78.79383620743768,10.076078270270273,226.18829634398665
1508813318000.0,184500,43.003134393472685,-78.79386849969406,10.082855067114096,224.6876408544297
1508813319000.0,185500,43.00311861428343,-78.79390032564172,10.087542973333335,223.1939375351335
1508813320000.0,186500,43.003103693117986,-78.7939317383487,10.09267788741722,224.0922576176823
1508813321000.0,187500,43.00308962778123,-78.79396275128302,10.099404940789475,224.97892131756598
1508813322000.0,188600,43.00307640120215,-78.79399338066916,10.106349225490199,225.85372797562107
1508813323000.0,189500,43.00306399957794,-78.79402363177647,10.113445425324677,226.71548000175343
1508813324000.0,190500,43.00305240506214,-78.7940535155752,10.12044779354839,227.56810161464531
1508813325000.0,191500,43.00304161139335,-78.79408301682234,10.127668935897438,226.1106323062181
1508813326000.0,192500,43.00303161111933,-78.79411213680719,10.136431343949047,224.67160698356702
1508813327000.0,193500,43.00302240670174,-78.79414088302886,10.147453291139243,223.25517119544315
1508813328000.0,194500,43.003013991964124,-78.79416925468901,10.155643264150948,224.10808540176112
1508813329000.0,195500,43.00300633878631,-78.79419726920678,10.164325193750004,224.9549548680001
1508813330000.0,196500,43.002999437284615,-78.79422492429535,10.173047782608698,225.79291260173923
1508813331000.0,197500,43.00299325793058,-78.79425223425763,10.179765728395065,226.6171053017285
1508813332000.0,198500,43.00298777783793,-78.7942792047587,10.186823901840494,225.22996195079764
1508813333000.0,199500,43.00298298345613,-78.79430584762481,10.194505768292688,226.05066401207327
1508813334000.0,200500,43.00297884552011,-78.79433217460395,10.197916151515157,224.68081295356373
1508813335000.0,201500,43.00297532876236,-78.79435818219997,10.200064807228921,223.328912473723
1508813336000.0,202500,43.00297241030777,-78.79438387541835,10.200869221556891,221.99166576917375
1508813337000.0,203500,43.002970069807645,-78.79440926152876,10.200856827380957,222.81098228245247
1508813338000.0,204500,43.00296830200464,-78.79443436062044,10.20181185207101,223.6124850500119
1508813339000.0,205500,43.00296710748584,-78.79445918495927,10.203849900000003,224.40364825560005
1508813340000.0,206500,43.002966482745926,-78.79448374616288,10.206110526315793,225.1831231196024
1508813341000.0,207500,43.002966416564284,-78.79450805690833,10.208498052325584,225.95268752006984
1508813342000.0,208500,43.00296690029713,-78.7945321193818,10.210793260115612,226.71810637833534
1508813343000.0,209500,43.00296790102393,-78.7945559376486,10.209181477011498,227.46919904282768
1508813344000.0,210500,43.00296937825143,-78.7945795232508,10.204288634285717,228.20969447686866
1508813345000.0,211500,43.002971294401156,-78.7946028823278,10.196226991477277,228.94024109915918
1508813346000.0,212500,43.00297361734125,-78.79462601214708,10.185823240112997,229.67117210989838
1508813347000.0,213500,43.00297630918506,-78.79464891891402,10.171407637640453,230.3839687834383
1508813348000.0,214500,43.00297936052129,-78.79467159401965,10.158701049162014,231.1061038740336
1508813349000.0,215500,43.00298276998354,-78.79469401973347,10.145518665555558,229.82437279973342
1508813350000.0,216500,43.00298652281835,-78.79471619601915,10.131323871823207,230.54104201078462
1508813351000.0,217500,43.00299060729195,-78.79473811538436,10.115889383516487,229.28267061402204
1508813352000.0,218500,43.00299499268122,-78.7947597909188,10.096413640437161,229.99245634837163
1508813353000.0,219500,43.00299965826911,-78.7947812275056,10.079083265760872,228.75555780626092
1508813354000.0,220500,43.00300459080968,-78.79480241249412,10.059977815675678,227.5473790035244
1508813355000.0,221500,43.003009757245806,-78.79482334602608,10.035633318817206,226.32582300984953
1508813356000.0,222500,43.00301509736877,-78.79484405600044,10.006733028342248,225.12380568359367
1508813357000.0,223500,43.00302056682734,-78.794864538404,9.976623221808513,223.96189166665968
1508813358000.0,224500,43.003026136026875,-78.79488478498034,9.940952761375662,222.7819270017567
1508813359000.0,225500,43.00303179063562,-78.79490481913743,9.907857490526318,221.61214075858956
1508813360000.0,226500,43.00303755844051,-78.79492465525823,9.878876935602097,222.3256847860315
1508813361000.0,227500,43.00304348688838,-78.79494431040526,9.857651691145836,223.01449147985423
1508813362000.0,228500,43.003049599785825,-78.79496386433914,9.836494438860107,223.60283955508817
1508813363000.0,229500,43.00305586922749,-78.7949834358607,9.818275877319591,224.07682682542276
1508813364000.0,230500,43.00306225859882,-78.7950031401543,9.80187907794872,224.4709819186257
1508813365000.0,231500,43.00306870645884,-78.79502306337156,9.789818347959185,224.77728542924498
1508813366000.0,232500,43.00307514027205,-78.79504331627287,9.783920686294419,225.0285362646295
1508813367000.0,233500,43.003081517118765,-78.79506394586276,9.78078617777778,225.2680217380405
1508813368000.0,234500,43.00308783159312,-78.79508497811483,9.780942026130655,225.49120303583928
1508813369000.0,235600,43.00309406631771,-78.79510646401752,9.786312706000002,225.7026337206601
1508813370000.0,236500,43.003100211113356,-78.79512844867604,9.796267190049754,225.91323265737324
1508813371000.0,237500,43.00310627070927,-78.79515096697617,9.808531035643567,226.12656279273278
1508813372000.0,238500,43.00311224984076,-78.7951740491617,9.823505887684732,226.3356112518819
1508813373000.0,239500,43.00311815288802,-78.7951977058958,9.839051858823533,226.54822315750994
1508813374000.0,240500,43.00312399008819,-78.79522192677258,9.855669800975614,226.75591641040012
1508813375000.0,241500,43.003129754912415,-78.79524673527602,9.874010253398062,226.958757107437
1508813376000.0,242500,43.00313545140463,-78.79527212650635,9.892165942995172,227.16435794266678
1508813377000.0,243500,43.00314108727434,-78.79529809633202,9.911694726923079,227.36839117371164
1508813378000.0,244500,43.00314667389332,-78.7953246530361,9.932566833492825,227.57758968484222
1508813379000.0,245500,43.00315220929058,-78.79535180261544,9.953321210476192,227.7813972101525
1508813380000.0,246500,43.00315769048049,-78.79537954065715,9.975222102843603,227.98149419019916
1508813381000.0,247500,43.00316312037497,-78.79540786609017,9.997618453773587,228.18193987798125
1508813382000.0,248500,43.00316850746692,-78.79543677010781,10.018694949295774,228.38325490202828
1508813383000.0,249500,43.00317385334793,-78.79546623867245,10.039495145794392,228.5814633837945
1508813384000.0,250500,43.003179159842475,-78.79549624604934,10.05830843348837,228.77633113549777
1508813385000.0,251500,43.00318442167684,-78.79552676553347,10.076101352777776,228.96882450987047
1508813386000.0,252500,43.00318963787462,-78.79555778366438,10.093492037788018,229.16087416650703
1508813387000.0,253500,43.0031948125838,-78.79558928773758,10.111161202752292,229.35096318409185
1508813388000.0,254500,43.0031999529678,-78.7956212919102,10.130032192694062,229.54270869466677
1508813389000.0,255500,43.00320507086774,-78.79565379771294,10.148323223636362,229.73935656423646
1508813390000.0,256500,43.003210179679996,-78.79568679926015,10.167527114027147,229.9393539553485
1508813391000.0,257500,43.00321530969576,-78.79572023480189,10.180400442342341,230.14452339699108
1508813392000.0,258500,43.00322049021842,-78.79575410064197,10.195095198206277,230.3745423503678
1508813393000.0,259600,43.00322576853959,-78.79578840738637,10.21085633125,230.6199568934465
1508813394000.0,260500,43.00323116346338,-78.79582314204106,10.226772734222221,230.8687706850312
1508813395000.0,261500,43.003236684211146,-78.79585825706079,10.238868040707965,231.13136838111512
1508813396000.0,262500,43.00324233149497,-78.79589373645052,10.250537326872246,231.3846102825199
1508813397000.0,263500,43.00324809815017,-78.7959295969839,10.264138886842105,231.6250358075966
1508813398000.0,264500,43.00325395552333,-78.79596585600618,10.27629286113537,231.86220726695205
1508813399000.0,265500,43.00325989709494,-78.79600248363866,10.286743809565218,232.0920064962262
1508813400000.0,266500,43.003265899737755,-78.79603946716684,10.297109554978356,232.30131426031178
1508813401000.0,267500,43.00327191508721,-78.79607680898944,10.306466768103448,232.49026652643113
1508813402000.0,268500,43.003277904203095,-78.79611449754395,10.315212417167382,232.66361645550225
1508813403000.0,269600,43.003283833505094,-78.79615252356083,10.32411691111111,232.8188764279146
1508813404000.0,270500,43.003289690414654,-78.79619087412755,10.332281141276594,232.97509423034901
1508813405000.0,271500,43.00329548555918,-78.79622954081007,10.340167293220338,233.13485823784754
1508813406000.0,272500,43.003301220355596,-78.79626853158116,10.349909064135021,233.2912881187005
1508813407000.0,273500,43.00330689763347,-78.7963078598944,10.360413429411764,233.4458349333278
1508813408000.0,274500,43.00331251728143,-78.79634754450393,10.372877477824266,233.59939566582432
1508813409000.0,275500,43.003318077890874,-78.79638760074356,10.386331059166666,233.74858185055007
1508813410000.0,276500,43.00332358415564,-78.79642804079828,10.402176204149377,233.89868951921997
1508813411000.0,277500,43.0033290361295,-78.7964688743358,10.418010554545454,234.043630884843
1508813412000.0,278600,43.003334435221845,-78.79651011666299,10.43625798436214,234.1900904285268
1508813413000.0,279500,43.00333977687737,-78.79655178038946,10.45557806229508,234.32727382840986
1508813414000.0,280500,43.00334505656078,-78.79659388323728,10.475728857959183,234.47242062911022
1508813415000.0,281500,43.00335028828452,-78.79663642961431,10.496494671544715,234.6200157485041
1508813416000.0,282500,43.003355473969066,-78.7966793979039,10.516084875303642,234.76374402482594
1508813417000.0,283500,43.003360600126435,-78.79672279769889,10.538052609677418,234.90027037956457
1508813418000.0,284500,43.003365665206886,-78.79676664375417,10.560172277911645,235.0379889724177
1508813419000.0,285500,43.00337068021339,-78.79681093048174,10.582680216799998,235.17448925652803
1508813420000.0,286500,43.003375650382615,-78.79685565069502,10.604661184063742,235.3122101359841
1508813421000.0,287500,43.003380578695754,-78.79690080570202,10.627848992857139,235.44649588941274
1508813422000.0,288500,43.003385467066835,-78.79694640738859,10.652284226086953,235.58011290170757
1508813423000.0,289500,43.00339031702603,-78.7969924626957,10.67692807165354,235.71323883516538
1508813424000.0,290500,43.00339512564626,-78.79703897617487,10.702089938039212,235.84269201620396
1508813425000.0,291500,43.00339988905482,-78.79708595123469,10.727660617968747,235.97110935207817
1508813426000.0,292500,43.00340460988405,-78.7971333838383,10.753135035797662,236.10154713670045
1508813427000.0,293500,43.00340929674157,-78.79718126971355,10.778283903875966,236.2321256361706
1508813428000.0,294500,43.003413955930064,-78.79722960337538,10.802955865637063,236.36543603911974
1508813429000.0,295500,43.00341858548154,-78.79727837668513,10.827512393076919,236.4935521697385
1508813430000.0,296500,43.00342318001638,-78.79732758947198,10.85223259846743,236.6195272572108
1508813431000.0,297500,43.003427736287634,-78.7973772430166,10.877652145801523,236.7437966188245
1508813432000.0,298500,43.003432260528164,-78.79742733882635,10.903210533079843,236.87154241114834
1508813433000.0,299500,43.003436754275064,-78.7974778556891,10.925830970454541,236.99505323534854
1508813434000.0,300500,43.003441203220746,-78.79752877445185,10.94895778943396,237.110749638234
1508813435000.0,301500,43.00344560202102,-78.79758007744239,10.969456887969923,237.22932396290233
1508813436000.0,302600,43.00344996289206,-78.79763172996942,10.987657648689137,237.35133259974538
1508813437000.0,303500,43.00345429973847,-78.7976836981379,11.004238638805967,237.4801718437762
1508813438000.0,304500,43.00345862750818,-78.79773597421529,11.020200588104087,237.61528369565806
1508813439000.0,305500,43.00346296251864,-78.79778854667924,11.035970297037034,237.76109060789636
1508813440000.0,306500,43.003467338316014,-78.79784140377602,11.051200329151289,237.92213086395577
1508813441000.0,307500,43.00347180722392,-78.79789452667838,11.066489474999997,238.10673222107357
1508813442000.0,308500,43.00347642479245,-78.7979478898902,11.08107622417582,238.30874968546524
1508813443000.0,309500,43.00348122766094,-78.79800144605596,11.093980435036492,238.52419519756208
1508813444000.0,310500,43.0034862403051,-78.79805515215307,11.104990891636362,238.74994637866186
1508813445000.0,311500,43.00349147473885,-78.79810897674663,11.115134084057969,238.99154936279714
1508813446000.0,312500,43.003496953289805,-78.79816288761592,11.124996025992777,239.23869600769677
1508813447000.0,313500,43.003502681328214,-78.79821688072334,11.134544054676256,239.49569530263315
1508813448000.0,314500,43.003508671582445,-78.7982709345901,11.145206199641576,239.76061632305382
1508813449000.0,315500,43.00351494358107,-78.7983250406941,11.157044334642855,240.03072394332864
1508813450000.0,316500,43.003521499806276,-78.79837919960497,11.168629945551599,240.29858364459793
1508813451000.0,317500,43.003528336460334,-78.79843342033043,11.18102203794326,240.56001214231213
1508813452000.0,318500,43.003535449977775,-78.79848771138674,11.193844479505298,240.8171722760849
1508813453000.0,319500,43.003542831997635,-78.79854205813182,11.203343653873237,241.07982438074657
1508813454000.0,320500,43.00355048098066,-78.7985964215854,11.211660570877191,241.35248878642818
1508813455000.0,321500,43.00355839984499,-78.79865078536879,11.219612673776222,241.6204891053568
1508813456000.0,322500,43.00356657097452,-78.79870515517752,11.226093211498256,241.8777078192754
1508813457000.0,323500,43.003574970898626,-78.79875952783172,11.230766932986109,242.13335095184735
1508813458000.0,324500,43.0035835869092,-78.79881390127142,11.235356344982698,242.38131316308662
1508813459000.0,325500,43.00359241584237,-78.7988682732983,11.239373481724137,242.6336524280415
1508813460000.0,326500,43.00360146475847,-78.79892263900099,11.245113201718212,242.88814654340902
1508813461000.0,327500,43.00361074138314,-78.79897700224272,11.251610697602738,243.14244891826038
1508813462000.0,328500,43.00362024843924,-78.7990313761134,11.259010841979519,243.3928955772424
1508813463000.0,329500,43.00362998982954,-78.79908576111673,11.266253958163263,243.64592062629941
1508813464000.0,330500,43.00363997932829,-78.79914013948814,11.27393228033898,243.91164520044754
1508813465000.0,331500,43.00365023730845,-78.79919447994402,11.282515296283782,244.18682579098655
1508813466000.0,332500,43.00366079325239,-78.7992487554431,11.291748436700335,244.47899462670713
1508813467000.0,333500,43.00367167214013,-78.79930293974174,11.302546113087246,244.78034732930206
1508813468000.0,334500,43.003682881444604,-78.79935699610844,11.31219184849498,245.09357419442145
1508813469000.0,335500,43.00369443542945,-78.79941088449532,11.32327165233333,245.41587828044004
1508813470000.0,336600,43.00370587451347,-78.79950236663426,11.365377316999998,246.55848071377338
1508813471000.0,337500,43.00371767404971,-78.79959398849702,11.407602389333332,247.70141578044004
1508813472000.0,338600,43.00372986530394,-78.79968583941952,11.449321621666664,248.84412728044006
1508813473000.0,339500,43.00374244915208,-78.79977785751646,11.490132454999998,249.98441934710675
1508813474000.0,340500,43.00375538542181,-78.79986962611729,11.529251853333331,250.00784301377342
1508813475000.0,341500,43.00376861949165,-78.79996150982792,11.567799896666665,250.07140801377344
1508813476000.0,342500,43.0037821847638,-78.8000535032202,11.603119798999998,250.18158511377342
1508813477000.0,343500,43.00379610633379,-78.80014550036161,11.634888538999997,250.32950401377346
1508813478000.0,344500,43.003810400566614,-78.8002374441365,11.662713695666666,250.49282554710678
1508813479000.0,345500,43.00382179979047,-78.80033389552545,11.699901462333333,251.14873351377346
1508813480000.0,346500,43.0038368339389,-78.80042555755672,11.720093382333333,251.34862591377347
1508813481000.0,347500,43.00385224761723,-78.8005170342134,11.738390949,251.55572034710679
1508813482000.0,348600,43.00386806438343,-78.80060833544853,11.758005015666667,251.77011151377346
1508813483000.0,349500,43.003884290391646,-78.80069946455708,11.779490062333332,251.9853952471068
1508813484000.0,350500,43.00390093532572,-78.80079044096149,11.802750007333332,252.2068464471068
1508813485000.0,351500,43.00391801063908,-78.80088130640247,11.82848364733333,252.43383784710682
1508813486000.0,352500,43.003935522521765,-78.80097209147202,11.856277492999999,252.67269498044013
1508813487000.0,353500,43.00395347061747,-78.80106284007333,11.888366339666664,252.91782884710682
1508813488000.0,354500,43.0039718506066,-78.80115360806256,11.924700103666664,253.16548098044015
1508813489000.0,355500,43.00399065050161,-78.80124441128069,11.96097696833333,253.40127348044015
1508813490000.0,356500,43.004009839478975,-78.8013352391803,11.996771559333329,253.57356614710682
1508813491000.0,357500,43.00402938021502,-78.80142605375553,12.028765884666662,253.70077848044016
1508813492000.0,358500,43.00404921885863,-78.80151683539347,12.056333987999995,253.77791754710682
1508813493000.0,359600,43.00406927641391,-78.80160759158126,12.078126034666662,253.81628178044014
1508813494000.0,360500,43.0040894856371,-78.80169833600307,12.094792559666661,253.8347657804401
1508813495000.0,361500,43.00410980052305,-78.80178908774269,12.106882372999996,253.84114404710678
1508813496000.0,362500,43.00413019257666,-78.80187987440462,12.116926466333329,253.8357652804401
1508813497000.0,363500,43.00415065668969,-78.80197071736015,12.128642056333328,253.82415151377344
1508813498000.0,364600,43.004171217300424,-78.8020616134934,12.142069192999996,255.0041515981068
1508813499000.0,365500,43.00418964638871,-78.80215859411841,12.173576236333329,256.18048103644014
1508813500000.0,366500,43.00421050158858,-78.80224962694514,12.19410999133333,257.3570704131068
1508813501000.0,367500,43.00423157050995,-78.80234069488624,12.219948844666662,257.3451799464401
1508813502000.0,368500,43.00425289012127,-78.80243179045013,12.248244543666662,258.5246910597735
1508813503000.0,369500,43.00427447547613,-78.80252291644025,12.276883479666662,259.70882138964015
1508813504000.0,370500,43.004296338624755,-78.80261406773417,12.307208957999993,260.8921415376401
1508813505000.0,371500,43.00431857779013,-78.8027052558229,12.337207826999995,261.5777158043068
1508813506000.0,372500,43.00434115974609,-78.8027964615313,12.36513956333333,262.1482983043069
1508813507000.0,373500,43.00436407795048,-78.80288768034255,12.391929489999995,262.6825062376402
1508813508000.0,374500,43.00438730258609,-78.80297889964055,12.417175848666663,263.16974057097354
1508813509000.0,375500,43.004410798867916,-78.80307011608878,12.438680239999997,263.60944823764015
1508813510000.0,376500,43.00443440979532,-78.80316135464957,12.450360236999995,264.79682868330684
1508813511000.0,377500,43.004458061176514,-78.80325260974912,12.451830728333329,265.9893866914069
1508813512000.0,378500,43.00448167240138,-78.80334386838187,12.446151448333328,266.00535395807356
1508813513000.0,379500,43.004505185144275,-78.80343509703273,12.433865788999997,266.0356566914069
1508813514000.0,380500,43.00452853628359,-78.80352626760143,12.414014049999997,266.0822626914069
1508813515000.0,381500,43.0045516946652,-78.80361733464741,12.392554010666663,264.9604850747403
1508813516000.0,382500,43.00457466739289,-78.80370823552983,12.370152123999997,263.85880165074025
1508813517000.0,383600,43.00459747550012,-78.80379890827865,12.345099630666663,264.0056387507402
1508813518000.0,384500,43.00462015446763,-78.80388923641372,12.313009357666663,264.1377354840736
1508813524000.0,390500,43.00464277920958,-78.80397915954805,12.280802841666663,264.3591376840736
1508813525000.0,391500,43.004665432700065,-78.80406862644857,12.249360318666664,264.52829068407357
1508813526000.0,392500,43.004688184470005,-78.80415763268523,12.21912548733333,264.68059831740686
1508813527000.0,393500,43.00471104557703,-78.80424623438877,12.192893514999996,264.74406185074025
1508813528000.0,394500,43.00473397163305,-78.80433451043305,12.169991301666663,264.76009385074025
1508813529000.0,395500,43.00475691939275,-78.80442252360625,12.149108881666663,264.7586759840736
1508813530000.0,396500,43.004779869618424,-78.8045103058017,12.131235008333329,264.74611765074025
1508813531000.0,397500,43.004802811919006,-78.80459790077293,12.116363598333328,264.73325031740694
1508813532000.0,398500,43.00482575307406,-78.80468533087296,12.101878454999994,264.72785411740693
1508813533000.0,399500,43.004848695471495,-78.80477258818978,12.086072509999996,264.7182596840736
1508813534000.0,400500,43.00487163985855,-78.80485963574544,12.066736579999997,264.71247841740694
1508813535000.0,401500,43.00489460642265,-78.80494642766581,12.044509589999997,264.7154770174069
1508813536000.0,402500,43.00491760374186,-78.80503289313597,12.01503543333333,264.71846235074025
1508813537000.0,403500,43.00494065828792,-78.8051189451628,11.979262524999996,264.74778748407357
1508813538000.0,404500,43.004963822137256,-78.80520449407558,11.938132989999996,264.8503109840736
1508813539000.0,405500,43.00498716979018,-78.80528945057011,11.894840968666664,265.0455953840736
1508813540000.0,406500,43.00501078530984,-78.80537371214528,11.852063438666663,265.3518867840736
1508813541000.0,407500,43.00503472135036,-78.80545717490108,11.811548955333329,264.5010156294069
1508813542000.0,408500,43.00505901924426,-78.80553979607306,11.77430159533333,263.6594461104069
1508813543000.0,409500,43.00508373483801,-78.80562156236009,11.739464408666663,262.8226722747402
1508813544000.0,410500,43.00510892090991,-78.80570249512535,11.708778638666663,261.9855348317402
1508813545000.0,411500,43.00513463761528,-78.80578261845326,11.681358548666662,261.15179996940685
1508813546000.0,412500,43.00516092702819,-78.80586196218975,11.657449881999995,260.3248891410735
1508813547000.0,413500,43.00518784073652,-78.80594053172756,11.635851511999995,259.50090324674017
1508813548000.0,414500,43.00521541728174,-78.80601835471047,11.619005218666661,258.6881364917401
1508813549000.0,415500,43.005243691287255,-78.80609546714771,11.602621465333328,257.8880794057402
1508813550000.0,416500,43.00527270740925,-78.80617191573613,11.586983718666662,257.10836909674015
1508813551000.0,417500,43.00530250056467,-78.80624773345303,11.571817091999995,256.33980103640687
1508813552000.0,418500,43.00533310448751,-78.80632292620498,11.558518268666662,255.59180697974023
1508813553000.0,419500,43.005364530734816,-78.80639754377276,11.542431188666662,254.84546794327355
1508813554000.0,420500,43.00539678034886,-78.8064716467146,11.528460831999995,254.1111240229402
1508813555000.0,421500,43.00542984864708,-78.8065452810194,11.515863301999994,253.38333966300686
1508813556000.0,422500,43.00546374294234,-78.8066184781555,11.50026482866666,252.66895070234023
1508813557000.0,423500,43.00549844919901,-78.80669127440048,11.480761385333327,253.16371683567354
1508813558000.0,424500,43.00553395284068,-78.80676372443476,11.457652661999994,252.4769087726736
1508813559000.0,425500,43.00557022696513,-78.80683585700992,11.427657900333328,251.80415868734025
1508813560000.0,426500,43.00560722668576,-78.8069077176427,11.392926567666661,252.33070978734025
1508813561000.0,427500,43.005644916716015,-78.80697933640258,11.354813977666662,251.66822792734024
1508813562000.0,428500,43.00568327176822,-78.80705073932482,11.314583395999994,251.02255443834025
1508813563000.0,429500,43.00572227882757,-78.80712196845244,11.269373795999995,250.3982857750069
1508813564000.0,430500,43.005761906414406,-78.80719304761733,11.226829323999993,249.8496219850069
1508813565000.0,431500,43.00580212698945,-78.8072639738088,11.183186394999993,249.39188727500692
1508813566000.0,432500,43.00584290069846,-78.80733474149704,11.138425674333327,249.03416677500692
1508813567000.0,433500,43.005884202464685,-78.80740538103284,11.092886420999992,248.75649124167364
1508813568000.0,434500,43.005926010841684,-78.8074759245501,11.049530429333325,248.4973410916737
1508813569000.0,435500,43.005968318306195,-78.80754637394011,11.009177695999991,248.23875969167366
1508813570000.0,436500,43.00601108936991,-78.80761668195561,10.974642987666657,247.9908819583403
1508813571000.0,437500,43.006054294407285,-78.80768680651559,10.943273007666658,247.75821524500702
1508813572000.0,438500,43.006097909193386,-78.80775673517576,10.913939168999992,247.5206072316737
1508813573000.0,439500,43.00614192529839,-78.80782646516509,10.884433897333324,247.26704339834032
1508813574000.0,440500,43.006186345104105,-78.80789600872444,10.855116546999993,246.99467609834034
1508813575000.0,441500,43.00623115968574,-78.8079653718432,10.827109156999992,246.704074165007
1508813576000.0,442500,43.00627637215648,-78.80803456152718,10.800769763666658,246.36844449834035
1508813577000.0,443600,43.00632199726065,-78.8081036014039,10.775405097333325,245.97371989834036
1508813578000.0,444500,43.00636804588756,-78.80817252496159,10.751625653666657,245.481516065007
1508813579000.0,445500,43.00641453147518,-78.80824138199904,10.731306932333323,244.93250673500705
1508813580000.0,446500,43.00646145475374,-78.80831020292425,10.714814355666658,244.3356498113404
1508813581000.0,447500,43.00650881630786,-78.80837900608367,10.702289230666656,244.9287837780071
1508813582000.0,448500,43.00655661099993,-78.80844780402504,10.691147111333324,245.52296537800711
1508813583000.0,449500,43.00660481868898,-78.8085165811966,10.681061656333325,246.1006050780071
1508813584000.0,450500,43.006653398099935,-78.80858532880767,10.674514310999992,245.49997010867378
1508813585000.0,451500,43.00670231080171,-78.80865406063474,10.667718991999992,246.0904126420071
1508813586000.0,452500,43.00675155923075,-78.8087227836005,10.662164555333325,246.68904130867378
1508813587000.0,453500,43.00680115808526,-78.80879150156609,10.658597732999992,246.09185116967376
1508813588000.0,454500,43.00685113212802,-78.80886020425166,10.65697231799999,245.49934149734045
1508813589000.0,455500,43.006901495905616,-78.80892887745597,10.657251943333325,244.89797710800713
1508813590000.0,456500,43.0069522366336,-78.80899752605401,10.659427988333324,244.28660850667382
1508813591000.0,457600,43.00700333285664,-78.80906612062148,10.66316376599999,243.63313540434046
1508813592000.0,458500,43.00705474695207,-78.8091346244644,10.663897298999991,242.96284068434048
1508813593000.0,459500,43.007106449067415,-78.80920297806982,10.660084606666658,242.20858897667378
1508813594000.0,460500,43.00715840158418,-78.80927109868502,10.65171328666666,241.40205068000714
1508813595000.0,461500,43.007210506001385,-78.80933890576593,10.635771767333326,240.50956088800714
1508813596000.0,462500,43.00726268731109,-78.80940637652758,10.616516699333326,240.76730565467383
1508813597000.0,463500,43.0073149251142,-78.80947352104288,10.595625888333325,240.99891318800718
1508813598000.0,464500,43.007367206447924,-78.80954036867847,10.576720962666657,241.21414095467384
1508813599000.0,465500,43.00741952931976,-78.80960695895766,10.563312343666658,241.4576366213405
1508813600000.0,466500,43.007471908089094,-78.80967333515329,10.55264341499999,241.71165668800717
1508813601000.0,467500,43.00752433509085,-78.8097395461638,10.544468756333323,241.91942335467382
1508813602000.0,468500,43.00757679871117,-78.80980564417506,10.541069633333322,242.17627228800717
1508813603000.0,469500,43.007629303118954,-78.80987165604252,10.53976316199999,242.45841055467386
1508813604000.0,470500,43.007681851429325,-78.80993759438381,10.54076827533332,241.55727098800716
1508813605000.0,471500,43.00773444605163,-78.81000343888854,10.541284810666655,240.51036586467384
1508813606000.0,472500,43.00778709086773,-78.81006919424581,10.540245295999986,239.55995976134054
1508813607000.0,473500,43.007839794777595,-78.81013482546257,10.53598494833332,238.69849864567388
1508813608000.0,474500,43.007892555972,-78.81020031263347,10.529598532333319,239.00272004567387
1508813609000.0,475500,43.00794536834298,-78.8102656501194,10.520789343666653,239.20084961234053
1508813610000.0,476500,43.00799822260111,-78.81033081846462,10.507636913999988,239.35388934567388
1508813611000.0,477500,43.008051105839435,-78.81039579472628,10.49232962333332,239.4541271790072
1508813612000.0,478500,43.00810402079898,-78.81046055244558,10.474065298666654,239.57971851234052
1508813613000.0,479500,43.008156953427104,-78.810525076456,10.456253304999988,239.58136624567385
1508813614000.0,480500,43.0082098923641,-78.810589377922,10.438470172666655,239.5681187790072
1508813615000.0,481500,43.00826281995926,-78.81065347004157,10.421708909666654,239.48402661234053
1508813616000.0,482500,43.008315699884996,-78.81071736995305,10.40483299233332,239.40848911234056
