timestamp,system_time,lat,lon,speed,bearing
1508813142293.0,8800,43.00384848113872,-78.78813112418696,2.2969356,0.0
1508813144291.0,10800,43.003861815487895,-78.7881364514535,2.4938129499999997,0.0
1508813145000.0,11800,43.00387319694519,-78.78813373035142,2.850789733333333,0.0
1508813146000.0,12500,43.00388477720476,-78.78813459654754,3.1468013,0.0
1508813147000.0,13500,43.003899178704316,-78.78816259785627,3.49767194,66.95543200000002
1508813148000.0,14500,43.00391798271491,-78.78818640594734,3.8049406166666664,109.52761000000002
1508813149000.0,15500,43.003937760035804,-78.78820855952111,4.1517224285714285,137.86087571428575
1508813150000.0,16500,43.003957060472445,-78.78823323475588,4.5118575,157.82363625000005
1508813151000.0,17500,43.003975114157114,-78.78826122739206,4.861460222222222,172.77019666666672
1508813148293.0,18500,43.00408998674928,-78.78815451783471,4.8271187,169.93083400000003
1508813153000.0,19500,43.00409681851648,-78.78820338096817,5.220952454545454,180.0948363636364
1508813154000.0,20500,43.00410361443182,-78.78825358399536,5.558966166666667,188.39768583333338
1508813155000.0,21500,43.00410986630714,-78.78830488278763,5.842183923076923,195.19161384615387
1508813156000.0,22500,43.00411572426924,-78.78835712660874,6.074877928571429,200.97872571428576
1508813157000.0,23500,43.00412126094174,-78.78840980672106,6.243038100000001,205.85083733333337
1508813158000.0,24500,43.00412635367379,-78.78846220111076,6.34223871875,209.99170375000003
1508813159000.0,25500,43.004130857745274,-78.78851379042035,6.381098458823529,213.3990623529412
1508813160000.0,26500,43.004134765261796,-78.7885638607798,6.326042988888889,216.39110000000002
1508813161000.0,27500,43.00413817873625,-78.78861153919384,6.196412821052632,219.07718947368426
1508813162000.0,28500,43.004141286119975,-78.78865661231085,6.06266746,221.80482250000006
1508813163000.0,29500,43.004144542453744,-78.78869915506199,5.941086138095238,225.3010452380953
1508813164000.0,30500,43.00414847680357,-78.78873954387879,5.87656674090909,229.27495045454552
1508813165000.0,31500,43.00415373294314,-78.788777728523,5.866513230434783,233.71063608695658
1508813166000.0,32500,43.004161022689544,-78.78881354875666,5.923200804166666,238.34471250000004
1508813167000.0,33500,43.004170883275265,-78.78884698694026,6.038043592,242.85260960000008
1508813168000.0,34500,43.00418355146484,-78.78887802748221,6.193796915384615,247.16471615384623
1508813169000.0,35500,43.004199024246915,-78.78890673048039,6.363537807407408,251.25543037037045
1508813170000.0,36500,43.004217078516376,-78.78893317506291,6.5125901357142855,255.12543535714295
1508813171000.0,37500,43.004237227688854,-78.7889576274094,6.636847855172413,246.38799809310353
1508813168284.5,38500,43.00428155587496,-78.78892004156039,6.576102926666667,238.26229544000006
1508813173000.0,39600,43.0043035876241,-78.78894285274565,6.618417525806452,230.65187678064524
1508813174000.0,40500,43.004326084028285,-78.78896425611588,6.5985461968750005,234.68620938125005
1508813175000.0,41500,43.004348514677744,-78.78898441347069,6.535346715151515,227.64088382424248
1508813176000.0,42500,43.00437051426557,-78.7890034206985,6.43445175882353,220.95508727176477
1508813177000.0,43500,43.004391713470675,-78.78902140059932,6.294488408571429,214.67243893828575
1508813180000.0,46500,43.004411170592405,-78.7890382809273,6.153934655555556,212.90209507888892
1508813181000.0,47500,43.00442919772962,-78.78905424198031,6.028310451351351,212.17053602270275
1508813182000.0,48500,43.00444589436886,-78.78906942993358,5.903229044736842,211.75909349578953
1508813183000.0,49500,43.00446145208137,-78.78908398297585,5.783769387179488,211.7419893035898
1508813184000.0,50500,43.00447602176026,-78.78909794465172,5.669661435,212.07941007100007
1508813204000.0,70500,43.00449052660684,-78.7891111861483,5.597937470731708,206.91577729609764
1508813205000.0,71500,43.00450514298239,-78.78912375146389,5.56355655952381,201.99645635023816
1508813206000.0,72500,43.0045201314093,-78.78913575383633,5.549065625581395,205.4940038769768
1508813207000.0,73500,43.004535692011785,-78.78914742921296,5.561841490909091,208.7416446979546
1508813208000.0,74500,43.004552024532316,-78.78915906453231,5.613375102222222,211.7623814824445
1508813209000.0,75500,43.00456927346531,-78.78917091242185,5.679877491304348,214.56255514586962
1508813210000.0,76500,43.00458739154922,-78.78918332129324,5.7534862680851075,217.0479567385107
1508813211000.0,77500,43.00460616255911,-78.78919667534457,5.8290189916666675,219.04929513979172
1508813212000.0,78600,43.004625173637734,-78.78921166020672,5.919642889795918,220.6064993206123
1508813213000.0,79500,43.00464401893045,-78.78922872840268,6.032374132,221.83144213420005
1508813214000.0,80500,43.004662386832095,-78.78924816840777,6.165281639215686,222.85660993549024
1508813215000.0,81500,43.00468007895727,-78.78927018509324,6.312786357692308,223.76418609057694
1508813216000.0,82500,43.00469699482118,-78.78929479012932,6.460929067924528,224.6160769190566
1508813217000.0,83500,43.00471319515578,-78.78932198669851,6.620836603703704,225.46229679092593
1508813218000.0,84500,43.00472876404427,-78.78935175350111,6.79532712,226.27977975836365
1508813219000.0,85500,43.004743765877436,-78.78938409748092,6.969266296428571,227.08859261982144
1508813220000.0,86600,43.00475826832953,-78.78941888079851,7.137240940350876,227.87132432824563
1508813221000.0,87500,43.004772289510974,-78.78945600618508,7.303679286206895,228.62290563293107
1508813222000.0,88500,43.00478582856298,-78.78949541364818,7.469166891525423,229.33797841881358
1508813223000.0,89500,43.004798855687824,-78.78953705303516,7.633983626666666,230.00910677850004
1508813224000.0,90500,43.00481132102343,-78.78958084486905,7.794725026229508,230.6299148640984
1508813225000.0,91500,43.0048231974686,-78.7896267363425,7.9548643,231.2042670437097
1508813226000.0,92500,43.00483445173933,-78.7896746685866,8.11351766031746,231.75215137634925
1508813227000.0,93500,43.00484508416871,-78.78972458835165,8.27042586875,232.2680240110938
1508813228000.0,94500,43.004855077064235,-78.78977643447938,8.42593070153846,232.7471971801539
1508813229000.0,95500,43.00486436767055,-78.7898301902854,8.585360675757576,233.17697661681822
1508813230000.0,96500,43.00487289705127,-78.7898858353444,8.746485620895522,233.57072174194033
1508813231000.0,97500,43.00488062874899,-78.78994336055177,8.909033626470588,233.9274402457353
1508813232000.0,98600,43.0048875048103,-78.79000271991994,9.071549994202897,234.24220343057974
1508813233000.0,99500,43.004893482983015,-78.7900638043112,9.22514118,234.52353581014285
1508813234000.0,100600,43.00489851158133,-78.7901264767054,9.37261050140845,234.76841755929578
1508813235000.0,101500,43.004902557351365,-78.79019060908718,9.517184480555555,234.9794382876389
1508813236000.0,102500,43.00490558791176,-78.79025611917308,9.658051652054793,235.16188187273974
1508813237000.0,103500,43.004907579978884,-78.79032283310968,9.789582345945945,235.3068850906757
1508813238000.0,104500,43.00490846836747,-78.79039055576139,9.913374808,235.38900462280003
1508813239000.0,105600,43.00490809640168,-78.79045906248285,10.031298205263157,235.39329377250004
1508813240000.0,106500,43.00490640007931,-78.7905281829482,10.150313877922079,235.35542242480525
1508813241000.0,107500,43.00490331596798,-78.79059782215995,10.260537379487179,235.2679026501283
1508813242000.0,108500,43.004898797771475,-78.79066780700155,10.367795475949368,235.12709704696212
1508813243000.0,109600,43.00489284235017,-78.79073795865926,10.4633976575,234.94750958387507
1508813244000.0,110500,43.00488549090319,-78.79080809157021,10.54917595802469,234.74823909518526
1508813245000.0,111500,43.00487673216305,-78.79087808766253,10.635767739024391,234.51010813060984
1508813246000.0,112500,43.00486655500623,-78.79094784556742,10.718671597590362,234.22842706879527
1508813247000.0,113500,43.00485494368452,-78.79101717143007,10.800599745238097,233.9038393655953
1508813248000.0,114500,43.00484189883621,-78.7910859485855,10.88594307764706,233.5489610201177
1508813249000.0,115500,43.00482743017965,-78.79115406265943,10.963235995348839,233.1808713570931
1508813250000.0,116500,43.004811581905436,-78.79122146207197,11.041377282758623,232.7994831805748
1508813251000.0,117500,43.00479439110214,-78.79128806291284,11.114776620454547,232.3887020080683
1508813252000.0,118500,43.004775840596196,-78.79135375180991,11.194006444943822,231.9464983900001
1508813253000.0,119500,43.00475598135889,-78.79141838765024,11.256089484444447,231.45674896344454
1508813254000.0,120500,43.00473488760331,-78.79148181771687,11.315737841758244,230.96048578802208
1508813255000.0,121500,43.00471257848693,-78.79154397178807,11.37642366956522,230.43177246423923
1508813256000.0,122500,43.00468906681748,-78.79160472279466,11.436788963440863,229.8731308248388
1508813257000.0,123500,43.00466440845279,-78.79166398236252,11.494535825531917,229.2966648586171
1508813258000.0,124600,43.00463866455872,-78.79172172943876,11.548777258947371,228.7311505969475
1508813259000.0,125500,43.00461193219411,-78.79177806135026,11.593055704166671,228.1863220490626
1508813260000.0,126500,43.00458429229996,-78.79183305524664,11.631882696907219,227.64621501762895
1508813261000.0,127500,43.00455581836244,-78.79188675752408,11.664361455102044,227.12632608887765
1508813262000.0,128500,43.00452658638607,-78.79193924302696,11.692659591919195,226.62029622939406
1508813263000.0,129500,43.00449666398979,-78.7919905687154,11.713539421000005,226.12880166710013
1508813264000.0,130500,43.00447230904978,-78.79207989364933,11.820869665000005,227.9137720671001
1508813265000.0,131500,43.00444655484067,-78.79216905805022,11.913270012000005,229.70158716710012
1508813266000.0,132500,43.00441951306212,-78.79225830593413,11.991515929000007,231.47581766710013
1508813267000.0,133500,43.00439124298603,-78.79234745535287,12.058357379000006,233.26675546710013
1508813268000.0,134500,43.004361657369074,-78.79243522726335,12.109767764000004,231.71168926710013
1508813269000.0,135500,43.00433063197159,-78.7925227130763,12.150908324000005,230.29056886710012
1508813270000.0,136500,43.004298334137495,-78.79260985683295,12.175753266000005,229.01701996710014
1508813271000.0,137500,43.00426489226573,-78.79269638563204,12.192393106000004,227.84906526710012
1508813272000.0,138500,43.004230432823086,-78.79278219350542,12.194671006000004,226.7739959671001
1508813273000.0,139500,43.00418527348668,-78.79288098350459,12.216329912000003,227.1480047671001
1508813274000.0,140500,43.004149111629,-78.79296482980472,12.188194325000001,226.14127316710008
1508813275000.0,141500,43.00411223304656,-78.79304756127488,12.160370075000001,225.1458518671001
1508813276000.0,142500,43.004074702408985,-78.7931291428958,12.133552882000002,224.17529096710012
1508813277000.0,143500,43.004036504554854,-78.79320956954986,12.109495997000002,223.22275006710012
1508813278000.0,144500,43.00399763903572,-78.79328890888267,12.086658682000001,222.31186486710016
1508813279000.0,145500,43.00395817889989,-78.79336727254054,12.066062987000002,221.43280756710018
1508813280000.0,146500,43.0039182195102,-78.79344485513326,12.046418946000001,220.72605666710015
1508813281000.0,147500,43.00387784085442,-78.79352189440934,12.040834153,220.10190766710016
1508813282000.0,148500,43.00383708236213,-78.79359879409499,12.061620102000001,219.70333236710016
1508813283000.0,149500,43.00379598927527,-78.79367590924157,12.092374216000003,219.44235536710013
1508813284000.0,150500,43.00375467592002,-78.79375354538172,12.134363589000005,219.20427276710012
1508813285000.0,151500,43.003713163507,-78.79383183002489,12.168159085000005,218.8098336671001
1508813286000.0,152500,43.00367128803375,-78.79391083198416,12.188663045000004,218.22550146710012
1508813287000.0,153500,43.003628846679014,-78.79399058370993,12.186143545000004,217.50337346710015
1508813288000.0,154500,43.00358564433056,-78.79407101272137,12.153640020000005,216.72537856710014
1508813289000.0,155500,43.00354151707145,-78.79415206706437,12.101444690000005,215.86388656710014
1508813290000.0,156500,43.00349638398775,-78.79423367466245,12.031467522000005,214.9875135671001
1508813291000.0,157500,43.003450236574196,-78.79431571150094,11.950656092000006,214.0998048671001
1508813292000.0,158500,43.0034031409206,-78.79439805550038,11.868533540000005,216.7984019201001
1508813293000.0,159500,43.003348407513286,-78.7944987026855,11.832037494000005,219.55781573510012
1508813300000.0,166500,43.003299702798,-78.79458159267679,11.762211490000006,222.7710785651001
1508813301000.0,167500,43.003250395117185,-78.79466466794184,11.721000555000005,222.1399899651001
1508813302000.0,168600,43.0032006313204,-78.79474803975677,11.703094416000006,224.7360241051001
1508813303000.0,169500,43.00315054065143,-78.79483179504383,11.704194734000007,227.41233259470013
1508813304000.0,170500,43.003100280557064,-78.79491600367933,11.729373019000006,230.1063024387001
1508813305000.0,171500,43.0030502274986,-78.79500083544973,11.768864282000006,231.30135713870013
1508813306000.0,172500,43.00300033325792,-78.79508636751093,11.814486181000007,232.1526590387001
1508813307000.0,173500,43.00295057817795,-78.79517266590757,11.867391871000004,232.8845705387001
1508813308000.0,174500,43.00290093183311,-78.79525973224712,11.920605013000005,233.48703773870008
1508813309000.0,175500,43.00285137474469,-78.79534755078139,11.971489760000004,233.95171223870008
1508813310000.0,176500,43.002801602355206,-78.7954361598676,12.006566331000005,236.7416577757001
1508813311000.0,177500,43.002751656834604,-78.79552549478458,12.022695496000006,239.69677830000012
1508813312000.0,178500,43.00270158615861,-78.7956154155566,12.036446297000007,239.34818900000013
1508813313000.0,179500,43.00265149433774,-78.79570563322166,12.044186384000007,239.26563300000012
1508813314000.0,180500,43.00260145219073,-78.79579581380543,12.052298274000007,239.35344340000012
1508813315000.0,181500,43.002551531336486,-78.795885643323,12.065264894000006,235.9633034400001
1508813316000.0,182500,43.002501864629714,-78.79597483266024,12.085610134000005,232.68944933200007
1508813317000.0,183500,43.00245260532611,-78.79606318284239,12.114666724000003,229.61501692200008
1508813318000.0,184500,43.002403911191806,-78.79615035104287,12.122829034,226.6874002060001
1508813319000.0,185500,43.00235591195991,-78.79623612426127,12.115127394000002,223.87518523560007
1508813320000.0,186500,43.002308759323775,-78.79632035901861,12.095649974,224.72243793560006
1508813321000.0,187500,43.00226259316968,-78.79640288570172,12.068446604,225.61058363560008
1508813322000.0,188600,43.00221748658406,-78.7964836336553,12.038421909,226.50968303560006
1508813323000.0,189500,43.00217343396589,-78.79656252011858,11.999454189000003,227.39219893560005
1508813324000.0,190500,43.00213040762196,-78.79663948471598,11.949264164000004,228.27667863560006
1508813325000.0,191500,43.002088404882244,-78.79671441165357,11.896374414000004,225.5629745306001
1508813326000.0,192500,43.00204741650951,-78.79678729273218,11.845969874000005,222.84776809710004
1508813327000.0,193500,43.00200747467236,-78.79685811159828,11.796842214000005,220.14188522170008
1508813328000.0,194500,43.00196860837078,-78.79692682090314,11.740664324000006,221.02244852170006
1508813329000.0,195500,43.001930828645385,-78.79699339890979,11.682530134000006,221.92246372170004
1508813330000.0,196500,43.00189418820391,-78.79705781274542,11.623824664000006,222.84234122170005
1508813331000.0,197500,43.00185869541698,-78.79712004296502,11.559204614000008,223.77306502170003
1508813332000.0,198500,43.00182437328002,-78.79718006254713,11.493006834000006,221.12098261270003
1508813333000.0,199500,43.00179123900005,-78.79723785355965,11.425916904000008,222.07155361270006
1508813334000.0,200500,43.0017592950164,-78.79729340568493,11.349706694000009,219.43766320628004
1508813335000.0,201500,43.00172856308293,-78.7973466568636,11.265769534000007,216.82919013928006
1508813336000.0,202500,43.001699084189596,-78.79739756226789,11.175306234000006,214.23369826742007
1508813337000.0,203500,43.0016708897275,-78.79744607419312,11.079296604000008,215.25179086742006
1508813338000.0,204500,43.001644052068706,-78.79749219270381,10.981692534000006,216.27797936742004
1508813339000.0,205500,43.00161864463777,-78.79753595141293,10.888946004000006,217.31972696742002
1508813340000.0,206500,43.00159474227276,-78.7975774074777,10.797895544000005,218.37756406742002
1508813341000.0,207500,43.00157239519756,-78.79761661933955,10.706243824000005,219.45342696742003
1508813342000.0,208500,43.00155165833843,-78.79765359953417,10.614294634000006,220.55415026742
1508813343000.0,209500,43.00153253859723,-78.79768843500739,10.519684834000005,221.66931136742002
1508813344000.0,210500,43.00151506066438,-78.79772124886786,10.422474004000005,222.82521186742
1508813345000.0,211500,43.00149932488074,-78.79775218540995,10.321572869000004,224.03592106742
1508813346000.0,212500,43.00148537463292,-78.79778134063021,10.213165449000003,225.29429936742
1508813347000.0,213500,43.00147324389436,-78.79780877438219,10.101886439000003,226.57450036741997
1508813348000.0,214500,43.00146300509362,-78.79783458576394,9.993516452000003,227.92951926741998
1508813349000.0,215500,43.001454712090215,-78.79785886859283,9.891215472000004,225.72586337241995
1508813350000.0,216500,43.001448358669606,-78.7978817606228,9.792863682000004,227.13321237241996
1508813351000.0,217500,43.001443984897634,-78.79790333811627,9.689589132000004,224.99617185041996
1508813352000.0,218500,43.001441595951434,-78.79792370556046,9.579939536000003,226.47660065041998
1508813353000.0,219500,43.001441218520156,-78.79794303460903,9.473009423000002,224.43100129642
1508813354000.0,220500,43.00144287898712,-78.79796140681646,9.357907343000003,222.44603428942
1508813355000.0,221500,43.00144655852269,-78.79797892972138,9.237895017000003,220.43048143121996
1508813356000.0,222500,43.00145215582185,-78.7979957127182,9.106592527000002,218.44596626121995
1508813357000.0,223500,43.00145960146551,-78.79801183683622,8.975048231000002,216.54629856621992
1508813358000.0,224500,43.00146889896018,-78.79802740450201,8.825734983,214.62545846621992
1508813359000.0,225500,43.001480018984665,-78.79804260747588,8.694448696,212.75199337421992
1508813360000.0,226500,43.00149298890236,-78.79805763742087,8.571333511,214.46801587421993
1508813361000.0,227500,43.00150792261771,-78.79807262193306,8.460381471000002,216.19059297421995
1508813362000.0,228500,43.00152489544638,-78.79808786597549,8.348220531000003,217.77146867421993
1508813363000.0,229500,43.001543842355694,-78.79810372214897,8.242591526000002,219.17017907421993
1508813364000.0,230500,43.0015646729369,-78.79812048033405,8.142325806,220.4238216742199
1508813365000.0,231500,43.00158720975298,-78.79813826531202,8.058710486000003,221.5046102742199
1508813366000.0,232500,43.00161126280498,-78.7981572694683,7.991397536000002,222.48938787421994
1508813367000.0,233500,43.00163670189996,-78.79817759043468,7.934882406000002,223.44688347421993
1508813368000.0,234500,43.001663464348105,-78.79819925585184,7.888341636000002,224.37340077421996
1508813369000.0,235600,43.00169146864564,-78.79822235931968,7.8590859910000015,225.27646577422
1508813370000.0,236500,43.00172063047669,-78.79824697694767,7.846658031000001,226.17182557421998
1508813371000.0,237500,43.00175087568231,-78.79827316621258,7.850086421000001,227.07406967421997
1508813372000.0,238500,43.00178215820629,-78.79830100195362,7.864677331000001,227.98547317421995
1508813373000.0,239500,43.00181439781736,-78.79833048081268,7.887436361000002,228.89161977421995
1508813374000.0,240500,43.00184756337653,-78.79836159272766,7.919471731000001,229.79016777421992
1508813375000.0,241500,43.00188158418512,-78.79839437723547,7.961256361,230.6728141742199
1508813376000.0,242500,43.00191640706762,-78.79842884586873,8.010409666000001,231.56293967421988
1508813377000.0,243500,43.00195200442711,-78.7984649959581,8.062983326000001,232.4512974742199
1508813378000.0,244500,43.001988355339826,-78.79850282087475,8.126862256,233.3138487742199
1508813379000.0,245500,43.00202536734865,-78.79854235020439,8.20293276,234.1998459742199
1508813380000.0,246500,43.00206296524805,-78.79858362907538,8.285219542,235.0892475742199
1508813381000.0,247500,43.002101148416585,-78.79862668475687,8.367505107,235.9921383742199
1508813382000.0,248500,43.00213993587563,-78.79867154267146,8.44678345,236.9061321742199
1508813383000.0,249500,43.002179340212045,-78.79871818348393,8.524540704999998,237.80455997421987
1508813384000.0,250500,43.002219365484365,-78.79876654911523,8.602248734999998,238.67962147421986
1508813385000.0,251500,43.002259955334296,-78.79881658883397,8.683557739999998,239.54118077421984
1508813386000.0,252500,43.00230104886104,-78.79886819104694,8.771672037999997,240.27519967421983
1508813387000.0,253500,43.00234259283115,-78.7989212579182,8.862809530999996,240.93279407421983
1508813388000.0,254500,43.002384560677456,-78.79897564274147,8.945831963999996,241.3705336742198
1508813389000.0,255500,43.00242690940977,-78.79903112326467,9.021403383999997,241.62326457421983
1508813390000.0,256500,43.00246946725748,-78.79908745842016,9.088243243999997,241.64847997421984
1508813391000.0,257500,43.00251215912079,-78.79914439158193,9.139485213999997,241.6705191742199
1508813392000.0,258500,43.0025550465764,-78.7992019348871,9.197101203999996,241.7562816742199
1508813393000.0,259600,43.002598229404185,-78.7992601971339,9.264606443999996,241.88259897421986
1508813394000.0,260500,43.00264175264323,-78.7993193101359,9.347087733999997,242.01620307421987
1508813395000.0,261500,43.002685665864895,-78.79937930674758,9.428009883999998,242.2301797742199
1508813396000.0,262500,43.00272997195918,-78.79944028985052,9.519097001999997,242.4165855742199
1508813397000.0,263500,43.00277464522364,-78.7995024806047,9.628055331999995,242.57015487421987
1508813398000.0,264500,43.002819621198086,-78.79956604280503,9.739491233999996,242.71353327421988
1508813399000.0,265500,43.00286488904263,-78.79963099721529,9.854642389999997,242.77511057421987
1508813400000.0,266500,43.002910413432765,-78.79969729212742,9.972402148999997,242.34287557421987
1508813401000.0,267500,43.002956100996116,-78.79976496695656,10.078467563999999,242.13784137421987
1508813402000.0,268500,43.00300187562918,-78.79983388307531,10.174686099999997,242.24871057421984
1508813403000.0,269600,43.00304765490021,-78.79990394705102,10.266525239999996,242.25910857421982
1508813404000.0,270500,43.00309339220267,-78.79997506031063,10.348416719999998,242.24981537421982
1508813405000.0,271500,43.00313909700783,-78.8000470997282,10.418514053999997,242.25215407421985
1508813406000.0,272500,43.00318475582491,-78.80011998280368,10.484323433999998,242.24459547421984
1508813407000.0,273500,43.00323039832958,-78.80019365726633,10.547165053999999,242.24806107421983
1508813408000.0,274500,43.00327601815782,-78.8002681457567,10.614902097999998,242.23614207421986
1508813409000.0,275500,43.00332160348935,-78.80034351314244,10.687840207999997,242.21312017421988
1508813410000.0,276500,43.003367119551115,-78.80041983213542,10.767523957999996,242.11871527421988
1508813411000.0,277500,43.003412450546215,-78.80049720549319,10.852196290999998,241.85029677421986
1508813412000.0,278600,43.003457434924506,-78.80057579378477,10.937562385999998,241.37130907421985
1508813413000.0,279500,43.00350185675788,-78.80065584207487,11.020213831999998,240.64659147421986
1508813414000.0,280500,43.00354552534366,-78.80073762108631,11.087218631999997,239.81091547421988
1508813415000.0,281500,43.00358831204942,-78.8008213538141,11.143368351999998,242.50315993421987
1508813416000.0,282500,43.00363008204576,-78.80090711915453,11.184980961999997,245.1644587422199
1508813417000.0,283500,43.003670724959086,-78.80099495128545,11.221774631999999,247.79399195221993
1508813418000.0,284500,43.003710260090855,-78.80108487840366,11.271374922,250.4600076682199
1508813419000.0,285500,43.00374877910836,-78.80117683774169,11.325386082,253.14531683861992
1508813420000.0,286500,43.00378630585224,-78.8012707583379,11.377755962000002,252.2543384386199
1508813421000.0,287500,43.003822824085866,-78.80136664841886,11.431083952000002,251.35720923861987
1508813422000.0,288500,43.00385833783984,-78.80146453826922,11.487564777,250.46148183861987
1508813423000.0,289500,43.00389284589613,-78.80156446231122,11.544691346999999,249.5697874386199
1508813424000.0,290500,43.00392634255168,-78.80166644010427,11.603635261999997,248.6683071386199
1508813425000.0,291500,43.00395880220676,-78.80177052891786,11.663647641999999,251.3534535436199
1508813426000.0,292500,43.003990217944704,-78.80187674167706,11.721359831999997,254.04655317711993
1508813427000.0,293500,43.00402058300456,-78.80198508067528,11.774996272,256.7357136525199
1508813428000.0,294500,43.00404989863595,-78.80209555778661,11.832182901999998,255.8546235525199
1508813429000.0,295500,43.00407818019394,-78.8022081486504,11.888611911999996,254.95530785251995
1508813430000.0,296500,43.00410540581454,-78.80232288040627,11.945720151999996,254.05037685251992
1508813431000.0,297500,43.004131591226106,-78.80243975720605,12.008228141999997,253.14903655251993
1508813432000.0,298500,43.004156767313276,-78.80255879735658,12.070920741999997,255.84731856151993
1508813433000.0,299500,43.00418093841815,-78.80267994891446,12.125204301999995,254.94385156151992
1508813434000.0,300500,43.004204093426814,-78.80280316420081,12.188176491999993,257.62014516793994
1508813435000.0,301500,43.00422625563043,-78.80292842354474,12.246647741999993,260.3040070349399
1508813436000.0,302600,43.00424747570787,-78.80305564706966,12.301594321999994,263.0019762067999
1508813437000.0,303500,43.0042678060223,-78.80318475164121,12.353920081999993,262.12441030679986
1508813438000.0,304500,43.0042872776092,-78.80331570119051,12.403277551999995,261.28001340679987
1508813439000.0,305500,43.004305916074465,-78.80344846160312,12.450574971999995,260.4687426067999
1508813440000.0,306500,43.004323801340895,-78.80358299829442,12.496303891999997,259.7058341067999
1508813441000.0,307500,43.00434107915852,-78.80371925468282,12.542234721999996,259.01168910679985
1508813442000.0,308500,43.004357902169374,-78.80385717286967,12.586665751999995,258.3605626067999
1508813443000.0,309500,43.00437441600938,-78.80399663068474,12.633530621999993,257.7598885067999
1508813444000.0,310500,43.00439074889905,-78.804137502732,12.681219841999994,257.19538720679986
1508813445000.0,311500,43.00440699213323,-78.80427970292376,12.732410566999995,256.68185190679986
1508813446000.0,312500,43.00442325791878,-78.80442315719571,12.787331856999995,256.1732133067998
1508813447000.0,313500,43.00443962374307,-78.8045678527439,12.848926876999995,255.71456850679985
1508813448000.0,314500,43.00445613838197,-78.80471375421115,12.911050418999997,255.25219360679984
1508813449000.0,315500,43.004472856056644,-78.80486087842317,12.977790538999997,258.4021560017998
1508813450000.0,316500,43.00448980815447,-78.80500923609526,13.046153938999998,257.95973400179986
1508813451000.0,317500,43.004507003546834,-78.80515887533225,13.119563468999997,261.08477372379986
1508813452000.0,318500,43.004524486830526,-78.80530980584304,13.202142914999998,260.6264024237998
1508813453000.0,319500,43.00454227165814,-78.80546198648408,13.271982767999996,263.7564748777998
1508813454000.0,320500,43.00456037779699,-78.80561533840425,13.342273667999995,266.8919418847998
1508813455000.0,321500,43.00457887507952,-78.80576982254627,13.421814273999995,270.06856804299986
1508813456000.0,322500,43.00459782661733,-78.80592541063865,13.506296753999997,273.20750481299984
1508813457000.0,323500,43.00461725055269,-78.80608210795586,13.588557109999996,276.29569440799986
1508813458000.0,324500,43.00463716907686,-78.8062399310616,13.681779117999998,279.42415300799985
1508813459000.0,325500,43.00465760373526,-78.806398836204,13.769253864999996,282.57452459999985
1508813460000.0,326500,43.004678525825824,-78.80655878794971,13.854624469999997,282.16244849999987
1508813461000.0,327500,43.004699870013155,-78.8067197705707,13.928011989999995,281.78812719999985
1508813462000.0,328500,43.004721600340396,-78.80688167383781,14.004467499999997,281.58770369999985
1508813463000.0,329500,43.0047437837976,-78.8070442721135,14.075331434999995,281.60996259999985
1508813464000.0,330500,43.00476653475085,-78.8072072881892,14.144436024999997,281.82093859999986
1508813465000.0,331500,43.00479003777378,-78.80737045642611,14.208201314999998,282.22952489999983
1508813466000.0,332500,43.004814529623765,-78.80753347060853,14.262169104999998,282.79639759999986
1508813467000.0,333500,43.00484017908254,-78.80769614762214,14.315630784999998,283.41475199999985
1508813468000.0,334500,43.004867030649145,-78.80785831191571,14.359378995,284.1022927999998
1508813469000.0,335500,43.00489517365301,-78.80801972545088,14.397189544999998,284.84236739999983
1508813470000.0,336600,43.00492468401405,-78.80818022930579,14.428604254999998,285.5898444999998
1508813471000.0,337500,43.00495559162628,-78.80833974122828,14.459450734999997,286.3285904999998
1508813472000.0,338600,43.00498792464354,-78.80849821037081,14.491771604999999,287.07109099999985
1508813473000.0,339500,43.005021706652954,-78.80865563638382,14.524603625,287.7948827999998
1508813474000.0,340500,43.00505693551996,-78.80881205836087,14.558516065,288.52167199999985
1508813475000.0,341500,43.00509364231838,-78.80896743917202,14.591235004999998,289.25084099999987
1508813476000.0,342500,43.00513181308643,-78.80912180695894,14.623196465,289.96479569999985
1508813477000.0,343500,43.00517142230867,-78.80927511949471,14.649289185,290.68814929999985
1508813478000.0,344500,43.005212413537095,-78.80942731802936,14.666607824999998,291.39063189999985
1508813479000.0,345500,43.00525475853624,-78.80957835286743,14.680441714999999,292.0983497999998
1508813480000.0,346500,43.00529842493981,-78.8097282137901,14.686866279999998,292.81535699999984
1508813481000.0,347500,43.005343361388725,-78.80987685660847,14.687297665,293.52917079999986
1508813482000.0,348600,43.005389554865836,-78.81002432077834,14.693678714999999,294.2289113999999
1508813483000.0,349500,43.0054370264082,-78.8101706406375,14.704433484999997,294.9288756999999
1508813484000.0,350500,43.005485801457226,-78.8103158648866,14.719342604999998,295.6290529999999
1508813485000.0,351500,43.005535897683224,-78.81046005783293,14.735830214999996,296.32752519999997
1508813486000.0,352500,43.00558729919422,-78.81060322823585,14.750741494999998,297.01682859999994
1508813487000.0,353500,43.00563997816702,-78.81074536789245,14.761455334999999,297.7187848
1508813488000.0,354500,43.005693908780366,-78.81088638735123,14.766648244999999,298.42257689999997
1508813489000.0,355500,43.005749052819986,-78.81102620133585,14.769153305,299.1382005
1508813490000.0,356500,43.005805375259605,-78.81116471373906,14.767707844999997,299.8679457
1508813491000.0,357500,43.00586281801747,-78.81130193965981,14.778653355,300.62198259999997
1508813492000.0,358500,43.00592132196594,-78.81143773930918,14.783237714999999,301.3519695
1508813493000.0,359600,43.00598075315873,-78.81157199389999,14.783628114999999,302.0628729
1508813494000.0,360500,43.0060410599377,-78.811704685152,14.783649924999999,302.76271569999994
1508813495000.0,361500,43.006102218632996,-78.81183588941616,14.791192545000001,303.42936579999997
1508813496000.0,362500,43.00616422178326,-78.81196565870097,14.800214875000002,304.1031967
1508813497000.0,363500,43.00622708827144,-78.81209395997486,14.807214745000001,304.80249480000003
1508813498000.0,364600,43.006290889782804,-78.8122207421748,14.818182805000001,305.5005196
1508813499000.0,365500,43.006355642610416,-78.81234608245445,14.834048825000002,306.2085168
1508813500000.0,366500,43.00642138853518,-78.81246999603125,14.847716335000003,306.9572571
1508813501000.0,367500,43.006488215416766,-78.81259244976037,14.860378415000003,307.7577085
1508813502000.0,368500,43.006556163414444,-78.81271344851837,14.866953115000001,308.5893385
1508813503000.0,369500,43.006625230876935,-78.812833007226,14.859930465000001,309.455023
1508813504000.0,370500,43.00669534311473,-78.81295113921259,14.843837135000001,310.3203068
1508813505000.0,371500,43.00676640886414,-78.81306783229086,14.824245145000003,311.1796362
1508813506000.0,372500,43.006838390155636,-78.81318303427935,14.796609075000001,312.04764040000003
1508813507000.0,373500,43.00691125734407,-78.81329671785379,14.761231545000001,312.9148871
1508813508000.0,374500,43.006984957767514,-78.81340882091787,14.716020435,313.78604190000004
1508813509000.0,375500,43.00705941836989,-78.81351928434253,14.656710752000002,314.6635123
1508813510000.0,376500,43.007134507479826,-78.81362807194573,14.576990422000002,315.530113
1508813511000.0,377500,43.007210076148894,-78.81373512896963,14.480600398000002,316.421085
1508813512000.0,378500,43.00728599612122,-78.8138403958043,14.364445662000003,317.29656379999994
1508813513000.0,379500,43.00736220433739,-78.8139438158017,14.237197151000002,318.1947456
1508813514000.0,380500,43.007438631316546,-78.81404536791257,14.102525244000002,319.0824291999999
1508813515000.0,381500,43.00751524060986,-78.81414500680518,13.969028786,316.4149918499999
1508813516000.0,382500,43.00759205550335,-78.81424275477475,13.839865276000003,313.7224968779999
1508813517000.0,383600,43.00766909621533,-78.81433859070816,13.698857536000002,314.60790737799994
1508813518000.0,384500,43.0077462921204,-78.81443247979472,13.544824117000003,315.2657985779999
1508813524000.0,390500,43.007823646560645,-78.81452451664124,13.401895049000002,316.0569109779999
1508813525000.0,391500,43.00790123292434,-78.81461476198928,13.274675020000002,316.6080956779999
1508813526000.0,392500,43.00797913615464,-78.81470336393521,13.157845906000002,317.0740020779999
1508813527000.0,393500,43.00805731230737,-78.81479053124191,13.052693859000003,317.2610206779999
1508813528000.0,394500,43.0081356350373,-78.8148765488694,12.965828369000002,317.3182951779999
1508813529000.0,395500,43.00821400800478,-78.81496164599858,12.894427219000004,317.3310421779999
1508813530000.0,396500,43.00829240176644,-78.81504597683373,12.833682969000003,317.3219248779999
1508813531000.0,397500,43.00837080130296,-78.81512966790959,12.781761089000003,317.3054296779999
1508813532000.0,398500,43.00844920154539,-78.81521280034534,12.733796879000003,317.30596347799985
1508813533000.0,399500,43.008527579407904,-78.81529538587958,12.685370304000003,317.27770697799986
1508813534000.0,400500,43.00860591073647,-78.81537735967618,12.629067694000003,317.25966367799987
1508813535000.0,401500,43.00868422524964,-78.81545858984579,12.563983954000003,317.25371297799984
1508813536000.0,402500,43.00876252458264,-78.81553887923685,12.477673544000002,317.23328547799986
1508813537000.0,403500,43.00884083427063,-78.81561797558473,12.373859999,317.2750612779999
1508813538000.0,404500,43.008919288993724,-78.81569567975265,12.263277764000001,317.5355277779999
1508813539000.0,405500,43.00899812092748,-78.81577178182461,12.146639720000003,318.07897777799985
1508813540000.0,406500,43.009077537216314,-78.8158460560275,12.043773040000003,318.9224631779999
1508813541000.0,407500,43.00915760415376,-78.81591831536566,11.957746310000003,316.26737241399985
1508813542000.0,408500,43.00923836198312,-78.81598856238483,11.889688100000003,313.6021371569999
1508813543000.0,409500,43.00931987483627,-78.81605679318595,11.833423140000003,310.9100240499999
1508813544000.0,410500,43.009402202017625,-78.81612307235997,11.786814940000001,308.1681349209999
1508813545000.0,411500,43.00948536923232,-78.81618744958767,11.749876210000002,305.3720017339999
1508813546000.0,412500,43.00956930672863,-78.81625001254687,11.723871100000004,302.50955134899993
1508813547000.0,413500,43.00965396170188,-78.81631082277882,11.706594150000006,299.5879968659999
1508813548000.0,414500,43.00973929723873,-78.81636999843926,11.703800200000005,296.63520960099993
1508813549000.0,415500,43.00982526429847,-78.81642764984325,11.704170550000006,293.6436391429999
1508813550000.0,416500,43.0099118052139,-78.81648385887468,11.706967720000005,290.60733431599994
1508813551000.0,417500,43.00999886914244,-78.81653870253314,11.714953970000003,287.55189043499996
1508813552000.0,418500,43.010086445825245,-78.8165921514888,11.724741490000003,284.48635206499995
1508813553000.0,419500,43.010174448729,-78.81664429134317,11.722726695000004,281.35469095559995
1508813554000.0,420500,43.01026277289986,-78.81669519312779,11.716376485000003,278.2053526946
1508813555000.0,421500,43.01035137911734,-78.81674484634006,11.708572285000002,275.0570726148
1508813556000.0,422500,43.01044024038272,-78.81679322101795,11.691641885000003,271.92590653279996
1508813557000.0,423500,43.01052926481525,-78.8168403117979,11.660201705000004,272.3881474328
1508813558000.0,424500,43.01061836834391,-78.81688615221113,11.627965795000005,269.24325014379997
1508813559000.0,425500,43.010707424111445,-78.81693082580898,11.582792690000005,266.0744998878
1508813560000.0,426500,43.01079624645522,-78.81697440066043,11.519070412000005,266.49307988780004
1508813561000.0,427500,43.01088476770902,-78.81701688585085,11.451552652000005,263.3512127078
1508813562000.0,428500,43.01097296328661,-78.81705827318241,11.380144847000006,260.22567034080004
1508813563000.0,429500,43.01106076844585,-78.81709856979369,11.300607287000005,257.1452458508
1508813564000.0,430500,43.01114809652346,-78.8171376991721,11.216785411000005,254.2223479808
1508813565000.0,431500,43.01123486624035,-78.81717549605581,11.123601204000003,251.5451974508
1508813566000.0,432500,43.0113209094647,-78.8172118319874,11.026883562000002,249.1237801508
1508813567000.0,433500,43.01140611160745,-78.81724660328524,10.925971232000002,246.9103013508
1508813568000.0,434500,43.01149040637196,-78.81727977938783,10.830668327000003,244.7118816008
1508813569000.0,435500,43.01157374723101,-78.81731135329706,10.740771257000004,242.4715188008
1508813570000.0,436500,43.01165602058317,-78.81734132412868,10.657017162000002,240.2385107008
1508813571000.0,437500,43.0117370907933,-78.81736967946995,10.576252382000002,237.98886026079998
1508813572000.0,438500,43.011816846597874,-78.81739646747045,10.491304316000003,235.7001862208
1508813573000.0,439500,43.011895280898095,-78.81742182772774,10.405581061000003,233.3254366208
1508813574000.0,440500,43.01197239301386,-78.8174459414028,10.309074105000002,230.86519512079997
1508813575000.0,441500,43.01204816456666,-78.8174689092762,10.206065185000002,228.3505524208
1508813576000.0,442500,43.01212264916105,-78.81749077714073,10.092772135,225.70267332080002
1508813577000.0,443600,43.01219590893232,-78.81751159188735,9.969766356000001,222.86459552079998
1508813578000.0,444500,43.01226803319257,-78.81753145768836,9.842836975,219.7580456208
1508813579000.0,445500,43.01233909552924,-78.81755049490866,9.715933001000002,216.4856804308
1508813580000.0,446500,43.012409137757935,-78.81756879236535,9.591951701000001,213.0832942598
1508813581000.0,447500,43.012478228769744,-78.81758636542345,9.473261561000001,213.25861595979998
1508813582000.0,448500,43.01254640626423,-78.81760329662242,9.361168823,213.42944935979997
1508813583000.0,449500,43.01261368719023,-78.81761960468579,9.249714888000002,213.59733455979998
1508813584000.0,450500,43.01268006841513,-78.81763528335127,9.140168458,210.2017145518
1508813585000.0,451500,43.0127455422175,-78.81765033903885,9.031071154000001,210.36663335179998
1508813586000.0,452500,43.01281016788719,-78.81766480943622,8.931690894,210.54581475179995
1508813587000.0,453500,43.01287398351457,-78.81767864124853,8.835331034000001,207.14050993479995
1508813588000.0,454500,43.01293702976407,-78.81769178863357,8.741942764000001,203.76458881779996
1508813589000.0,455500,43.01299932077553,-78.81770421836609,8.650164490000002,200.38525684979996
1508813590000.0,456500,43.013060856883556,-78.81771593149512,8.558896010000002,196.99111954579993
1508813591000.0,457600,43.01312165051493,-78.81772694258167,8.467077765,193.60737793879994
1508813592000.0,458500,43.01318166985834,-78.8177372475826,8.367427031000002,190.23694317879992
1508813593000.0,459500,43.0132408777447,-78.81774690411679,8.267773611000003,186.8326563557999
1508813594000.0,460500,43.01329924252307,-78.81775597145456,8.164583171000002,183.44468696579992
1508813595000.0,461500,43.01335667548739,-78.81776454513857,8.051364213000001,180.01225698979994
1508813596000.0,462500,43.01341308479532,-78.81777279834098,7.931411529000002,180.0094151897999
1508813597000.0,463500,43.01346840680055,-78.81778088893236,7.806538746000002,179.8884883897999
1508813598000.0,464500,43.01352263678115,-78.81778891500154,7.681928329000002,179.6969509897999
1508813599000.0,465500,43.01357577537864,-78.81779688158505,7.559199372000003,179.59399108979989
1508813600000.0,466500,43.0136278397697,-78.8178048092961,7.438727816000003,179.47542448979988
1508813601000.0,467500,43.013678811530426,-78.81781268993993,7.314094392000003,179.23848778979988
1508813602000.0,468500,43.013728662638776,-78.81782049194562,7.187938823000003,179.15616718979985
1508813603000.0,469500,43.01377739837628,-78.81782818314775,7.061615447000004,179.16117878979986
1508813604000.0,470500,43.01382502263527,-78.81783570348169,6.933613611000004,175.68818558979987
1508813605000.0,471500,43.013871536187274,-78.81784302850694,6.8037359480000035,172.23096491979987
1508813606000.0,472500,43.01391695619065,-78.81785016602048,6.681889909000003,168.7843294097999
1508813607000.0,473500,43.01396134528951,-78.81785714479402,6.566315630000004,165.25744686279992
1508813608000.0,474500,43.01400478213919,-78.81786398362341,6.462339892000004,165.2940285627999
1508813609000.0,475500,43.01404736971188,-78.81787075083501,6.370114176000003,165.03242666279988
1508813610000.0,476500,43.01408916193171,-78.8178775233748,6.280151543000004,164.62987776279988
1508813611000.0,477500,43.014130171538106,-78.81788436709577,6.196056361000005,164.0701456627999
1508813612000.0,478500,43.01417040672365,-78.81789128221658,6.113799297000005,163.57620736279986
1508813613000.0,479500,43.014209884356326,-78.81789826269345,6.037837382000005,162.72191476279988
1508813614000.0,480500,43.01424865523343,-78.81790533628102,5.970859558000004,161.82772386279987
1508813615000.0,481500,43.01428683284721,-78.81791250604356,5.920612349000004,160.80325156279986
1508813616000.0,482500,43.014324572960234,-78.81791977539633,5.881702288000005,159.95408556279986
