system_time,timestamp,lat,lon,speed,bearing
8800,1508813142293.0,43.00384848113872,-78.78813112418696,2.2969356,0.0
8900,,,,,
9000,,,,,
9100,,,,,
9200,,,,,
9300,,,,,
9400,,,,,
9500,,,,,
9600,,,,,
9700,,,,,
9800,,,,,
9900,,,,,
10000,,,,,
10100,,,,,
10200,,,,,
10300,,,,,
10400,,,,,
10500,,,,,
10600,,,,,
10700,,,,,
10800,1508813144291.0,43.003875149837064,-78.78814177872003,2.6906903,0.0
10900,,,,,
11000,,,,,
11100,,,,,
11200,,,,,
11300,,,,,
11400,,,,,
11500,,,,,
11600,,,,,
11700,,,,,
11800,1508813145000.0,43.00389595985979,-78.78812828814728,3.5647433,0.0
11900,,,,,
12000,,,,,
12100,,,,,
12200,,,,,
12300,,,,,
12400,,,,,
12500,1508813146000.0,43.003919517983455,-78.78813719513585,4.034836,0.0
12600,,,,,
12700,,,,,
12800,,,,,
12900,,,,,
13000,,,,,
13100,,,,,
13200,,,,,
13300,,,,,
13400,,,,,
13500,1508813147000.0,43.00395678470255,-78.78827460309122,4.9011545,334.7771600000001
13600,,,,,
13700,,,,,
13800,,,,,
13900,,,,,
14000,,,,,
14100,,,,,
14200,,,,,
14300,,,,,
14400,,,,,
14500,1508813148000.0,43.00401200276786,-78.78830544640272,5.341284,322.3885
14600,,,,,
14700,,,,,
14800,,,,,
14900,,,,,
15000,,,,,
15100,,,,,
15200,,,,,
15300,,,,,
15400,,,,,
15500,1508813149000.0,43.004056423961174,-78.78834148096377,6.2324133,307.86047
15600,,,,,
15700,,,,,
15800,,,,,
15900,,,,,
16000,,,,,
16100,,,,,
16200,,,,,
16300,,,,,
16400,,,,,
16500,1508813150000.0,43.00409216352893,-78.78840596139923,7.032803,297.5629600000001
16600,,,,,
16700,,,,,
16800,,,,,
16900,,,,,
17000,,,,,
17100,,,,,
17200,,,,,
17300,,,,,
17400,,,,,
17500,1508813151000.0,43.00411954363449,-78.78848516848139,7.658282000000002,292.34268
17600,,,,,
17700,,,,,
17800,,,,,
17900,,,,,
18000,,,,,
18100,,,,,
18200,,,,,
18300,,,,,
18400,,,,,
18500,1508813148293.0,43.005123840078745,-78.78719413181864,4.518045,144.37657
18600,,,,,
18700,,,,,
18800,,,,,
18900,,,,,
19000,,,,,
19100,,,,,
19200,,,,,
19300,,,,,
19400,,,,,
19500,1508813153000.0,43.00416513618849,-78.7886920123028,9.15929,281.73486
19600,,,,,
19700,,,,,
19800,,,,,
19900,,,,,
20000,,,,,
20100,,,,,
20200,,,,,
20300,,,,,
20400,,,,,
20500,1508813154000.0,43.00417836950056,-78.78880581729432,9.277117,279.72903
20600,,,,,
20700,,,,,
20800,,,,,
20900,,,,,
21000,,,,,
21100,,,,,
21200,,,,,
21300,,,,,
21400,,,,,
21500,1508813155000.0,43.00418488881094,-78.78892046829493,9.240797,276.71875
21600,,,,,
21700,,,,,
21800,,,,,
21900,,,,,
22000,,,,,
22100,,,,,
22200,,,,,
22300,,,,,
22400,,,,,
22500,1508813156000.0,43.00419187777653,-78.78903629628336,9.0999,276.21118
22600,,,,,
22700,,,,,
22800,,,,,
22900,,,,,
23000,,,,,
23100,,,,,
23200,,,,,
23300,,,,,
23400,,,,,
23500,1508813157000.0,43.004198774356716,-78.78914732829334,8.5972805,274.0604
23600,,,,,
23700,,,,,
23800,,,,,
23900,,,,,
24000,,,,,
24100,,,,,
24200,,,,,
24300,,,,,
24400,,,,,
24500,1508813158000.0,43.00420274465455,-78.78924811695619,7.830247999999999,272.1047
24600,,,,,
24700,,,,,
24800,,,,,
24900,,,,,
25000,,,,,
25100,,,,,
25200,,,,,
25300,,,,,
25400,,,,,
25500,1508813159000.0,43.004202922888965,-78.78933921937384,7.0028543,267.9168
25600,,,,,
25700,,,,,
25800,,,,,
25900,,,,,
26000,,,,,
26100,,,,,
26200,,,,,
26300,,,,,
26400,,,,,
26500,1508813160000.0,43.00420119304266,-78.78941505689049,5.3901,267.25574
26600,,,,,
26700,,,,,
26800,,,,,
26900,,,,,
27000,,,,,
27100,,,,,
27200,,,,,
27300,,,,,
27400,,,,,
27500,1508813161000.0,43.00419962127637,-78.7894697506462,3.8630698,267.4268
27600,,,,,
27700,,,,,
27800,,,,,
27900,,,,,
28000,,,,,
28100,,,,,
28200,,,,,
28300,,,,,
28400,,,,,
28500,1508813162000.0,43.004200326410725,-78.78951300153399,3.5215056,273.62985
28600,,,,,
28700,,,,,
28800,,,,,
28900,,,,,
29000,,,,,
29100,,,,,
29200,,,,,
29300,,,,,
29400,,,,,
29500,1508813163000.0,43.00420966912919,-78.78955001008478,3.5094597000000003,295.2255
29600,,,,,
29700,,,,,
29800,,,,,
29900,,,,,
30000,,,,,
30100,,,,,
30200,,,,,
30300,,,,,
30400,,,,,
30500,1508813164000.0,43.00423109814993,-78.78958770903154,4.521659400000001,312.72696
30600,,,,,
30700,,,,,
30800,,,,,
30900,,,,,
31000,,,,,
31100,,,,,
31200,,,,,
31300,,,,,
31400,,,,,
31500,1508813165000.0,43.00426936801367,-78.7896177906957,5.645336,331.29572
31600,,,,,
31700,,,,,
31800,,,,,
31900,,,,,
32000,,,,,
32100,,,,,
32200,,,,,
32300,,,,,
32400,,,,,
32500,1508813166000.0,43.00432868685682,-78.78963741413067,7.227015,344.92847
32600,,,,,
32700,,,,,
32800,,,,,
32900,,,,,
33000,,,,,
33100,,,,,
33200,,,,,
33300,,,,,
33400,,,,,
33500,1508813167000.0,43.004407537332476,-78.78964950334641,8.7942705,351.04214
33600,,,,,
33700,,,,,
33800,,,,,
33900,,,,,
34000,,,,,
34100,,,,,
34200,,,,,
34300,,,,,
34400,,,,,
34500,1508813168000.0,43.004500256204174,-78.78965404103114,10.08763,354.96738
34600,,,,,
34700,,,,,
34800,,,,,
34900,,,,,
35000,,,,,
35100,,,,,
35200,,,,,
35300,,,,,
35400,,,,,
35500,1508813169000.0,43.004601316580974,-78.78965300843295,10.776801,357.6140000000001
35600,,,,,
35700,,,,,
35800,,,,,
35900,,,,,
36000,,,,,
36100,,,,,
36200,,,,,
36300,,,,,
36400,,,,,
36500,1508813170000.0,43.004704543791725,-78.78964717879063,10.537003,359.61557
36600,,,,,
36700,,,,,
36800,,,,,
36900,,,,,
37000,,,,,
37100,,,,,
37200,,,,,
37300,,,,,
37400,,,,,
37500,1508813171000.0,43.00480140451821,-78.7896422931111,10.116064,1.7397546999999998
37600,,,,,
37700,,,,,
37800,,,,,
37900,,,,,
38000,,,,,
38100,,,,,
38200,,,,,
38300,,,,,
38400,,,,,
38500,1508813168284.5,43.00556707327201,-78.78783005193851,4.8145,2.6169185
38600,,,,,
38700,,,,,
38800,,,,,
38900,,,,,
39000,,,,,
39100,,,,,
39200,,,,,
39300,,,,,
39400,,,,,
39500,,,,,
39600,1508813173000.0,43.004964540098285,-78.78962718830392,7.8878555,2.339317
39700,,,,,
39800,,,,,
39900,,,,,
40000,,,,,
40100,,,,,
40200,,,,,
40300,,,,,
40400,,,,,
40500,1508813174000.0,43.00502347255789,-78.78962776059267,5.982535,359.75052
40600,,,,,
40700,,,,,
40800,,,,,
40900,,,,,
41000,,,,,
41100,,,,,
41200,,,,,
41300,,,,,
41400,,,,,
41500,1508813175000.0,43.00506629546045,-78.78962944882451,4.5129633,2.190466
41600,,,,,
41700,,,,,
41800,,,,,
41900,,,,,
42000,,,,,
42100,,,,,
42200,,,,,
42300,,,,,
42400,,,,,
42500,1508813176000.0,43.005096500663825,-78.78963065921647,3.1049182,0.32380104
42600,,,,,
42700,,,,,
42800,,,,,
42900,,,,,
43000,,,,,
43100,,,,,
43200,,,,,
43300,,,,,
43400,,,,,
43500,1508813177000.0,43.00511248644413,-78.78963271722728,1.5357345,1.0623956
43600,,,,,
43700,,,,,
43800,,,,,
43900,,,,,
44000,,,,,
44100,,,,,
44200,,,,,
44300,,,,,
44400,,,,,
44500,,,,,
44600,,,,,
44700,,,,,
44800,,,,,
44900,,,,,
45000,,,,,
45100,,,,,
45200,,,,,
45300,,,,,
45400,,,,,
45500,,,,,
45600,,,,,
45700,,,,,
45800,,,,,
45900,,,,,
46000,,,,,
46100,,,,,
46200,,,,,
46300,,,,,
46400,,,,,
46500,1508813180000.0,43.00509216985292,-78.789629092407,1.2345533000000002,150.94006000000005
46600,,,,,
46700,,,,,
46800,,,,,
46900,,,,,
47000,,,,,
47100,,,,,
47200,,,,,
47300,,,,,
47400,,,,,
47500,1508813181000.0,43.00507817466956,-78.78962883988855,1.5058391000000002,185.83441
47600,,,,,
47700,,,,,
47800,,,,,
47900,,,,,
48000,,,,,
48100,,,,,
48200,,,,,
48300,,,,,
48400,,,,,
48500,1508813182000.0,43.00506367002039,-78.78963138420427,1.275217,196.53572
48600,,,,,
48700,,,,,
48800,,,,,
48900,,,,,
49000,,,,,
49100,,,,,
49200,,,,,
49300,,,,,
49400,,,,,
49500,1508813183000.0,43.00505264515688,-78.78963699858237,1.2443024,211.09203
49600,,,,,
49700,,,,,
49800,,,,,
49900,,,,,
50000,,,,,
50100,,,,,
50200,,,,,
50300,,,,,
50400,,,,,
50500,1508813184000.0,43.0050442392372,-78.78964245001043,1.2194513,225.23882000000003
50600,,,,,
50700,,,,,
50800,,,,,
50900,,,,,
51000,,,,,
51100,,,,,
51200,,,,,
51300,,,,,
51400,,,,,
51500,,,,,
51600,,,,,
51700,,,,,
51800,,,,,
51900,,,,,
52000,,,,,
52100,,,,,
52200,,,,,
52300,,,,,
52400,,,,,
52500,,,,,
52600,,,,,
52700,,,,,
52800,,,,,
52900,,,,,
53000,,,,,
53100,,,,,
53200,,,,,
53300,,,,,
53400,,,,,
53500,,,,,
53600,,,,,
53700,,,,,
53800,,,,,
53900,,,,,
54000,,,,,
54100,,,,,
54200,,,,,
54300,,,,,
54400,,,,,
54500,,,,,
54600,,,,,
54700,,,,,
54800,,,,,
54900,,,,,
55000,,,,,
55100,,,,,
55200,,,,,
55300,,,,,
55400,,,,,
55500,,,,,
55600,,,,,
55700,,,,,
55800,,,,,
55900,,,,,
56000,,,,,
56100,,,,,
56200,,,,,
56300,,,,,
56400,,,,,
56500,,,,,
56600,,,,,
56700,,,,,
56800,,,,,
56900,,,,,
57000,,,,,
57100,,,,,
57200,,,,,
57300,,,,,
57400,,,,,
57500,,,,,
57600,,,,,
57700,,,,,
57800,,,,,
57900,,,,,
58000,,,,,
58100,,,,,
58200,,,,,
58300,,,,,
58400,,,,,
58500,,,,,
58600,,,,,
58700,,,,,
58800,,,,,
58900,,,,,
59000,,,,,
59100,,,,,
59200,,,,,
59300,,,,,
59400,,,,,
59500,,,,,
59600,,,,,
59700,,,,,
59800,,,,,
59900,,,,,
60000,,,,,
60100,,,,,
60200,,,,,
60300,,,,,
60400,,,,,
60500,,,,,
60600,,,,,
60700,,,,,
60800,,,,,
60900,,,,,
61000,,,,,
61100,,,,,
61200,,,,,
61300,,,,,
61400,,,,,
61500,,,,,
61600,,,,,
61700,,,,,
61800,,,,,
61900,,,,,
62000,,,,,
62100,,,,,
62200,,,,,
62300,,,,,
62400,,,,,
62500,,,,,
62600,,,,,
62700,,,,,
62800,,,,,
62900,,,,,
63000,,,,,
63100,,,,,
63200,,,,,
63300,,,,,
63400,,,,,
63500,,,,,
63600,,,,,
63700,,,,,
63800,,,,,
63900,,,,,
64000,,,,,
64100,,,,,
64200,,,,,
64300,,,,,
64400,,,,,
64500,,,,,
64600,,,,,
64700,,,,,
64800,,,,,
64900,,,,,
65000,,,,,
65100,,,,,
65200,,,,,
65300,,,,,
65400,,,,,
65500,,,,,
65600,,,,,
65700,,,,,
65800,,,,,
65900,,,,,
66000,,,,,
66100,,,,,
66200,,,,,
66300,,,,,
66400,,,,,
66500,,,,,
66600,,,,,
66700,,,,,
66800,,,,,
66900,,,,,
67000,,,,,
67100,,,,,
67200,,,,,
67300,,,,,
67400,,,,,
67500,,,,,
67600,,,,,
67700,,,,,
67800,,,,,
67900,,,,,
68000,,,,,
68100,,,,,
68200,,,,,
68300,,,,,
68400,,,,,
68500,,,,,
68600,,,,,
68700,,,,,
68800,,,,,
68900,,,,,
69000,,,,,
69100,,,,,
69200,,,,,
69300,,,,,
69400,,,,,
69500,,,,,
69600,,,,,
69700,,,,,
69800,,,,,
69900,,,,,
70000,,,,,
70100,,,,,
70200,,,,,
70300,,,,,
70400,,,,,
70500,1508813204000.0,43.00507072046982,-78.78964084601209,2.7289789,0.3704663
70600,,,,,
70700,,,,,
70800,,,,,
70900,,,,,
71000,,,,,
71100,,,,,
71200,,,,,
71300,,,,,
71400,,,,,
71500,1508813205000.0,43.00510441437996,-78.78963892940268,4.1539392,0.30429757
71600,,,,,
71700,,,,,
71800,,,,,
71900,,,,,
72000,,,,,
72100,,,,,
72200,,,,,
72300,,,,,
72400,,,,,
72500,1508813206000.0,43.0051496453395,-78.78963985347904,4.940446400000001,352.391
72600,,,,,
72700,,,,,
72800,,,,,
72900,,,,,
73000,,,,,
73100,,,,,
73200,,,,,
73300,,,,,
73400,,,,,
73500,1508813207000.0,43.00520479791889,-78.78964947040785,6.111203700000001,348.3902
73600,,,,,
73700,,,,,
73800,,,,,
73900,,,,,
74000,,,,,
74100,,,,,
74200,,,,,
74300,,,,,
74400,,,,,
74500,1508813208000.0,43.005270655435716,-78.78967101858402,7.8808539999999985,344.6748
74600,,,,,
74700,,,,,
74800,,,,,
74900,,,,,
75000,,,,,
75100,,,,,
75200,,,,,
75300,,,,,
75400,,,,,
75500,1508813209000.0,43.005345475449694,-78.78970406745101,8.672485,340.57037
75600,,,,,
75700,,,,,
75800,,,,,
75900,,,,,
76000,,,,,
76100,,,,,
76200,,,,,
76300,,,,,
76400,,,,,
76500,1508813210000.0,43.00542082340949,-78.78975412937704,9.13949,331.37643
76600,,,,,
76700,,,,,
76800,,,,,
76900,,,,,
77000,,,,,
77100,,,,,
77200,,,,,
77300,,,,,
77400,,,,,
77500,1508813211000.0,43.00548840002357,-78.78982431575731,9.379057,313.1122
77600,,,,,
77700,,,,,
77800,,,,,
77900,,,,,
78000,,,,,
78100,,,,,
78200,,,,,
78300,,,,,
78400,,,,,
78500,,,,,
78600,1508813212000.0,43.00553770541168,-78.78993093358969,10.26959,295.3523
78700,,,,,
78800,,,,,
78900,,,,,
79000,,,,,
79100,,,,,
79200,,,,,
79300,,,,,
79400,,,,,
79500,1508813213000.0,43.00556743827341,-78.79006507000435,11.556205,281.85364
79600,,,,,
79700,,,,,
79800,,,,,
79900,,,,,
80000,,,,,
80100,,,,,
80200,,,,,
80300,,,,,
80400,,,,,
80500,1508813214000.0,43.005580781914425,-78.79022016866189,12.810657,274.115
80600,,,,,
80700,,,,,
80800,,,,,
80900,,,,,
81000,,,,,
81100,,,,,
81200,,,,,
81300,,,,,
81400,,,,,
81500,1508813215000.0,43.00558237734124,-78.79039303605308,13.835527,270.05057
81600,,,,,
81700,,,,,
81800,,,,,
81900,,,,,
82000,,,,,
82100,,,,,
82200,,,,,
82300,,,,,
82400,,,,,
82500,1508813216000.0,43.00557661974443,-78.79057425200553,14.16435,268.9144
82600,,,,,
82700,,,,,
82800,,,,,
82900,,,,,
83000,,,,,
83100,,,,,
83200,,,,,
83300,,,,,
83400,,,,,
83500,1508813217000.0,43.00557181288949,-78.79076340486506,15.095935999999998,270.31195
83600,,,,,
83700,,,,,
83800,,,,,
83900,,,,,
84000,,,,,
84100,,,,,
84200,,,,,
84300,,,,,
84400,,,,,
84500,1508813218000.0,43.0055694840232,-78.7909591608411,16.217814999999998,270.42386
84600,,,,,
84700,,,,,
84800,,,,,
84900,,,,,
85000,,,,,
85100,,,,,
85200,,,,,
85300,,,,,
85400,,,,,
85500,1508813219000.0,43.00556886670137,-78.79116301637049,16.535921,271.5733
85600,,,,,
85700,,,,,
85800,,,,,
85900,,,,,
86000,,,,,
86100,,,,,
86200,,,,,
86300,,,,,
86400,,,,,
86500,,,,,
86600,1508813220000.0,43.00557040564682,-78.79136674658379,16.543820999999998,271.7043
86700,,,,,
86800,,,,,
86900,,,,,
87000,,,,,
87100,,,,,
87200,,,,,
87300,,,,,
87400,,,,,
87500,1508813221000.0,43.005571496853506,-78.79157215321945,16.790665,271.46304
87600,,,,,
87700,,,,,
87800,,,,,
87900,,,,,
88000,,,,,
88100,,,,,
88200,,,,,
88300,,,,,
88400,,,,,
88500,1508813222000.0,43.00557109357929,-78.79178104650836,17.067448000000002,270.8122
88600,,,,,
88700,,,,,
88800,,,,,
88900,,,,,
89000,,,,,
89100,,,,,
89200,,,,,
89300,,,,,
89400,,,,,
89500,1508813223000.0,43.00556745605332,-78.79199377686695,17.358171,269.60568
89600,,,,,
89700,,,,,
89800,,,,,
89900,,,,,
90000,,,,,
90100,,,,,
90200,,,,,
90300,,,,,
90400,,,,,
90500,1508813224000.0,43.0055592411598,-78.79220835490301,17.439208999999998,267.8784
90600,,,,,
90700,,,,,
90800,,,,,
90900,,,,,
91000,,,,,
91100,,,,,
91200,,,,,
91300,,,,,
91400,,,,,
91500,1508813225000.0,43.005547660623996,-78.79242611622237,17.72336,266.23975
91600,,,,,
91700,,,,,
91800,,,,,
91900,,,,,
92000,,,,,
92100,,,,,
92200,,,,,
92300,,,,,
92400,,,,,
92500,1508813226000.0,43.00553221652418,-78.79264646772158,17.950026,265.72098
92600,,,,,
92700,,,,,
92800,,,,,
92900,,,,,
93000,,,,,
93100,,,,,
93200,,,,,
93300,,,,,
93400,,,,,
93500,1508813227000.0,43.005514927219906,-78.79286953354979,18.155643,264.768
93600,,,,,
93700,,,,,
93800,,,,,
93900,,,,,
94000,,,,,
94100,,,,,
94200,,,,,
94300,,,,,
94400,,,,,
94500,1508813228000.0,43.00549462237793,-78.79309458665425,18.37824,263.41428
94600,,,,,
94700,,,,,
94800,,,,,
94900,,,,,
95000,,,,,
95100,,,,,
95200,,,,,
95300,,,,,
95400,,,,,
95500,1508813229000.0,43.00546825708074,-78.79332431767634,18.948309,261.11264
95600,,,,,
95700,,,,,
95800,,,,,
95900,,,,,
96000,,,,,
96100,,,,,
96200,,,,,
96300,,,,,
96400,,,,,
96500,1508813230000.0,43.0054358361792,-78.79355840923843,19.380732,259.5579
96600,,,,,
96700,,,,,
96800,,,,,
96900,,,,,
97000,,,,,
97100,,,,,
97200,,,,,
97300,,,,,
97400,,,,,
97500,1508813231000.0,43.005398652496226,-78.79379754944524,19.79975,257.82757999999995
97600,,,,,
97700,,,,,
97800,,,,,
97900,,,,,
98000,,,,,
98100,,,,,
98200,,,,,
98300,,,,,
98400,,,,,
98500,,,,,
98600,1508813232000.0,43.00535507697895,-78.79403915695556,20.122663,255.6461
98700,,,,,
98800,,,,,
98900,,,,,
99000,,,,,
99100,,,,,
99200,,,,,
99300,,,,,
99400,,,,,
99500,1508813233000.0,43.00530597690047,-78.7942786273092,19.822933,253.93547
99600,,,,,
99700,,,,,
99800,,,,,
99900,,,,,
100000,,,,,
100100,,,,,
100200,,,,,
100300,,,,,
100400,,,,,
100500,,,,,
100600,1508813234000.0,43.005250513463686,-78.79451354429864,19.695463,251.91014
100700,,,,,
100800,,,,,
100900,,,,,
101000,,,,,
101100,,,,,
101200,,,,,
101300,,,,,
101400,,,,,
101500,1508813235000.0,43.005189807023704,-78.79474400819353,19.781937,249.96191
101600,,,,,
101700,,,,,
101800,,,,,
101900,,,,,
102000,,,,,
102100,,,,,
102200,,,,,
102300,,,,,
102400,,,,,
102500,1508813236000.0,43.005123788260015,-78.79497284535827,19.800488,248.29782000000003
102600,,,,,
102700,,,,,
102800,,,,,
102900,,,,,
103000,,,,,
103100,,,,,
103200,,,,,
103300,,,,,
103400,,,,,
103500,1508813237000.0,43.005053000879535,-78.79519295048188,19.391323,245.89212
103600,,,,,
103700,,,,,
103800,,,,,
103900,,,,,
104000,,,,,
104100,,,,,
104200,,,,,
104300,,,,,
104400,,,,,
104500,1508813238000.0,43.004974209122324,-78.79540203198795,19.074017,241.46585
104600,,,,,
104700,,,,,
104800,,,,,
104900,,,,,
105000,,,,,
105100,,,,,
105200,,,,,
105300,,,,,
105400,,,,,
105500,,,,,
105600,1508813239000.0,43.004880198967264,-78.79559706659299,18.875553,235.71498
105700,,,,,
105800,,,,,
105900,,,,,
106000,,,,,
106100,,,,,
106200,,,,,
106300,,,,,
106400,,,,,
106500,1508813240000.0,43.004777479579495,-78.79578133831346,19.195505,232.4772
106600,,,,,
106700,,,,,
106800,,,,,
106900,,,,,
107000,,,,,
107100,,,,,
107200,,,,,
107300,,,,,
107400,,,,,
107500,1508813241000.0,43.00466583939578,-78.79596004146524,18.747747,228.52888
107600,,,,,
107700,,,,,
107800,,,,,
107900,,,,,
108000,,,,,
108100,,,,,
108200,,,,,
108300,,,,,
108400,,,,,
108500,1508813242000.0,43.004546378444005,-78.79612662464767,18.733927,224.14426
108600,,,,,
108700,,,,,
108800,,,,,
108900,,,,,
109000,,,,,
109100,,,,,
109200,,,,,
109300,,,,,
109400,,,,,
109500,,,,,
109600,1508813243000.0,43.004422364066926,-78.79627993961788,18.015970000000006,220.7601
109700,,,,,
109800,,,,,
109900,,,,,
110000,,,,,
110100,,,,,
110200,,,,,
110300,,,,,
110400,,,,,
110500,1508813244000.0,43.004297375145214,-78.79641872444512,17.41144,218.8066
110600,,,,,
110700,,,,,
110800,,,,,
110900,,,,,
111000,,,,,
111100,,,,,
111200,,,,,
111300,,,,,
111400,,,,,
111500,1508813245000.0,43.00416727421134,-78.79654777114182,17.649701999999994,215.2215
111600,,,,,
111700,,,,,
111800,,,,,
111900,,,,,
112000,,,,,
112100,,,,,
112200,,,,,
112300,,,,,
112400,,,,,
112500,1508813246000.0,43.004032028147094,-78.79666799376733,17.516788000000002,211.13058
112600,,,,,
112700,,,,,
112800,,,,,
112900,,,,,
113000,,,,,
113100,,,,,
113200,,,,,
113300,,,,,
113400,,,,,
113500,1508813247000.0,43.00389120398228,-78.7967712180307,17.600635999999994,206.96306
113600,,,,,
113700,,,,,
113800,,,,,
113900,,,,,
114000,,,,,
114100,,,,,
114200,,,,,
114300,,,,,
114400,,,,,
114500,1508813248000.0,43.003746131578474,-78.79686322964112,18.054783,203.73918
114600,,,,,
114700,,,,,
114800,,,,,
114900,,,,,
115000,,,,,
115100,,,,,
115200,,,,,
115300,,,,,
115400,,,,,
115500,1508813249000.0,43.00359759437227,-78.7969437589438,17.533134,201.89325
115600,,,,,
115700,,,,,
115800,,,,,
115900,,,,,
116000,,,,,
116100,,,,,
116200,,,,,
116300,,,,,
116400,,,,,
116500,1508813250000.0,43.00344863032244,-78.79701781155022,17.761528,200.0001
116600,,,,,
116700,,,,,
116800,,,,,
116900,,,,,
117000,,,,,
117100,,,,,
117200,,,,,
117300,,,,,
117400,,,,,
117500,1508813251000.0,43.003298791214895,-78.79708233606847,17.500519,196.65074
117600,,,,,
117700,,,,,
117800,,,,,
117900,,,,,
118000,,,,,
118100,,,,,
118200,,,,,
118300,,,,,
118400,,,,,
118500,1508813252000.0,43.003143396073476,-78.7971343747524,18.166231,193.03258
118600,,,,,
118700,,,,,
118800,,,,,
118900,,,,,
119000,,,,,
119100,,,,,
119200,,,,,
119300,,,,,
119400,,,,,
119500,1508813253000.0,43.002988509239216,-78.79717097744002,16.78148,187.86905
119600,,,,,
119700,,,,,
119800,,,,,
119900,,,,,
120000,,,,,
120100,,,,,
120200,,,,,
120300,,,,,
120400,,,,,
120500,1508813254000.0,43.002836449601155,-78.7971905237124,16.684089999999998,186.2968
120600,,,,,
120700,,,,,
120800,,,,,
120900,,,,,
121000,,,,,
121100,,,,,
121200,,,,,
121300,,,,,
121400,,,,,
121500,1508813255000.0,43.00268244889632,-78.79719999226866,16.898834,182.31886
121600,,,,,
121700,,,,,
121800,,,,,
121900,,,,,
122000,,,,,
122100,,,,,
122200,,,,,
122300,,,,,
122400,,,,,
122500,1508813256000.0,43.00252599322784,-78.79719381540012,16.990396,178.4781
122600,,,,,
122700,,,,,
122800,,,,,
122900,,,,,
123000,,,,,
123100,,,,,
123200,,,,,
123300,,,,,
123400,,,,,
123500,1508813257000.0,43.00237118053644,-78.79717512217368,16.864994,175.68533
123600,,,,,
123700,,,,,
123800,,,,,
123900,,,,,
124000,,,,,
124100,,,,,
124200,,,,,
124300,,,,,
124400,,,,,
124500,,,,,
124600,1508813258000.0,43.00221873851636,-78.79714995460516,16.647472,175.57281
124700,,,,,
124800,,,,,
124900,,,,,
125000,,,,,
125100,,,,,
125200,,,,,
125300,,,,,
125400,,,,,
125500,1508813259000.0,43.00207235755641,-78.79712959294326,15.799508,176.42761000000004
125600,,,,,
125700,,,,,
125800,,,,,
125900,,,,,
126000,,,,,
126100,,,,,
126200,,,,,
126300,,,,,
126400,,,,,
126500,1508813260000.0,43.00193086246117,-78.79711246929884,15.359274,175.79594
126600,,,,,
126700,,,,,
126800,,,,,
126900,,,,,
127000,,,,,
127100,,,,,
127200,,,,,
127300,,,,,
127400,,,,,
127500,1508813261000.0,43.00179384642351,-78.79709587843594,14.814801,176.6971
127600,,,,,
127700,,,,,
127800,,,,,
127900,,,,,
128000,,,,,
128100,,,,,
128200,,,,,
128300,,,,,
128400,,,,,
128500,1508813262000.0,43.00166185270128,-78.79708282230992,14.465877,177.02937
128600,,,,,
128700,,,,,
128800,,,,,
128900,,,,,
129000,,,,,
129100,,,,,
129200,,,,,
129300,,,,,
129400,,,,,
129500,1508813263000.0,43.001534346758575,-78.79707181187001,13.7806425,177.47083999999995
129600,,,,,
129700,,,,,
129800,,,,,
129900,,,,,
130000,,,,,
130100,,,,,
130200,,,,,
130300,,,,,
130400,,,,,
130500,1508813264000.0,43.001412987136746,-78.79706361758006,13.02996,178.49704
130600,,,,,
130700,,,,,
130800,,,,,
130900,,,,,
131000,,,,,
131100,,,,,
131200,,,,,
131300,,,,,
131400,,,,,
131500,1508813265000.0,43.001299728925936,-78.7970582188101,11.930725,178.78151
131600,,,,,
131700,,,,,
131800,,,,,
131900,,,,,
132000,,,,,
132100,,,,,
132200,,,,,
132300,,,,,
132400,,,,,
132500,1508813266000.0,43.00119178200435,-78.79705307653704,11.389335,177.42305
132600,,,,,
132700,,,,,
132800,,,,,
132900,,,,,
133000,,,,,
133100,,,,,
133200,,,,,
133300,,,,,
133400,,,,,
133500,1508813267000.0,43.00109251037427,-78.79705213701072,10.718981,179.09378
133600,,,,,
133700,,,,,
133800,,,,,
133900,,,,,
134000,,,,,
134100,,,,,
134200,,,,,
134300,,,,,
134400,,,,,
134500,1508813268000.0,43.000998223006725,-78.79705179413911,10.042193,179.27053999999995
134600,,,,,
134700,,,,,
134800,,,,,
134900,,,,,
135000,,,,,
135100,,,,,
135200,,,,,
135300,,,,,
135400,,,,,
135500,1508813269000.0,43.000909463019845,-78.7970540276971,9.45534,180.27646
135600,,,,,
135700,,,,,
135800,,,,,
135900,,,,,
136000,,,,,
136100,,,,,
136200,,,,,
136300,,,,,
136400,,,,,
136500,1508813270000.0,43.000826640550834,-78.79705585662914,8.7169075,180.50558
136600,,,,,
136700,,,,,
136800,,,,,
136900,,,,,
137000,,,,,
137100,,,,,
137200,,,,,
137300,,,,,
137400,,,,,
137500,1508813271000.0,43.000747976352365,-78.79705884130745,8.696786999999999,180.76749
137600,,,,,
137700,,,,,
137800,,,,,
137900,,,,,
138000,,,,,
138100,,,,,
138200,,,,,
138300,,,,,
138400,,,,,
138500,1508813272000.0,43.00067359936981,-78.79706595581972,7.886072,184.83575
138600,,,,,
138700,,,,,
138800,,,,,
138900,,,,,
139000,,,,,
139100,,,,,
139200,,,,,
139300,,,,,
139400,,,,,
139500,1508813273000.0,43.0006079064369,-78.79707313173584,6.6839356,181.77745
139600,,,,,
139700,,,,,
139800,,,,,
139900,,,,,
140000,,,,,
140100,,,,,
140200,,,,,
140300,,,,,
140400,,,,,
140500,1508813274000.0,43.000548950421255,-78.79707664231681,6.3457313,181.0617
140600,,,,,
140700,,,,,
140800,,,,,
140900,,,,,
141000,,,,,
141100,,,,,
141200,,,,,
141300,,,,,
141400,,,,,
141500,1508813275000.0,43.00049051125741,-78.7970789643093,6.494692,180.1869
141600,,,,,
141700,,,,,
141800,,,,,
141900,,,,,
142000,,,,,
142100,,,,,
142200,,,,,
142300,,,,,
142400,,,,,
142500,1508813276000.0,43.000431825053994,-78.79707863038561,6.5590777000000005,179.66266000000005
142600,,,,,
142700,,,,,
142800,,,,,
142900,,,,,
143000,,,,,
143100,,,,,
143200,,,,,
143300,,,,,
143400,,,,,
143500,1508813277000.0,43.000372092362994,-78.79707896169019,6.6942115000000015,180.95709
143600,,,,,
143700,,,,,
143800,,,,,
143900,,,,,
144000,,,,,
144100,,,,,
144200,,,,,
144300,,,,,
144400,,,,,
144500,1508813278000.0,43.00031222244356,-78.79708126157499,6.313549,182.97188
144600,,,,,
144700,,,,,
144800,,,,,
144900,,,,,
145000,,,,,
145100,,,,,
145200,,,,,
145300,,,,,
145400,,,,,
145500,1508813279000.0,43.000256731072206,-78.7970844827436,5.770678500000002,184.19897
145600,,,,,
145700,,,,,
145800,,,,,
145900,,,,,
146000,,,,,
146100,,,,,
146200,,,,,
146300,,,,,
146400,,,,,
146500,1508813280000.0,43.00020698391933,-78.79709747864709,5.0384502,197.24171
146600,,,,,
146700,,,,,
146800,,,,,
146900,,,,,
147000,,,,,
147100,,,,,
147200,,,,,
147300,,,,,
147400,,,,,
147500,1508813281000.0,43.00016332746515,-78.79711898449726,4.8316207,204.84084
147600,,,,,
147700,,,,,
147800,,,,,
147900,,,,,
148000,,,,,
148100,,,,,
148200,,,,,
148300,,,,,
148400,,,,,
148500,1508813282000.0,43.00012377204813,-78.79715971921136,5.9416647000000005,227.56927
148600,,,,,
148700,,,,,
148800,,,,,
148900,,,,,
149000,,,,,
149100,,,,,
149200,,,,,
149300,,,,,
149400,,,,,
149500,1508813283000.0,43.00009101772435,-78.79722451619233,6.596917,247.53215
149600,,,,,
149700,,,,,
149800,,,,,
149900,,,,,
150000,,,,,
150100,,,,,
150200,,,,,
150300,,,,,
150400,,,,,
150500,1508813284000.0,43.00007833360462,-78.79731362410016,7.708397,271.41724
150600,,,,,
150700,,,,,
150800,,,,,
150900,,,,,
151000,,,,,
151100,,,,,
151200,,,,,
151300,,,,,
151400,,,,,
151500,1508813285000.0,43.00007985684777,-78.79741617334787,7.901209,273.28305
151600,,,,,
151700,,,,,
151800,,,,,
151900,,,,,
152000,,,,,
152100,,,,,
152200,,,,,
152300,,,,,
152400,,,,,
152500,1508813286000.0,43.00008182068829,-78.79751798662312,7.695732,272.8625
152600,,,,,
152700,,,,,
152800,,,,,
152900,,,,,
153000,,,,,
153100,,,,,
153200,,,,,
153300,,,,,
153400,,,,,
153500,1508813287000.0,43.00008455138293,-78.79761258670693,6.975065,272.71567000000005
153600,,,,,
153700,,,,,
153800,,,,,
153900,,,,,
154000,,,,,
154100,,,,,
154200,,,,,
154300,,,,,
154400,,,,,
154500,1508813288000.0,43.00008730248743,-78.79769240449038,5.543918,273.24265
154600,,,,,
154700,,,,,
154800,,,,,
154900,,,,,
155000,,,,,
155100,,,,,
155200,,,,,
155300,,,,,
155400,,,,,
155500,1508813289000.0,43.00008753029221,-78.79775947533206,4.868097,268.81818
155600,,,,,
155700,,,,,
155800,,,,,
155900,,,,,
156000,,,,,
156100,,,,,
156200,,,,,
156300,,,,,
156400,,,,,
156500,1508813290000.0,43.00008800821188,-78.79781376823969,3.7790842,269.9767
156600,,,,,
156700,,,,,
156800,,,,,
156900,,,,,
157000,,,,,
157100,,,,,
157200,,,,,
157300,,,,,
157400,,,,,
157500,1508813291000.0,43.000089802436456,-78.7978508626409,2.45586,270.8447
157600,,,,,
157700,,,,,
157800,,,,,
157900,,,,,
158000,,,,,
158100,,,,,
158200,,,,,
158300,,,,,
158400,,,,,
158500,1508813292000.0,43.00009183915786,-78.79787669305492,1.9038088,271.59946
158600,,,,,
158700,,,,,
158800,,,,,
158900,,,,,
159000,,,,,
159100,,,,,
159200,,,,,
159300,,,,,
159400,,,,,
159500,1508813293000.0,43.00009373254032,-78.79789477045051,1.1648954,278.5583
159600,,,,,
159700,,,,,
159800,,,,,
159900,,,,,
160000,,,,,
160100,,,,,
160200,,,,,
160300,,,,,
160400,,,,,
160500,,,,,
160600,,,,,
160700,,,,,
160800,,,,,
160900,,,,,
161000,,,,,
161100,,,,,
161200,,,,,
161300,,,,,
161400,,,,,
161500,,,,,
161600,,,,,
161700,,,,,
161800,,,,,
161900,,,,,
162000,,,,,
162100,,,,,
162200,,,,,
162300,,,,,
162400,,,,,
162500,,,,,
162600,,,,,
162700,,,,,
162800,,,,,
162900,,,,,
163000,,,,,
163100,,,,,
163200,,,,,
163300,,,,,
163400,,,,,
163500,,,,,
163600,,,,,
163700,,,,,
163800,,,,,
163900,,,,,
164000,,,,,
164100,,,,,
164200,,,,,
164300,,,,,
164400,,,,,
164500,,,,,
164600,,,,,
164700,,,,,
164800,,,,,
164900,,,,,
165000,,,,,
165100,,,,,
165200,,,,,
165300,,,,,
165400,,,,,
165500,,,,,
165600,,,,,
165700,,,,,
165800,,,,,
165900,,,,,
166000,,,,,
166100,,,,,
166200,,,,,
166300,,,,,
166400,,,,,
166500,1508813300000.0,43.00009406857035,-78.79791618743167,0.9052551,323.6656
166600,,,,,
166700,,,,,
166800,,,,,
166900,,,,,
167000,,,,,
167100,,,,,
167200,,,,,
167300,,,,,
167400,,,,,
167500,1508813301000.0,43.000092704475954,-78.79793528709804,1.8614415,296.64166
167600,,,,,
167700,,,,,
167800,,,,,
167900,,,,,
168000,,,,,
168100,,,,,
168200,,,,,
168300,,,,,
168400,,,,,
168500,,,,,
168600,1508813302000.0,43.00008991578248,-78.79796663031715,2.7223494,261.79388
168700,,,,,
168800,,,,,
168900,,,,,
169000,,,,,
169100,,,,,
169200,,,,,
169300,,,,,
169400,,,,,
169500,1508813303000.0,43.000087433767824,-78.79800618792305,3.21495,267.95465
169600,,,,,
169700,,,,,
169800,,,,,
169900,,,,,
170000,,,,,
170100,,,,,
170200,,,,,
170300,,,,,
170400,,,,,
170500,1508813304000.0,43.000086477007436,-78.79805358077721,4.053563,270.45937999999995
170600,,,,,
170700,,,,,
170800,,,,,
170900,,,,,
171000,,,,,
171100,,,,,
171200,,,,,
171300,,,,,
171400,,,,,
171500,1508813305000.0,43.000086864006455,-78.79811226944679,5.1836796,270.44553
171600,,,,,
171700,,,,,
171800,,,,,
171900,,,,,
172000,,,,,
172100,,,,,
172200,,,,,
172300,,,,,
172400,,,,,
172500,1508813306000.0,43.000088750602046,-78.79818204600984,6.068029,270.9646
172600,,,,,
172700,,,,,
172800,,,,,
172900,,,,,
173000,,,,,
173100,,,,,
173200,,,,,
173300,,,,,
173400,,,,,
173500,1508813307000.0,43.00008816202358,-78.79826122386726,6.565786,269.72687
173600,,,,,
173700,,,,,
173800,,,,,
173900,,,,,
174000,,,,,
174100,,,,,
174200,,,,,
174300,,,,,
174400,,,,,
174500,1508813308000.0,43.0000880106726,-78.7983436325364,6.5656165999999985,271.33875
174600,,,,,
174700,,,,,
174800,,,,,
174900,,,,,
175000,,,,,
175100,,,,,
175200,,,,,
175300,,,,,
175400,,,,,
175500,1508813309000.0,43.000088530395615,-78.79842430343666,6.307926,271.70627
175600,,,,,
175700,,,,,
175800,,,,,
175900,,,,,
176000,,,,,
176100,,,,,
176200,,,,,
176300,,,,,
176400,,,,,
176500,1508813310000.0,43.00009348152195,-78.79850175463308,6.236636,279.36502
176600,,,,,
176700,,,,,
176800,,,,,
176900,,,,,
177000,,,,,
177100,,,,,
177200,,,,,
177300,,,,,
177400,,,,,
177500,1508813311000.0,43.00010986232044,-78.7985724211005,5.7668557,295.81635
177600,,,,,
177700,,,,,
177800,,,,,
177900,,,,,
178000,,,,,
178100,,,,,
178200,,,,,
178300,,,,,
178400,,,,,
178500,1508813312000.0,43.00014257774045,-78.79863193068229,6.3155265,317.5320700000001
178600,,,,,
178700,,,,,
178800,,,,,
178900,,,,,
179000,,,,,
179100,,,,,
179200,,,,,
179300,,,,,
179400,,,,,
179500,1508813313000.0,43.00019561583245,-78.79867123691426,6.885212400000001,340.1346
179600,,,,,
179700,,,,,
179800,,,,,
179900,,,,,
180000,,,,,
180100,,,,,
180200,,,,,
180300,,,,,
180400,,,,,
180500,1508813314000.0,43.000266440734606,-78.79868907696115,8.692043,353.45584
180600,,,,,
180700,,,,,
180800,,,,,
180900,,,,,
181000,,,,,
181100,,,,,
181200,,,,,
181300,,,,,
181400,,,,,
181500,1508813315000.0,43.000353390025644,-78.79868701920925,9.969147,1.556374
181600,,,,,
181700,,,,,
181800,,,,,
181900,,,,,
182000,,,,,
182100,,,,,
182200,,,,,
182300,,,,,
182400,,,,,
182500,1508813316000.0,43.000454152732544,-78.79867306309966,11.174014,3.9910192
182600,,,,,
182700,,,,,
182800,,,,,
182900,,,,,
183000,,,,,
183100,,,,,
183200,,,,,
183300,,,,,
183400,,,,,
183500,1508813317000.0,43.00056246966451,-78.79865933397238,12.284716,5.668959
183600,,,,,
183700,,,,,
183800,,,,,
183900,,,,,
184000,,,,,
184100,,,,,
184200,,,,,
184300,,,,,
184400,,,,,
184500,1508813318000.0,43.00066829198028,-78.79864775363805,11.085821,2.5906284
184600,,,,,
184700,,,,,
184800,,,,,
184900,,,,,
185000,,,,,
185100,,,,,
185200,,,,,
185300,,,,,
185400,,,,,
185500,1508813319000.0,43.00076751508483,-78.79864239184366,10.786041,0.63214296
185600,,,,,
185700,,,,,
185800,,,,,
185900,,,,,
186000,,,,,
186100,,,,,
186200,,,,,
186300,,,,,
186400,,,,,
186500,1508813320000.0,43.00086551830124,-78.79864364439624,10.862915,358.8402700000001
186600,,,,,
186700,,,,,
186800,,,,,
186900,,,,,
187000,,,,,
187100,,,,,
187200,,,,,
187300,,,,,
187400,,,,,
187500,1508813321000.0,43.000965761931326,-78.79864570436477,11.11519,358.86514
187600,,,,,
187700,,,,,
187800,,,,,
187900,,,,,
188000,,,,,
188100,,,,,
188200,,,,,
188300,,,,,
188400,,,,,
188500,,,,,
188600,1508813322000.0,43.001065961182356,-78.79864904736291,11.1618805,358.82434
188700,,,,,
188800,,,,,
188900,,,,,
189000,,,,,
189100,,,,,
189200,,,,,
189300,,,,,
189400,,,,,
189500,1508813323000.0,43.00116655107255,-78.79865205119448,11.199164,358.56354
189600,,,,,
189700,,,,,
189800,,,,,
189900,,,,,
190000,,,,,
190100,,,,,
190200,,,,,
190300,,,,,
190400,,,,,
190500,1508813324000.0,43.0012668496301,-78.7986556205804,11.1988125,358.87183
190600,,,,,
190700,,,,,
190800,,,,,
190900,,,,,
191000,,,,,
191100,,,,,
191200,,,,,
191300,,,,,
191400,,,,,
191500,1508813325000.0,43.00136859272936,-78.79865571013019,11.246946,0.2028895
191600,,,,,
191700,,,,,
191800,,,,,
191900,,,,,
192000,,,,,
192100,,,,,
192200,,,,,
192300,,,,,
192400,,,,,
192500,1508813326000.0,43.00147156837401,-78.79865485444287,11.503367,0.18365665
192600,,,,,
192700,,,,,
192800,,,,,
192900,,,,,
193000,,,,,
193100,,,,,
193200,,,,,
193300,,,,,
193400,,,,,
193500,1508813327000.0,43.001577313138895,-78.79865403983088,11.877899,0.87475246
193600,,,,,
193700,,,,,
193800,,,,,
193900,,,,,
194000,,,,,
194100,,,,,
194200,,,,,
194300,,,,,
194400,,,,,
194500,1508813328000.0,43.0016844634206,-78.79865197699358,11.449659,358.86853
194600,,,,,
194700,,,,,
194800,,,,,
194900,,,,,
195000,,,,,
195100,,,,,
195200,,,,,
195300,,,,,
195400,,,,,
195500,1508813329000.0,43.00178948351403,-78.79865157753206,11.544752,359.6072
195600,,,,,
195700,,,,,
195800,,,,,
195900,,,,,
196000,,,,,
196100,,,,,
196200,,,,,
196300,,,,,
196400,,,,,
196500,1508813330000.0,43.0018951970131,-78.79864973846547,11.568662,359.86615
196600,,,,,
196700,,,,,
196800,,,,,
196900,,,,,
197000,,,,,
197100,,,,,
197200,,,,,
197300,,,,,
197400,,,,,
197500,1508813331000.0,43.00199838193036,-78.79864913818375,11.261355,359.31213
197600,,,,,
197700,,,,,
197800,,,,,
197900,,,,,
198000,,,,,
198100,,,,,
198200,,,,,
198300,,,,,
198400,,,,,
198500,1508813332000.0,43.00210000282899,-78.79864842593194,11.330248,0.5127391
198600,,,,,
198700,,,,,
198800,,,,,
198900,,,,,
199000,,,,,
199100,,,,,
199200,,,,,
199300,,,,,
199400,,,,,
199500,1508813333000.0,43.00220149922264,-78.79864863480125,11.44665,359.8251
199600,,,,,
199700,,,,,
199800,,,,,
199900,,,,,
200000,,,,,
200100,,,,,
200200,,,,,
200300,,,,,
200400,,,,,
200500,1508813334000.0,43.002300224013396,-78.7986497991824,10.757219,0.025239358
200600,,,,,
200700,,,,,
200800,,,,,
200900,,,,,
201000,,,,,
201100,,,,,
201200,,,,,
201300,,,,,
201400,,,,,
201500,1508813335000.0,43.002395063733594,-78.79864943554428,10.554593,0.2653333
201600,,,,,
201700,,,,,
201800,,,,,
201900,,,,,
202000,,,,,
202100,,,,,
202200,,,,,
202300,,,,,
202400,,,,,
202500,1508813336000.0,43.00248794684612,-78.79864894966683,10.334402,0.008712814000000001
202600,,,,,
202700,,,,,
202800,,,,,
202900,,,,,
203000,,,,,
203100,,,,,
203200,,,,,
203300,,,,,
203400,,,,,
203500,1508813337000.0,43.002579206287145,-78.79864874196818,10.198787,359.63684
203600,,,,,
203700,,,,,
203800,,,,,
203900,,,,,
204000,,,,,
204100,,,,,
204200,,,,,
204300,,,,,
204400,,,,,
204500,1508813338000.0,43.00267131109879,-78.79865100802485,10.362256,358.26495
204600,,,,,
204700,,,,,
204800,,,,,
204900,,,,,
205000,,,,,
205100,,,,,
205200,,,,,
205300,,,,,
205400,,,,,
205500,1508813339000.0,43.00276523380749,-78.79865449821962,10.54828,358.11023
205600,,,,,
205700,,,,,
205800,,,,,
205900,,,,,
206000,,,,,
206100,,,,,
206200,,,,,
206300,,,,,
206400,,,,,
206500,1508813340000.0,43.0028602769614,-78.79865915077741,10.590417,357.69385
206600,,,,,
206700,,,,,
206800,,,,,
206900,,,,,
207000,,,,,
207100,,,,,
207200,,,,,
207300,,,,,
207400,,,,,
207500,1508813341000.0,43.00295509950421,-78.79866519437847,10.616765,357.5482
207600,,,,,
207700,,,,,
207800,,,,,
207900,,,,,
208000,,,,,
208100,,,,,
208200,,,,,
208300,,,,,
208400,,,,,
208500,1508813342000.0,43.00305010234642,-78.79867086482038,10.605569,358.37015
208600,,,,,
208700,,,,,
208800,,,,,
208900,,,,,
209000,,,,,
209100,,,,,
209200,,,,,
209300,,,,,
209400,,,,,
209500,1508813343000.0,43.00314102675891,-78.7986764978028,9.930343,357.40823
209600,,,,,
209700,,,,,
209800,,,,,
209900,,,,,
210000,,,,,
210100,,,,,
210200,,,,,
210300,,,,,
210400,,,,,
210500,1508813344000.0,43.00322641583743,-78.79868341803584,9.352934,357.0559
210600,,,,,
210700,,,,,
210800,,,,,
210900,,,,,
211000,,,,,
211100,,,,,
211200,,,,,
211300,,,,,
211400,,,,,
211500,1508813345000.0,43.00330662060344,-78.79869072080074,8.7854395,356.7859
211600,,,,,
211700,,,,,
211800,,,,,
211900,,,,,
212000,,,,,
212100,,,,,
212200,,,,,
212300,,,,,
212400,,,,,
212500,1508813346000.0,43.003382454796885,-78.7986968603402,8.354763,358.31503
212600,,,,,
212700,,,,,
212800,,,,,
212900,,,,,
213000,,,,,
213100,,,,,
213200,,,,,
213300,,,,,
213400,,,,,
213500,1508813347000.0,43.003452765540025,-78.79870341666314,7.619846000000001,356.54898
213600,,,,,
213700,,,,,
213800,,,,,
213900,,,,,
214000,,,,,
214100,,,,,
214200,,,,,
214300,,,,,
214400,,,,,
214500,1508813348000.0,43.00352249836968,-78.79870776282115,7.8969283,359.64615
214600,,,,,
214700,,,,,
214800,,,,,
214900,,,,,
215000,,,,,
215100,,,,,
215200,,,,,
215300,,,,,
215400,,,,,
215500,1508813349000.0,43.003593063726406,-78.79870822250834,7.785872,0.3945105
215600,,,,,
215700,,,,,
215800,,,,,
215900,,,,,
216000,,,,,
216100,,,,,
216200,,,,,
216300,,,,,
216400,,,,,
216500,1508813350000.0,43.003662033083714,-78.79870792744258,7.576261,359.5415
216600,,,,,
216700,,,,,
216800,,,,,
216900,,,,,
217000,,,,,
217100,,,,,
217200,,,,,
217300,,,,,
217400,,,,,
217500,1508813351000.0,43.003729897013706,-78.79870552048757,7.322247,1.5174478
217600,,,,,
217700,,,,,
217800,,,,,
217900,,,,,
218000,,,,,
218100,,,,,
218200,,,,,
218300,,,,,
218400,,,,,
218500,1508813352000.0,43.003793133526905,-78.79870473818653,6.5518284000000016,359.1734600000001
218600,,,,,
218700,,,,,
218800,,,,,
218900,,,,,
219000,,,,,
219100,,,,,
219200,,,,,
219300,,,,,
219400,,,,,
219500,1508813353000.0,43.003853460854785,-78.79870412288791,6.9076247,2.4031246
219600,,,,,
219700,,,,,
219800,,,,,
219900,,,,,
220000,,,,,
220100,,,,,
220200,,,,,
220300,,,,,
220400,,,,,
220500,1508813354000.0,43.00391217827509,-78.79870045038393,6.544575,5.2424792999999985
220600,,,,,
220700,,,,,
220800,,,,,
220900,,,,,
221000,,,,,
221100,,,,,
221200,,,,,
221300,,,,,
221400,,,,,
221500,1508813355000.0,43.00396554792902,-78.7986960494365,5.5319014000000015,0.33796418
221600,,,,,
221700,,,,,
221800,,,,,
221900,,,,,
222000,,,,,
222100,,,,,
222200,,,,,
222300,,,,,
222400,,,,,
222500,1508813356000.0,43.00400836023857,-78.79869611123324,4.631279,1.548583
222600,,,,,
222700,,,,,
222800,,,,,
222900,,,,,
223000,,,,,
223100,,,,,
223200,,,,,
223300,,,,,
223400,,,,,
223500,1508813357000.0,43.004043355580514,-78.79869474786945,4.3460894,6.6839705
223600,,,,,
223700,,,,,
223800,,,,,
223900,,,,,
224000,,,,,
224100,,,,,
224200,,,,,
224300,,,,,
224400,,,,,
224500,1508813358000.0,43.00407314553882,-78.79869114133128,3.2349062,0.94857
224600,,,,,
224700,,,,,
224800,,,,,
224900,,,,,
225000,,,,,
225100,,,,,
225200,,,,,
225300,,,,,
225400,,,,,
225500,1508813359000.0,43.004100511688,-78.79869127482782,3.6528513,0.5225407999999999
225600,,,,,
225700,,,,,
225800,,,,,
225900,,,,,
226000,,,,,
226100,,,,,
226200,,,,,
226300,,,,,
226400,,,,,
226500,1508813360000.0,43.00413344137103,-78.79869351821159,4.3725714999999985,357.89905
226600,,,,,
226700,,,,,
226800,,,,,
226900,,,,,
227000,,,,,
227100,,,,,
227200,,,,,
227300,,,,,
227400,,,,,
227500,1508813361000.0,43.004175820430696,-78.7986984434876,5.80363,354.57657
227600,,,,,
227700,,,,,
227800,,,,,
227900,,,,,
228000,,,,,
228100,,,,,
228200,,,,,
228300,,,,,
228400,,,,,
228500,1508813362000.0,43.004223276095374,-78.79871821964332,5.774302,336.56567
228600,,,,,
228700,,,,,
228800,,,,,
228900,,,,,
229000,,,,,
229100,,,,,
229200,,,,,
229300,,,,,
229400,,,,,
229500,1508813363000.0,43.0042658714675,-78.79876073952259,6.3020935,315.55637
229600,,,,,
229700,,,,,
229800,,,,,
229900,,,,,
230000,,,,,
230100,,,,,
230200,,,,,
230300,,,,,
230400,,,,,
230500,1508813364000.0,43.00430179663697,-78.79882577311227,6.6209,300.93707
230600,,,,,
230700,,,,,
230800,,,,,
230900,,,,,
231000,,,,,
231100,,,,,
231200,,,,,
231300,,,,,
231400,,,,,
231500,1508813365000.0,43.004326039163935,-78.79890809073989,7.437975999999999,284.5064700000001
231600,,,,,
231700,,,,,
231800,,,,,
231900,,,,,
232000,,,,,
232100,,,,,
232200,,,,,
232300,,,,,
232400,,,,,
232500,1508813366000.0,43.004336167662096,-78.79901288492687,8.627979,274.2737
232600,,,,,
232700,,,,,
232800,,,,,
232900,,,,,
233000,,,,,
233100,,,,,
233200,,,,,
233300,,,,,
233400,,,,,
233500,1508813367000.0,43.00433775592146,-78.79912797507394,9.163288,272.44666
233600,,,,,
233700,,,,,
233800,,,,,
233900,,,,,
234000,,,,,
234100,,,,,
234200,,,,,
234300,,,,,
234400,,,,,
234500,1508813368000.0,43.00433809751564,-78.79924936402571,9.8118,269.6811
234600,,,,,
234700,,,,,
234800,,,,,
234900,,,,,
235000,,,,,
235100,,,,,
235200,,,,,
235300,,,,,
235400,,,,,
235500,,,,,
235600,1508813369000.0,43.00433477651207,-78.79938215865397,10.855078,267.77734
235700,,,,,
235800,,,,,
235900,,,,,
236000,,,,,
236100,,,,,
236200,,,,,
236300,,,,,
236400,,,,,
236500,1508813370000.0,43.00432917024196,-78.79952538037845,11.787164,268.03302
236600,,,,,
236700,,,,,
236800,,,,,
236900,,,,,
237000,,,,,
237100,,,,,
237200,,,,,
237300,,,,,
237400,,,,,
237500,1508813371000.0,43.00432424948789,-78.79967714530153,12.273564,269.00592
237600,,,,,
237700,,,,,
237800,,,,,
237900,,,,,
238000,,,,,
238100,,,,,
238200,,,,,
238300,,,,,
238400,,,,,
238500,1508813372000.0,43.00432003440242,-78.79983665063975,12.848426,268.5634
238600,,,,,
238700,,,,,
238800,,,,,
238900,,,,,
239000,,,,,
239100,,,,,
239200,,,,,
239300,,,,,
239400,,,,,
239500,1508813373000.0,43.004316471481545,-78.80000002291791,12.994884,269.70844
239600,,,,,
239700,,,,,
239800,,,,,
239900,,,,,
240000,,,,,
240100,,,,,
240200,,,,,
240300,,,,,
240400,,,,,
240500,1508813374000.0,43.00431477892372,-78.80016298563672,13.245729999999998,269.12534
240600,,,,,
240700,,,,,
240800,,,,,
240900,,,,,
241000,,,,,
241100,,,,,
241200,,,,,
241300,,,,,
241400,,,,,
241500,1508813375000.0,43.004311543878394,-78.80033247847891,13.633803,268.5411
241600,,,,,
241700,,,,,
241800,,,,,
241900,,,,,
242000,,,,,
242100,,,,,
242200,,,,,
242300,,,,,
242400,,,,,
242500,1508813376000.0,43.004308928801024,-78.80050271995444,13.632238,269.51813
242600,,,,,
242700,,,,,
242800,,,,,
242900,,,,,
243000,,,,,
243100,,,,,
243200,,,,,
243300,,,,,
243400,,,,,
243500,1508813377000.0,43.00430771230226,-78.80067385024539,13.954153,269.60327
243600,,,,,
243700,,,,,
243800,,,,,
243900,,,,,
244000,,,,,
244100,,,,,
244200,,,,,
244300,,,,,
244400,,,,,
244500,1508813378000.0,43.00430869064189,-78.80084844748417,14.273965,271.09088
244600,,,,,
244700,,,,,
244800,,,,,
244900,,,,,
245000,,,,,
245100,,,,,
245200,,,,,
245300,,,,,
245400,,,,,
245500,1508813379000.0,43.004309107319145,-78.80102606469981,14.290985999999998,270.37717000000004
245600,,,,,
245700,,,,,
245800,,,,,
245900,,,,,
246000,,,,,
246100,,,,,
246200,,,,,
246300,,,,,
246400,,,,,
246500,1508813380000.0,43.004308740361346,-78.80120452941506,14.5744095,270.00186
246600,,,,,
246700,,,,,
246800,,,,,
246900,,,,,
247000,,,,,
247100,,,,,
247200,,,,,
247300,,,,,
247400,,,,,
247500,1508813381000.0,43.00430882811106,-78.80138453245851,14.7232485,270.47598
247600,,,,,
247700,,,,,
247800,,,,,
247900,,,,,
248000,,,,,
248100,,,,,
248200,,,,,
248300,,,,,
248400,,,,,
248500,1508813382000.0,43.004310570958694,-78.80156442184548,14.486912,271.06204
248600,,,,,
248700,,,,,
248800,,,,,
248900,,,,,
249000,,,,,
249100,,,,,
249200,,,,,
249300,,,,,
249400,,,,,
249500,1508813383000.0,43.00431252600411,-78.80174304293762,14.469937,270.79987
249600,,,,,
249700,,,,,
249800,,,,,
249900,,,,,
250000,,,,,
250100,,,,,
250200,,,,,
250300,,,,,
250400,,,,,
250500,1508813384000.0,43.00431474967503,-78.80191782470405,14.084352,270.47803
250600,,,,,
250700,,,,,
250800,,,,,
250900,,,,,
251000,,,,,
251100,,,,,
251200,,,,,
251300,,,,,
251400,,,,,
251500,1508813385000.0,43.0043157160654,-78.80208845461863,13.901579000000002,270.3549
251600,,,,,
251700,,,,,
251800,,,,,
251900,,,,,
252000,,,,,
252100,,,,,
252200,,,,,
252300,,,,,
252400,,,,,
252500,1508813386000.0,43.00431633659465,-78.80225769994328,13.84988,270.6436
252600,,,,,
252700,,,,,
252800,,,,,
252900,,,,,
253000,,,,,
253100,,,,,
253200,,,,,
253300,,,,,
253400,,,,,
253500,1508813387000.0,43.00431772447475,-78.80242567162331,13.94537,270.60028
253600,,,,,
253700,,,,,
253800,,,,,
253900,,,,,
254000,,,,,
254100,,,,,
254200,,,,,
254300,,,,,
254400,,,,,
254500,1508813388000.0,43.00432055667919,-78.80259820153763,14.243908,271.34323
254600,,,,,
254700,,,,,
254800,,,,,
254900,,,,,
255000,,,,,
255100,,,,,
255200,,,,,
255300,,,,,
255400,,,,,
255500,1508813389000.0,43.00432589095568,-78.80277256851372,14.154059,272.80524
255600,,,,,
255700,,,,,
255800,,,,,
255900,,,,,
256000,,,,,
256100,,,,,
256200,,,,,
256300,,,,,
256400,,,,,
256500,1508813390000.0,43.0043341183755,-78.80294713964834,14.392383,273.93878
256600,,,,,
256700,,,,,
256800,,,,,
256900,,,,,
257000,,,,,
257100,,,,,
257200,,,,,
257300,,,,,
257400,,,,,
257500,1508813391000.0,43.00434904317938,-78.80310948952591,13.025406,275.48697000000004
257600,,,,,
257700,,,,,
257800,,,,,
257900,,,,,
258000,,,,,
258100,,,,,
258200,,,,,
258300,,,,,
258400,,,,,
258500,1508813392000.0,43.00437056624897,-78.80327231713969,13.457331,281.43875
258600,,,,,
258700,,,,,
258800,,,,,
258900,,,,,
259000,,,,,
259100,,,,,
259200,,,,,
259300,,,,,
259400,,,,,
259500,,,,,
259600,1508813393000.0,43.0044028341617,-78.80343881138755,13.725589,285.3474
259700,,,,,
259800,,,,,
259900,,,,,
260000,,,,,
260100,,,,,
260200,,,,,
260300,,,,,
260400,,,,,
260500,1508813394000.0,43.00443962639224,-78.80360370469178,13.792047,286.60306
260600,,,,,
260700,,,,,
260800,,,,,
260900,,,,,
261000,,,,,
261100,,,,,
261200,,,,,
261300,,,,,
261400,,,,,
261500,1508813395000.0,43.004478852458284,-78.80375913650013,12.960312,290.21585
261600,,,,,
261700,,,,,
261800,,,,,
261900,,,,,
262000,,,,,
262100,,,,,
262200,,,,,
262300,,,,,
262400,,,,,
262500,1508813396000.0,43.004518617639924,-78.80391207853287,12.887796,288.61728
262600,,,,,
262700,,,,,
262800,,,,,
262900,,,,,
263000,,,,,
263100,,,,,
263200,,,,,
263300,,,,,
263400,,,,,
263500,1508813397000.0,43.00455712888153,-78.80406993805899,13.351693,286.20163
263600,,,,,
263700,,,,,
263800,,,,,
263900,,,,,
264000,,,,,
264100,,,,,
264200,,,,,
264300,,,,,
264400,,,,,
264500,1508813398000.0,43.00458943660262,-78.8042329130872,13.047399,285.9373
264600,,,,,
264700,,,,,
264800,,,,,
264900,,,,,
265000,,,,,
265100,,,,,
265200,,,,,
265300,,,,,
265400,,,,,
265500,1508813399000.0,43.00462051699449,-78.8043902114771,12.680011,284.71603
265600,,,,,
265700,,,,,
265800,,,,,
265900,,,,,
266000,,,,,
266100,,,,,
266200,,,,,
266300,,,,,
266400,,,,,
266500,1508813400000.0,43.004646507584155,-78.80454567864452,12.681231,280.4421
266600,,,,,
266700,,,,,
266800,,,,,
266900,,,,,
267000,,,,,
267100,,,,,
267200,,,,,
267300,,,,,
267400,,,,,
267500,1508813401000.0,43.00466146081104,-78.80470277001184,12.467983,276.13824
267600,,,,,
267700,,,,,
267800,,,,,
267900,,,,,
268000,,,,,
268100,,,,,
268200,,,,,
268300,,,,,
268400,,,,,
268500,1508813402000.0,43.00466737908871,-78.80485824219198,12.344203,272.8808
268600,,,,,
268700,,,,,
268800,,,,,
268900,,,,,
269000,,,,,
269100,,,,,
269200,,,,,
269300,,,,,
269400,,,,,
269500,,,,,
269600,1508813403000.0,43.00466536087036,-78.80501258549438,12.398864,268.99445
269700,,,,,
269800,,,,,
269900,,,,,
270000,,,,,
270100,,,,,
270200,,,,,
270300,,,,,
270400,,,,,
270500,1508813404000.0,43.004660207253416,-78.80516490673948,12.242711,269.53006
270600,,,,,
270700,,,,,
270800,,,,,
270900,,,,,
271000,,,,,
271100,,,,,
271200,,,,,
271300,,,,,
271400,,,,,
271500,1508813405000.0,43.004657344522286,-78.80531621120362,12.193413,270.6794
271600,,,,,
271700,,,,,
271800,,,,,
271900,,,,,
272000,,,,,
272100,,,,,
272200,,,,,
272300,,,,,
272400,,,,,
272500,1508813406000.0,43.00465463231015,-78.80547035355744,12.648967,270.20874
272600,,,,,
272700,,,,,
272800,,,,,
272900,,,,,
273000,,,,,
273100,,,,,
273200,,,,,
273300,,,,,
273400,,,,,
273500,1508813407000.0,43.004652412490145,-78.80562867013263,12.849948,270.07343
273600,,,,,
273700,,,,,
273800,,,,,
273900,,,,,
274000,,,,,
274100,,,,,
274200,,,,,
274300,,,,,
274400,,,,,
274500,1508813408000.0,43.004649993496884,-78.80579248157342,13.339321,270.14685
274600,,,,,
274700,,,,,
274800,,,,,
274900,,,,,
275000,,,,,
275100,,,,,
275200,,,,,
275300,,,,,
275400,,,,,
275500,1508813409000.0,43.004647063548184,-78.80596104201172,13.601737,269.40408
275600,,,,,
275700,,,,,
275800,,,,,
275900,,,,,
276000,,,,,
276100,,,,,
276200,,,,,
276300,,,,,
276400,,,,,
276500,1508813410000.0,43.00464508769819,-78.8061336539311,14.205011,269.92453
276600,,,,,
276700,,,,,
276800,,,,,
276900,,,,,
277000,,,,,
277100,,,,,
277200,,,,,
277300,,,,,
277400,,,,,
277500,1508813411000.0,43.004642961830406,-78.80630975687644,14.234089,268.9745
277600,,,,,
277700,,,,,
277800,,,,,
277900,,,,,
278000,,,,,
278100,,,,,
278200,,,,,
278300,,,,,
278400,,,,,
278500,,,,,
278600,1508813412000.0,43.00464101556919,-78.8064907598406,14.852135999999998,269.6333
278700,,,,,
278800,,,,,
278900,,,,,
279000,,,,,
279100,,,,,
279200,,,,,
279300,,,,,
279400,,,,,
279500,1508813413000.0,43.004637799169465,-78.80667606592381,15.150357,267.66284
279600,,,,,
279700,,,,,
279800,,,,,
279900,,,,,
280000,,,,,
280100,,,,,
280200,,,,,
280300,,,,,
280400,,,,,
280500,1508813414000.0,43.00463329931371,-78.80686697810505,15.392523,269.88824
280600,,,,,
280700,,,,,
280800,,,,,
280900,,,,,
281000,,,,,
281100,,,,,
281200,,,,,
281300,,,,,
281400,,,,,
281500,1508813415000.0,43.0046320606012,-78.80706029198727,15.584119,270.78082
281600,,,,,
281700,,,,,
281800,,,,,
281900,,,,,
282000,,,,,
282100,,,,,
282200,,,,,
282300,,,,,
282400,,,,,
282500,1508813416000.0,43.00463115236556,-78.80724959714337,15.335275,270.1209
282600,,,,,
282700,,,,,
282800,,,,,
282900,,,,,
283000,,,,,
283100,,,,,
283200,,,,,
283300,,,,,
283400,,,,,
283500,1508813417000.0,43.00462676099717,-78.80744254706356,15.964083,268.62228
283600,,,,,
283700,,,,,
283800,,,,,
283900,,,,,
284000,,,,,
284100,,,,,
284200,,,,,
284300,,,,,
284400,,,,,
284500,1508813418000.0,43.0046218051577,-78.80764046545926,16.04585,269.1922
284600,,,,,
284700,,,,,
284800,,,,,
284900,,,,,
285000,,,,,
285100,,,,,
285200,,,,,
285300,,,,,
285400,,,,,
285500,1508813419000.0,43.004619416835716,-78.80783832564597,16.187157,269.16306000000003
285600,,,,,
285700,,,,,
285800,,,,,
285900,,,,,
286000,,,,,
286100,,,,,
286200,,,,,
286300,,,,,
286400,,,,,
286500,1508813420000.0,43.00461819268818,-78.80803570401801,16.099903,269.74243
286600,,,,,
286700,,,,,
286800,,,,,
286900,,,,,
287000,,,,,
287100,,,,,
287200,,,,,
287300,,,,,
287400,,,,,
287500,1508813421000.0,43.00461758529378,-78.80823471246016,16.447989,269.15222
287600,,,,,
287700,,,,,
287800,,,,,
287900,,,,,
288000,,,,,
288100,,,,,
288200,,,,,
288300,,,,,
288400,,,,,
288500,1508813422000.0,43.004617336579635,-78.8084380323982,16.809963,269.2516
288600,,,,,
288700,,,,,
288800,,,,,
288900,,,,,
289000,,,,,
289100,,,,,
289200,,,,,
289300,,,,,
289400,,,,,
289500,1508813423000.0,43.00461735670248,-78.80864445539535,16.911821,269.3941
289600,,,,,
289700,,,,,
289800,,,,,
289900,,,,,
290000,,,,,
290100,,,,,
290200,,,,,
290300,,,,,
290400,,,,,
290500,1508813424000.0,43.00461651518423,-78.80885339988401,17.093204,268.7238
290600,,,,,
290700,,,,,
290800,,,,,
290900,,,,,
291000,,,,,
291100,,,,,
291200,,,,,
291300,,,,,
291400,,,,,
291500,1508813425000.0,43.00461455823785,-78.80906459148902,17.248184,268.71752999999995
291600,,,,,
291700,,,,,
291800,,,,,
291900,,,,,
292000,,,,,
292100,,,,,
292200,,,,,
292300,,,,,
292400,,,,,
292500,1508813426000.0,43.00461314216781,-78.80927613036509,17.274586,269.49362
292600,,,,,
292700,,,,,
292800,,,,,
292900,,,,,
293000,,,,,
293100,,,,,
293200,,,,,
293300,,,,,
293400,,,,,
293500,1508813427000.0,43.00461381912451,-78.809487939651,17.241543,269.7908
293600,,,,,
293700,,,,,
293800,,,,,
293900,,,,,
294000,,,,,
294100,,,,,
294200,,,,,
294300,,,,,
294400,,,,,
294500,1508813428000.0,43.00461602656022,-78.80969968812731,17.168322,270.75952
294600,,,,,
294700,,,,,
294800,,,,,
294900,,,,,
295000,,,,,
295100,,,,,
295200,,,,,
295300,,,,,
295400,,,,,
295500,1508813429000.0,43.00461763931335,-78.80991066390906,17.187653,269.67563
295600,,,,,
295700,,,,,
295800,,,,,
295900,,,,,
296000,,,,,
296100,,,,,
296200,,,,,
296300,,,,,
296400,,,,,
296500,1508813430000.0,43.004617759073106,-78.81012291405261,17.279486,269.37305
296600,,,,,
296700,,,,,
296800,,,,,
296900,,,,,
297000,,,,,
297100,,,,,
297200,,,,,
297300,,,,,
297400,,,,,
297500,1508813431000.0,43.004616923086346,-78.81033681816206,17.512154000000002,269.1781
297600,,,,,
297700,,,,,
297800,,,,,
297900,,,,,
298000,,,,,
298100,,,,,
298200,,,,,
298300,,,,,
298400,,,,,
298500,1508813432000.0,43.00461761154663,-78.81055244098484,17.599508,270.34094
298600,,,,,
298700,,,,,
298800,,,,,
298900,,,,,
299000,,,,,
299100,,,,,
299200,,,,,
299300,,,,,
299400,,,,,
299500,1508813433000.0,43.004618609709645,-78.81076379058905,16.875006,269.4784
299600,,,,,
299700,,,,,
299800,,,,,
299900,,,,,
300000,,,,,
300100,,,,,
300200,,,,,
300300,,,,,
300400,,,,,
300500,1508813434000.0,43.004615724879905,-78.81097132781781,17.054438,267.6546
300600,,,,,
300700,,,,,
300800,,,,,
300900,,,,,
301000,,,,,
301100,,,,,
301200,,,,,
301300,,,,,
301400,,,,,
301500,1508813435000.0,43.004611284094295,-78.8111753699369,16.401718,268.65152
301600,,,,,
301700,,,,,
301800,,,,,
301900,,,,,
302000,,,,,
302100,,,,,
302200,,,,,
302300,,,,,
302400,,,,,
302500,,,,,
302600,1508813436000.0,43.00460995459078,-78.8113713021596,15.82906,269.80563
302700,,,,,
302800,,,,,
302900,,,,,
303000,,,,,
303100,,,,,
303200,,,,,
303300,,,,,
303400,,,,,
303500,1508813437000.0,43.004612237729376,-78.8115591991232,15.431363,271.88025
303600,,,,,
303700,,,,,
303800,,,,,
303900,,,,,
304000,,,,,
304100,,,,,
304200,,,,,
304300,,,,,
304400,,,,,
304500,1508813438000.0,43.0046184697895,-78.81174596295477,15.298003,273.82526
304600,,,,,
304700,,,,,
304800,,,,,
304900,,,,,
305000,,,,,
305100,,,,,
305200,,,,,
305300,,,,,
305400,,,,,
305500,1508813439000.0,43.00462908033346,-78.81193053948162,15.278022,276.98315
305600,,,,,
305700,,,,,
305800,,,,,
305900,,,,,
306000,,,,,
306100,,,,,
306200,,,,,
306300,,,,,
306400,,,,,
306500,1508813440000.0,43.004648803605406,-78.81211281990501,15.163309,281.403
306600,,,,,
306700,,,,,
306800,,,,,
306900,,,,,
307000,,,,,
307100,,,,,
307200,,,,,
307300,,,,,
307400,,,,,
307500,1508813441000.0,43.004682881266454,-78.81229083321884,15.209848,288.1337
307600,,,,,
307700,,,,,
307800,,,,,
307900,,,,,
308000,,,,,
308100,,,,,
308200,,,,,
308300,,,,,
308400,,,,,
308500,1508813442000.0,43.00473240343221,-78.81246268350523,15.048672,293.2575
308600,,,,,
308700,,,,,
308800,,,,,
308900,,,,,
309000,,,,,
309100,,,,,
309200,,,,,
309300,,,,,
309400,,,,,
309500,1508813443000.0,43.0047924107592,-78.8126222793112,14.616829999999998,297.34082
309600,,,,,
309700,,,,,
309800,,,,,
309900,,,,,
310000,,,,,
310100,,,,,
310200,,,,,
310300,,,,,
310400,,,,,
310500,1508813444000.0,43.004859704804105,-78.81277062276152,14.121856,300.60577
310600,,,,,
310700,,,,,
310800,,,,,
310900,,,,,
311000,,,,,
311100,,,,,
311200,,,,,
311300,,,,,
311400,,,,,
311500,1508813445000.0,43.004930944021,-78.8129107399768,13.904512,305.43237
311600,,,,,
311700,,,,,
311800,,,,,
311900,,,,,
312000,,,,,
312100,,,,,
312200,,,,,
312300,,,,,
312400,,,,,
312500,1508813446000.0,43.00500903335286,-78.81304228753537,13.846892,307.45117
312600,,,,,
312700,,,,,
312800,,,,,
312900,,,,,
313000,,,,,
313100,,,,,
313200,,,,,
313300,,,,,
313400,,,,,
313500,1508813447000.0,43.005089347967996,-78.81317297148144,13.779348,310.6845
313600,,,,,
313700,,,,,
313800,,,,,
313900,,,,,
314000,,,,,
314100,,,,,
314200,,,,,
314300,,,,,
314400,,,,,
314500,1508813448000.0,43.00517396225976,-78.81329790954717,14.1092825,313.40866
314600,,,,,
314700,,,,,
314800,,,,,
314900,,,,,
315000,,,,,
315100,,,,,
315200,,,,,
315300,,,,,
315400,,,,,
315500,1508813449000.0,43.00526483119526,-78.81342064371027,14.459884,315.39075
315600,,,,,
315700,,,,,
315800,,,,,
315900,,,,,
316000,,,,,
316100,,,,,
316200,,,,,
316300,,,,,
316400,,,,,
316500,1508813450000.0,43.00535724286644,-78.8135436946513,14.412601,315.2993
316600,,,,,
316700,,,,,
316800,,,,,
316900,,,,,
317000,,,,,
317100,,,,,
317200,,,,,
317300,,,,,
317400,,,,,
317500,1508813451000.0,43.00544943625001,-78.8136694441872,14.6632,314.0214200000001
317600,,,,,
317700,,,,,
317800,,,,,
317900,,,,,
318000,,,,,
318100,,,,,
318200,,,,,
318300,,,,,
318400,,,,,
318500,1508813452000.0,43.00554146189648,-78.81379778926501,14.809773000000002,313.33633
318600,,,,,
318700,,,,,
318800,,,,,
318900,,,,,
319000,,,,,
319100,,,,,
319200,,,,,
319300,,,,,
319400,,,,,
319500,1508813453000.0,43.00563194361663,-78.81392218699114,13.89161,315.41037
319600,,,,,
319700,,,,,
319800,,,,,
319900,,,,,
320000,,,,,
320100,,,,,
320200,,,,,
320300,,,,,
320400,,,,,
320500,1508813454000.0,43.00572279215957,-78.8140356424018,13.573665,318.78918
320600,,,,,
320700,,,,,
320800,,,,,
320900,,,,,
321000,,,,,
321100,,,,,
321200,,,,,
321300,,,,,
321400,,,,,
321500,1508813455000.0,43.0058152761809,-78.81414446363834,13.485962,318.00058
321600,,,,,
321700,,,,,
321800,,,,,
321900,,,,,
322000,,,,,
322100,,,,,
322200,,,,,
322300,,,,,
322400,,,,,
322500,1508813456000.0,43.00590351402009,-78.81425492047096,13.079527,315.4422600000001
322600,,,,,
322700,,,,,
322800,,,,,
322900,,,,,
323000,,,,,
323100,,,,,
323200,,,,,
323300,,,,,
323400,,,,,
323500,1508813457000.0,43.00598574911661,-78.8143644795889,12.572125,315.50293
323600,,,,,
323700,,,,,
323800,,,,,
323900,,,,,
324000,,,,,
324100,,,,,
324200,,,,,
324300,,,,,
324400,,,,,
324500,1508813458000.0,43.00606499795564,-78.81447345190516,12.557107,313.79443
324600,,,,,
324700,,,,,
324800,,,,,
324900,,,,,
325000,,,,,
325100,,,,,
325200,,,,,
325300,,,,,
325400,,,,,
325500,1508813459000.0,43.00614397752801,-78.81458178906715,12.400326,315.5597
325600,,,,,
325700,,,,,
325800,,,,,
325900,,,,,
326000,,,,,
326100,,,,,
326200,,,,,
326300,,,,,
326400,,,,,
326500,1508813460000.0,43.00622565042711,-78.81468869278244,12.909632,316.69144
326600,,,,,
326700,,,,,
326800,,,,,
326900,,,,,
327000,,,,,
327100,,,,,
327200,,,,,
327300,,,,,
327400,,,,,
327500,1508813461000.0,43.00631023916401,-78.81479670558599,13.142382,317.14444
327600,,,,,
327700,,,,,
327800,,,,,
327900,,,,,
328000,,,,,
328100,,,,,
328200,,,,,
328300,,,,,
328400,,,,,
328500,1508813462000.0,43.00639630882003,-78.8149085463544,13.419853,316.52332
328600,,,,,
328700,,,,,
328800,,,,,
328900,,,,,
329000,,,,,
329100,,,,,
329200,,,,,
329300,,,,,
329400,,,,,
329500,1508813463000.0,43.006484217187605,-78.81502056709164,13.388487,317.78226
329600,,,,,
329700,,,,,
329800,,,,,
329900,,,,,
330000,,,,,
330100,,,,,
330200,,,,,
330300,,,,,
330400,,,,,
330500,1508813464000.0,43.006576891962034,-78.81512738068227,13.531359,322.03467
330600,,,,,
330700,,,,,
330800,,,,,
330900,,,,,
331000,,,,,
331100,,,,,
331200,,,,,
331300,,,,,
331400,,,,,
331500,1508813465000.0,43.006676341456654,-78.81522491443103,13.814505,325.3651
331600,,,,,
331700,,,,,
331800,,,,,
331900,,,,,
332000,,,,,
332100,,,,,
332200,,,,,
332300,,,,,
332400,,,,,
332500,1508813466000.0,43.0067853526598,-78.81531430316882,14.024758,330.9609700000001
332600,,,,,
332700,,,,,
332800,,,,,
332900,,,,,
333000,,,,,
333100,,,,,
333200,,,,,
333300,,,,,
333400,,,,,
333500,1508813467000.0,43.0069027017988,-78.81539567643466,14.509456,334.2821
333600,,,,,
333700,,,,,
333800,,,,,
333900,,,,,
334000,,,,,
334100,,,,,
334200,,,,,
334300,,,,,
334400,,,,,
334500,1508813468000.0,43.00702325417693,-78.81546579338395,14.186621,338.43518
334600,,,,,
334700,,,,,
334800,,,,,
334900,,,,,
335000,,,,,
335100,,,,,
335200,,,,,
335300,,,,,
335400,,,,,
335500,1508813469000.0,43.00714907689869,-78.81552351217019,14.636133,341.7848
335600,,,,,
335700,,,,,
335800,,,,,
335900,,,,,
336000,,,,,
336100,,,,,
336200,,,,,
336300,,,,,
336400,,,,,
336500,,,,,
336600,1508813470000.0,43.007280206345946,-78.81557576587005,14.928635,342.78073
336700,,,,,
336800,,,,,
336900,,,,,
337000,,,,,
337100,,,,,
337200,,,,,
337300,,,,,
337400,,,,,
337500,1508813471000.0,43.00741501071021,-78.8156283375511,15.358212,342.8805200000001
337600,,,,,
337700,,,,,
337800,,,,,
337900,,,,,
338000,,,,,
338100,,,,,
338200,,,,,
338300,,,,,
338400,,,,,
338500,,,,,
338600,1508813472000.0,43.007553336128666,-78.81568356489343,16.080513,342.81345
338700,,,,,
338800,,,,,
338900,,,,,
339000,,,,,
339100,,,,,
339200,,,,,
339300,,,,,
339400,,,,,
339500,1508813473000.0,43.007694672423305,-78.81574262421772,16.278086,342.08762
339600,,,,,
339700,,,,,
339800,,,,,
339900,,,,,
340000,,,,,
340100,,,,,
340200,,,,,
340300,,,,,
340400,,,,,
340500,1508813474000.0,43.007837665624606,-78.8158051833428,16.636974,341.80426
340600,,,,,
340700,,,,,
340800,,,,,
340900,,,,,
341000,,,,,
341100,,,,,
341200,,,,,
341300,,,,,
341400,,,,,
341500,1508813475000.0,43.00798222372055,-78.81587055959359,16.905697,341.458
341600,,,,,
341700,,,,,
341800,,,,,
341900,,,,,
342000,,,,,
342100,,,,,
342200,,,,,
342300,,,,,
342400,,,,,
342500,1508813476000.0,43.008126005605725,-78.81593949864605,16.828384,340.9136
342600,,,,,
342700,,,,,
342800,,,,,
342900,,,,,
343000,,,,,
343100,,,,,
343200,,,,,
343300,,,,,
343400,,,,,
343500,1508813477000.0,43.0082686345257,-78.81600510382306,16.563425,341.93863
343600,,,,,
343700,,,,,
343800,,,,,
343900,,,,,
344000,,,,,
344100,,,,,
344200,,,,,
344300,,,,,
344400,,,,,
344500,1508813478000.0,43.00840781348384,-78.81606830094948,16.005829000000002,341.33914
344600,,,,,
344700,,,,,
344800,,,,,
344900,,,,,
345000,,,,,
345100,,,,,
345200,,,,,
345300,,,,,
345400,,,,,
345500,1508813479000.0,43.00854360723429,-78.81612954850678,15.674375,341.14896
345600,,,,,
345700,,,,,
345800,,,,,
345900,,,,,
346000,,,,,
346100,,,,,
346200,,,,,
346300,,,,,
346400,,,,,
346500,1508813480000.0,43.00867538071783,-78.8161906216814,15.216866,341.7025799999999
346600,,,,,
346700,,,,,
346800,,,,,
346900,,,,,
347000,,,,,
347100,,,,,
347200,,,,,
347300,,,,,
347400,,,,,
347500,1508813481000.0,43.00880247300169,-78.81624881429492,14.766387,341.85736
347600,,,,,
347700,,,,,
347800,,,,,
347900,,,,,
348000,,,,,
348100,,,,,
348200,,,,,
348300,,,,,
348400,,,,,
348500,,,,,
348600,1508813482000.0,43.008929918669146,-78.81631083883319,15.125017,341.0361
348700,,,,,
348800,,,,,
348900,,,,,
349000,,,,,
349100,,,,,
349200,,,,,
349300,,,,,
349400,,,,,
349500,1508813483000.0,43.00905968024149,-78.81637502885295,15.545414,340.7963
349600,,,,,
349700,,,,,
349800,,,,,
349900,,,,,
350000,,,,,
350100,,,,,
350200,,,,,
350300,,,,,
350400,,,,,
350500,1508813484000.0,43.009192254577655,-78.8164402496138,15.575264,340.49576
350600,,,,,
350700,,,,,
350800,,,,,
350900,,,,,
351000,,,,,
351100,,,,,
351200,,,,,
351300,,,,,
351400,,,,,
351500,1508813485000.0,43.00932533866464,-78.8165077492513,15.55034,340.2021200000001
351600,,,,,
351700,,,,,
351800,,,,,
351900,,,,,
352000,,,,,
352100,,,,,
352200,,,,,
352300,,,,,
352400,,,,,
352500,1508813486000.0,43.009456487694656,-78.81657474023496,15.341008,339.57394
352600,,,,,
352700,,,,,
352800,,,,,
352900,,,,,
353000,,,,,
353100,,,,,
353200,,,,,
353300,,,,,
353400,,,,,
353500,1508813487000.0,43.009585621754866,-78.81663963728334,15.016754,340.7959
353600,,,,,
353700,,,,,
353800,,,,,
353900,,,,,
354000,,,,,
354100,,,,,
354200,,,,,
354300,,,,,
354400,,,,,
354500,1508813488000.0,43.00971361801389,-78.81670014741563,14.763198999999998,341.72244
354600,,,,,
354700,,,,,
354800,,,,,
354900,,,,,
355000,,,,,
355100,,,,,
355200,,,,,
355300,,,,,
355400,,,,,
355500,1508813489000.0,43.00984029491738,-78.81675396697479,14.404565,344.3676
355600,,,,,
355700,,,,,
355800,,,,,
355900,,,,,
356000,,,,,
356100,,,,,
356200,,,,,
356300,,,,,
356400,,,,,
356500,1508813490000.0,43.00996636233757,-78.8167983799698,14.247837,346.9133
356600,,,,,
356700,,,,,
356800,,,,,
356900,,,,,
357000,,,,,
357100,,,,,
357200,,,,,
357300,,,,,
357400,,,,,
357500,1508813491000.0,43.01009331896486,-78.81683208160158,14.119957,350.89066
357600,,,,,
357700,,,,,
357800,,,,,
357900,,,,,
358000,,,,,
358100,,,,,
358200,,,,,
358300,,,,,
358400,,,,,
358500,1508813492000.0,43.01022096109667,-78.8168522820783,13.915767,354.43744
358600,,,,,
358700,,,,,
358800,,,,,
358900,,,,,
359000,,,,,
359100,,,,,
359200,,,,,
359300,,,,,
359400,,,,,
359500,,,,,
359600,1508813493000.0,43.010345953440506,-78.81686427046745,13.764629,356.43774
359700,,,,,
359800,,,,,
359900,,,,,
360000,,,,,
360100,,,,,
360200,,,,,
360300,,,,,
360400,,,,,
360500,1508813494000.0,43.01047030428893,-78.81687282989148,13.794228,356.58734
360600,,,,,
360700,,,,,
360800,,,,,
360900,,,,,
361000,,,,,
361100,,,,,
361200,,,,,
361300,,,,,
361400,,,,,
361500,1508813495000.0,43.010594721988106,-78.81687956291724,13.714574,356.88086
361600,,,,,
361700,,,,,
361800,,,,,
361900,,,,,
362000,,,,,
362100,,,,,
362200,,,,,
362300,,,,,
362400,,,,,
362500,1508813496000.0,43.01071893266598,-78.81688900701356,13.790029,356.0003700000001
362600,,,,,
362700,,,,,
362800,,,,,
362900,,,,,
363000,,,,,
363100,,,,,
363200,,,,,
363300,,,,,
363400,,,,,
363500,1508813497000.0,43.01084377769953,-78.81690006544817,14.05168,356.13144
363600,,,,,
363700,,,,,
363800,,,,,
363900,,,,,
364000,,,,,
364100,,,,,
364200,,,,,
364300,,,,,
364400,,,,,
364500,,,,,
364600,1508813498000.0,43.010969587739694,-78.81691113308214,14.144205,355.73978
364700,,,,,
364800,,,,,
364900,,,,,
365000,,,,,
365100,,,,,
365200,,,,,
365300,,,,,
365400,,,,,
365500,1508813499000.0,43.011095799756156,-78.81692423944182,14.266613,355.51575
365600,,,,,
365700,,,,,
365800,,,,,
365900,,,,,
366000,,,,,
366100,,,,,
366200,,,,,
366300,,,,,
366400,,,,,
366500,1508813500000.0,43.01122110006046,-78.81693703632544,14.047982,355.31613
366600,,,,,
366700,,,,,
366800,,,,,
366900,,,,,
367000,,,,,
367100,,,,,
367200,,,,,
367300,,,,,
367400,,,,,
367500,1508813501000.0,43.01134414896964,-78.81694814292277,13.734191,356.18338
367600,,,,,
367700,,,,,
367800,,,,,
367900,,,,,
368000,,,,,
368100,,,,,
368200,,,,,
368300,,,,,
368400,,,,,
368500,1508813502000.0,43.01146217885583,-78.8169581179912,13.001673,356.0438
368600,,,,,
368700,,,,,
368800,,,,,
368900,,,,,
369000,,,,,
369100,,,,,
369200,,,,,
369300,,,,,
369400,,,,,
369500,1508813503000.0,43.01157210711938,-78.81696845625791,11.696599,355.5629
369600,,,,,
369700,,,,,
369800,,,,,
369900,,,,,
370000,,,,,
370100,,,,,
370200,,,,,
370300,,,,,
370400,,,,,
370500,1508813504000.0,43.01167143103203,-78.8169781053985,10.633378,356.05844
370600,,,,,
370700,,,,,
370800,,,,,
370900,,,,,
371000,,,,,
371100,,,,,
371200,,,,,
371300,,,,,
371400,,,,,
371500,1508813505000.0,43.01176391946453,-78.81698551902973,10.234214,356.61234
371600,,,,,
371700,,,,,
371800,,,,,
371900,,,,,
372000,,,,,
372100,,,,,
372200,,,,,
372300,,,,,
372400,,,,,
372500,1508813506000.0,43.011852761459764,-78.81699055240688,9.88536,357.00916
372600,,,,,
372700,,,,,
372800,,,,,
372900,,,,,
373000,,,,,
373100,,,,,
373200,,,,,
373300,,,,,
373400,,,,,
373500,1508813507000.0,43.01193913133393,-78.81699702757727,9.312195,356.7981
373600,,,,,
373700,,,,,
373800,,,,,
373900,,,,,
374000,,,,,
374100,,,,,
374200,,,,,
374300,,,,,
374400,,,,,
374500,1508813508000.0,43.01202003584181,-78.81700278798155,8.81821,357.26233
374600,,,,,
374700,,,,,
374800,,,,,
374900,,,,,
375000,,,,,
375100,,,,,
375200,,,,,
375300,,,,,
375400,,,,,
375500,1508813509000.0,43.01209312378563,-78.81700738447626,7.670768700000001,357.15112
375600,,,,,
375700,,,,,
375800,,,,,
375900,,,,,
376000,,,,,
376100,,,,,
376200,,,,,
376300,,,,,
376400,,,,,
376500,1508813510000.0,43.012153998691254,-78.81701241425172,6.232978,356.5846
376600,,,,,
376700,,,,,
376800,,,,,
376900,,,,,
377000,,,,,
377100,,,,,
377200,,,,,
377300,,,,,
377400,,,,,
377500,1508813511000.0,43.01219982873776,-78.81701545926636,4.595086599999999,358.0717
377600,,,,,
377700,,,,,
377800,,,,,
377900,,,,,
378000,,,,,
378100,,,,,
378200,,,,,
378300,,,,,
378400,,,,,
378500,1508813512000.0,43.01223301280185,-78.81701744330783,3.2366624,357.18118
378600,,,,,
378700,,,,,
378800,,,,,
378900,,,,,
379000,,,,,
379100,,,,,
379200,,,,,
379300,,,,,
379400,,,,,
379500,1508813513000.0,43.01225862078603,-78.81701806566316,2.4255059,357.48102
379600,,,,,
379700,,,,,
379800,,,,,
379900,,,,,
380000,,,,,
380100,,,,,
380200,,,,,
380300,,,,,
380400,,,,,
380500,1508813514000.0,43.012275997229175,-78.81702218919239,1.9253323,358.6566
380600,,,,,
380700,,,,,
380800,,,,,
380900,,,,,
381000,,,,,
381100,,,,,
381200,,,,,
381300,,,,,
381400,,,,,
381500,1508813515000.0,43.01229298993318,-78.81702418124804,2.2344732000000005,4.037085
381600,,,,,
381700,,,,,
381800,,,,,
381900,,,,,
382000,,,,,
382100,,,,,
382200,,,,,
382300,,,,,
382400,,,,,
382500,1508813516000.0,43.012312641714466,-78.81702439410154,2.418924,0.8714028
382600,,,,,
382700,,,,,
382800,,,,,
382900,,,,,
383000,,,,,
383100,,,,,
383200,,,,,
383300,,,,,
383400,,,,,
383500,,,,,
383600,1508813517000.0,43.012330832194756,-78.81702614040465,1.863309,357.16333
383700,,,,,
383800,,,,,
383900,,,,,
384000,,,,,
384100,,,,,
384200,,,,,
384300,,,,,
384400,,,,,
384500,1508813518000.0,43.012341395664606,-78.81702937411417,0.6425081,334.9813200000001
384600,,,,,
384700,,,,,
384800,,,,,
384900,,,,,
385000,,,,,
385100,,,,,
385200,,,,,
385300,,,,,
385400,,,,,
385500,,,,,
385600,,,,,
385700,,,,,
385800,,,,,
385900,,,,,
386000,,,,,
386100,,,,,
386200,,,,,
386300,,,,,
386400,,,,,
386500,,,,,
386600,,,,,
386700,,,,,
386800,,,,,
386900,,,,,
387000,,,,,
387100,,,,,
387200,,,,,
387300,,,,,
387400,,,,,
387500,,,,,
387600,,,,,
387700,,,,,
387800,,,,,
387900,,,,,
388000,,,,,
388100,,,,,
388200,,,,,
388300,,,,,
388400,,,,,
388500,,,,,
388600,,,,,
388700,,,,,
388800,,,,,
388900,,,,,
389000,,,,,
389100,,,,,
389200,,,,,
389300,,,,,
389400,,,,,
389500,,,,,
389600,,,,,
389700,,,,,
389800,,,,,
389900,,,,,
390000,,,,,
390100,,,,,
390200,,,,,
390300,,,,,
390400,,,,,
390500,1508813524000.0,43.01235486085947,-78.81704201029913,1.8942502,348.2743
390600,,,,,
390700,,,,,
390800,,,,,
390900,,,,,
391000,,,,,
391100,,,,,
391200,,,,,
391300,,,,,
391400,,,,,
391500,1508813525000.0,43.01237682905737,-78.81706023882064,3.3779001,324.8609
391600,,,,,
391700,,,,,
391800,,,,,
391900,,,,,
392000,,,,,
392100,,,,,
392200,,,,,
392300,,,,,
392400,,,,,
392500,1508813526000.0,43.01240790832368,-78.8170949070532,4.7650776,315.74286
392600,,,,,
392700,,,,,
392800,,,,,
392900,,,,,
393000,,,,,
393100,,,,,
393200,,,,,
393300,,,,,
393400,,,,,
393500,1508813527000.0,43.012434951853606,-78.81715476306809,6.2947583,287.95346
393600,,,,,
393700,,,,,
393800,,,,,
393900,,,,,
394000,,,,,
394100,,,,,
394200,,,,,
394300,,,,,
394400,,,,,
394500,1508813528000.0,43.012449629694785,-78.8172462181457,8.225272,275.12155
394600,,,,,
394700,,,,,
394800,,,,,
394900,,,,,
395000,,,,,
395100,,,,,
395200,,,,,
395300,,,,,
395400,,,,,
395500,1508813529000.0,43.0124538119324,-78.81736311280133,9.953089,269.9985
395600,,,,,
395700,,,,,
395800,,,,,
395900,,,,,
396000,,,,,
396100,,,,,
396200,,,,,
396300,,,,,
396400,,,,,
396500,1508813530000.0,43.01245393440434,-78.81749767500399,11.173759,267.8058
396600,,,,,
396700,,,,,
396800,,,,,
396900,,,,,
397000,,,,,
397100,,,,,
397200,,,,,
397300,,,,,
397400,,,,,
397500,1508813531000.0,43.01245309581973,-78.81764523795134,12.082398,267.8441
397600,,,,,
397700,,,,,
397800,,,,,
397900,,,,,
398000,,,,,
398100,,,,,
398200,,,,,
398300,,,,,
398400,,,,,
398500,1508813532000.0,43.01245384336754,-78.81780118322624,12.445122,269.84418
398600,,,,,
398700,,,,,
398800,,,,,
398900,,,,,
399000,,,,,
399100,,,,,
399200,,,,,
399300,,,,,
399400,,,,,
399500,1508813533000.0,43.01245381281078,-78.81795824155225,12.3256645,267.93387
399600,,,,,
399700,,,,,
399800,,,,,
399900,,,,,
400000,,,,,
400100,,,,,
400200,,,,,
400300,,,,,
400400,,,,,
400500,1508813534000.0,43.01245077216989,-78.81810804356877,11.557392,267.8713
400600,,,,,
400700,,,,,
400800,,,,,
400900,,,,,
401000,,,,,
401100,,,,,
401200,,,,,
401300,,,,,
401400,,,,,
401500,1508813535000.0,43.01244921038975,-78.8182459310143,10.771112,268.77798
401600,,,,,
401700,,,,,
401800,,,,,
401900,,,,,
402000,,,,,
402100,,,,,
402200,,,,,
402300,,,,,
402400,,,,,
402500,1508813536000.0,43.012446856386816,-78.81836575726811,8.881113000000003,267.13535
402600,,,,,
402700,,,,,
402800,,,,,
402900,,,,,
403000,,,,,
403100,,,,,
403200,,,,,
403300,,,,,
403400,,,,,
403500,1508813537000.0,43.012448580345314,-78.81846207577188,7.2181535,274.51852
403600,,,,,
403700,,,,,
403800,,,,,
403900,,,,,
404000,,,,,
404100,,,,,
404200,,,,,
404300,,,,,
404400,,,,,
404500,1508813538000.0,43.012464082018795,-78.81853420738001,5.8167825,295.52505
404600,,,,,
404700,,,,,
404800,,,,,
404900,,,,,
405000,,,,,
405100,,,,,
405200,,,,,
405300,,,,,
405400,,,,,
405500,1508813539000.0,43.01249891825582,-78.81858153501561,5.390633599999999,321.9996
405600,,,,,
405700,,,,,
405800,,,,,
405900,,,,,
406000,,,,,
406100,,,,,
406200,,,,,
406300,,,,,
406400,,,,,
406500,1508813540000.0,43.012552912978144,-78.81860279022487,6.11505,353.00006
406600,,,,,
406700,,,,,
406800,,,,,
406900,,,,,
407000,,,,,
407100,,,,,
407200,,,,,
407300,,,,,
407400,,,,,
407500,1508813541000.0,43.01261664833507,-78.81859723597721,7.226387,4.296553599999998
407600,,,,,
407700,,,,,
407800,,,,,
407900,,,,,
408000,,,,,
408100,,,,,
408200,,,,,
408300,,,,,
408400,,,,,
408500,1508813542000.0,43.012688020666026,-78.81858390103983,8.625542,5.3567243
408600,,,,,
408700,,,,,
408800,,,,,
408900,,,,,
409000,,,,,
409100,,,,,
409200,,,,,
409300,,,,,
409400,,,,,
409500,1508813543000.0,43.012769755104266,-78.81856904306524,9.671507,4.6139493
409600,,,,,
409700,,,,,
409800,,,,,
409900,,,,,
410000,,,,,
410100,,,,,
410200,,,,,
410300,,,,,
410400,,,,,
410500,1508813544000.0,43.01286179846958,-78.81855845688496,10.617202,2.7942371
410600,,,,,
410700,,,,,
410800,,,,,
410900,,,,,
411000,,,,,
411100,,,,,
411200,,,,,
411300,,,,,
411400,,,,,
411500,1508813545000.0,43.012965525074605,-78.81855054267461,11.469436,1.7896813000000005
411600,,,,,
411700,,,,,
411800,,,,,
411900,,,,,
412000,,,,,
412100,,,,,
412200,,,,,
412300,,,,,
412400,,,,,
412500,1508813546000.0,43.01307663089703,-78.81854712913922,12.609337,1.8886615
412600,,,,,
412700,,,,,
412800,,,,,
412900,,,,,
413000,,,,,
413100,,,,,
413200,,,,,
413300,,,,,
413400,,,,,
413500,1508813547000.0,43.01319790075753,-78.81854370669987,13.320977,1.1020517
413600,,,,,
413700,,,,,
413800,,,,,
413900,,,,,
414000,,,,,
414100,,,,,
414200,,,,,
414300,,,,,
414400,,,,,
414500,1508813548000.0,43.01332596444481,-78.81853984535583,14.337435,2.0620935
414600,,,,,
414700,,,,,
414800,,,,,
414900,,,,,
415000,,,,,
415100,,,,,
415200,,,,,
415300,,,,,
415400,,,,,
415500,1508813549000.0,43.013456410778076,-78.81853576316027,14.158891,1.4487242
415600,,,,,
415700,,,,,
415800,,,,,
415900,,,,,
416000,,,,,
416100,,,,,
416200,,,,,
416300,,,,,
416400,,,,,
416500,1508813550000.0,43.01358503556429,-78.81853164311951,14.184229,1.8018873
416600,,,,,
416700,,,,,
416800,,,,,
416900,,,,,
417000,,,,,
417100,,,,,
417200,,,,,
417300,,,,,
417400,,,,,
417500,1508813551000.0,43.013715426206105,-78.81852665338228,14.645517000000002,1.9067819
417600,,,,,
417700,,,,,
417800,,,,,
417900,,,,,
418000,,,,,
418100,,,,,
418200,,,,,
418300,,,,,
418400,,,,,
418500,1508813552000.0,43.013847016248604,-78.81851786704958,14.7581,4.130662999999998
418600,,,,,
418700,,,,,
418800,,,,,
418900,,,,,
419000,,,,,
419100,,,,,
419200,,,,,
419300,,,,,
419400,,,,,
419500,1508813553000.0,43.01397425263517,-78.81851189498308,13.907803,0.24254906
419600,,,,,
419700,,,,,
419800,,,,,
419900,,,,,
420000,,,,,
420100,,,,,
420200,,,,,
420300,,,,,
420400,,,,,
420500,1508813554000.0,43.01409724828089,-78.81851082217028,13.824863,0.4569239000000001
420600,,,,,
420700,,,,,
420800,,,,,
420900,,,,,
421000,,,,,
421100,,,,,
421200,,,,,
421300,,,,,
421400,,,,,
421500,1508813555000.0,43.01421786461346,-78.81850901587977,13.632181,0.47129202
421600,,,,,
421700,,,,,
421800,,,,,
421900,,,,,
422000,,,,,
422100,,,,,
422200,,,,,
422300,,,,,
422400,,,,,
422500,1508813556000.0,43.01433556278878,-78.8185069119762,12.97016,0.9048118
422600,,,,,
422700,,,,,
422800,,,,,
422900,,,,,
423000,,,,,
423100,,,,,
423200,,,,,
423300,,,,,
423400,,,,,
423500,1508813557000.0,43.01444390514897,-78.81850686726037,11.665755,359.56042
423600,,,,,
423700,,,,,
423800,,,,,
423900,,,,,
424000,,,,,
424100,,,,,
424200,,,,,
424300,,,,,
424400,,,,,
424500,1508813558000.0,43.01454229648267,-78.81850622831405,10.668019,0.9206411
424600,,,,,
424700,,,,,
424800,,,,,
424900,,,,,
425000,,,,,
425100,,,,,
425200,,,,,
425300,,,,,
425400,,,,,
425500,1508813559000.0,43.01462836891322,-78.81850300218662,9.0563545,1.9141544
425600,,,,,
425700,,,,,
425800,,,,,
425900,,,,,
426000,,,,,
426100,,,,,
426200,,,,,
426300,,,,,
426400,,,,,
426500,1508813560000.0,43.01469751055908,-78.81850194878365,7.1137342000000015,359.85858
426600,,,,,
426700,,,,,
426800,,,,,
426900,,,,,
427000,,,,,
427100,,,,,
427200,,,,,
427300,,,,,
427400,,,,,
427500,1508813561000.0,43.01475563940001,-78.81850343951375,6.327751,1.255542
427600,,,,,
427700,,,,,
427800,,,,,
427900,,,,,
428000,,,,,
428100,,,,,
428200,,,,,
428300,,,,,
428400,,,,,
428500,1508813562000.0,43.01480530687582,-78.81850321274531,5.4313445,2.9486932999999995
428600,,,,,
428700,,,,,
428800,,,,,
428900,,,,,
429000,,,,,
429100,,,,,
429200,,,,,
429300,,,,,
429400,,,,,
429500,1508813563000.0,43.01484551387964,-78.81850311303337,4.603351,5.751981
429600,,,,,
429700,,,,,
429800,,,,,
429900,,,,,
430000,,,,,
430100,,,,,
430200,,,,,
430300,,,,,
430400,,,,,
430500,1508813564000.0,43.0148767852894,-78.81849472690722,4.0181384,23.269913
430600,,,,,
430700,,,,,
430800,,,,,
430900,,,,,
431000,,,,,
431100,,,,,
431200,,,,,
431300,,,,,
431400,,,,,
431500,1508813565000.0,43.014902622114924,-78.81846838115518,3.5912113,48.976387
431600,,,,,
431700,,,,,
431800,,,,,
431900,,,,,
432000,,,,,
432100,,,,,
432200,,,,,
432300,,,,,
432400,,,,,
432500,1508813566000.0,43.014914561599724,-78.81843029874342,3.4706178,75.00271
432600,,,,,
432700,,,,,
432800,,,,,
432900,,,,,
433000,,,,,
433100,,,,,
433200,,,,,
433300,,,,,
433400,,,,,
433500,1508813567000.0,43.01491652309408,-78.81838567613899,3.32862,95.17544
433600,,,,,
433700,,,,,
433800,,,,,
433900,,,,,
434000,,,,,
434100,,,,,
434200,,,,,
434300,,,,,
434400,,,,,
434500,1508813568000.0,43.01491369363872,-78.81833817735188,3.8581965,97.940285
434600,,,,,
434700,,,,,
434800,,,,,
434900,,,,,
435000,,,,,
435100,,,,,
435200,,,,,
435300,,,,,
435400,,,,,
435500,1508813569000.0,43.01491097786767,-78.81828477160462,4.541652,97.99839
435600,,,,,
435700,,,,,
435800,,,,,
435900,,,,,
436000,,,,,
436100,,,,,
436200,,,,,
436300,,,,,
436400,,,,,
436500,1508813570000.0,43.01490367667217,-78.81822199759354,5.4390955000000005,102.06429
436600,,,,,
436700,,,,,
436800,,,,,
436900,,,,,
437000,,,,,
437100,,,,,
437200,,,,,
437300,,,,,
437400,,,,,
437500,1508813571000.0,43.01489237367213,-78.81814983729592,5.9482800000000005,105.995926
437600,,,,,
437700,,,,,
437800,,,,,
437900,,,,,
438000,,,,,
438100,,,,,
438200,,,,,
438300,,,,,
438400,,,,,
438500,1508813572000.0,43.014878282256745,-78.81807447648382,6.0146494000000015,105.414696
438600,,,,,
438700,,,,,
438800,,,,,
438900,,,,,
439000,,,,,
439100,,,,,
439200,,,,,
439300,,,,,
439400,,,,,
439500,1508813573000.0,43.01486668419885,-78.81800181911291,5.6142955,100.96022
439600,,,,,
439700,,,,,
439800,,,,,
439900,,,,,
440000,,,,,
440100,,,,,
440200,,,,,
440300,,,,,
440400,,,,,
440500,1508813574000.0,43.014860288475454,-78.81793487967587,4.9854374,95.76065
440600,,,,,
440700,,,,,
440800,,,,,
440900,,,,,
441000,,,,,
441100,,,,,
441200,,,,,
441300,,,,,
441400,,,,,
441500,1508813575000.0,43.014857361625424,-78.81787255320957,4.627743,91.31646
441600,,,,,
441700,,,,,
441800,,,,,
441900,,,,,
442000,,,,,
442100,,,,,
442200,,,,,
442300,,,,,
442400,,,,,
442500,1508813576000.0,43.01486347014906,-78.8178151240044,4.028907,78.09261
442600,,,,,
442700,,,,,
442800,,,,,
442900,,,,,
443000,,,,,
443100,,,,,
443200,,,,,
443300,,,,,
443400,,,,,
443500,,,,,
443600,1508813577000.0,43.014879313255825,-78.81776503955538,3.7799351,59.00567
443700,,,,,
443800,,,,,
443900,,,,,
444000,,,,,
444100,,,,,
444200,,,,,
444300,,,,,
444400,,,,,
444500,1508813578000.0,43.01490709844789,-78.8177292043194,3.5851479,31.43263
444600,,,,,
444700,,,,,
444800,,,,,
444900,,,,,
445000,,,,,
445100,,,,,
445200,,,,,
445300,,,,,
445400,,,,,
445500,1508813579000.0,43.014943899292405,-78.81770890537199,3.9465766,14.567741
445600,,,,,
445700,,,,,
445800,,,,,
445900,,,,,
446000,,,,,
446100,,,,,
446200,,,,,
446300,,,,,
446400,,,,,
446500,1508813580000.0,43.014986446588885,-78.81770030526225,4.507567,1.2193829
446600,,,,,
446700,,,,,
446800,,,,,
446900,,,,,
447000,,,,,
447100,,,,,
447200,,,,,
447300,,,,,
447400,,,,,
447500,1508813581000.0,43.01503510678653,-78.8176968044576,4.95937,358.4457700000001
447600,,,,,
447700,,,,,
447800,,,,,
447900,,,,,
448000,,,,,
448100,,,,,
448200,,,,,
448300,,,,,
448400,,,,,
448500,1508813582000.0,43.015086383974115,-78.81769822371943,5.3541512,359.02197
448600,,,,,
448700,,,,,
448800,,,,,
448900,,,,,
449000,,,,,
449100,,,,,
449200,,,,,
449300,,,,,
449400,,,,,
449500,1508813583000.0,43.01513590608502,-78.81769910728613,4.8604355,358.12766
449600,,,,,
449700,,,,,
449800,,,,,
449900,,,,,
450000,,,,,
450100,,,,,
450200,,,,,
450300,,,,,
450400,,,,,
450500,1508813584000.0,43.01518172972344,-78.81769741505488,4.719732,1.5869592
450600,,,,,
450700,,,,,
450800,,,,,
450900,,,,,
451000,,,,,
451100,,,,,
451200,,,,,
451300,,,,,
451400,,,,,
451500,1508813585000.0,43.01522276095485,-78.81769619043904,4.3071356,358.19446
451600,,,,,
451700,,,,,
451800,,,,,
451900,,,,,
452000,,,,,
452100,,,,,
452200,,,,,
452300,,,,,
452400,,,,,
452500,1508813586000.0,43.01526503997128,-78.81769585403362,4.828361,359.7755
452600,,,,,
452700,,,,,
452800,,,,,
452900,,,,,
453000,,,,,
453100,,,,,
453200,,,,,
453300,,,,,
453400,,,,,
453500,1508813587000.0,43.01531148140665,-78.8176940200638,5.489031,0.5056183
453600,,,,,
453700,,,,,
453800,,,,,
453900,,,,,
454000,,,,,
454100,,,,,
454200,,,,,
454300,,,,,
454400,,,,,
454500,1508813588000.0,43.015364305191355,-78.81768976735717,6.206587,3.2041883
454600,,,,,
454700,,,,,
454800,,,,,
454900,,,,,
455000,,,,,
455100,,,,,
455200,,,,,
455300,,,,,
455400,,,,,
455500,1508813589000.0,43.01542135572362,-78.81768322286554,6.3974366,2.5625632
455600,,,,,
455700,,,,,
455800,,,,,
455900,,,,,
456000,,,,,
456100,,,,,
456200,,,,,
456300,,,,,
456400,,,,,
456500,1508813590000.0,43.01547894946787,-78.81767906215404,6.423492,0.7883896
456600,,,,,
456700,,,,,
456800,,,,,
456900,,,,,
457000,,,,,
457100,,,,,
457200,,,,,
457300,,,,,
457400,,,,,
457500,,,,,
457600,1508813591000.0,43.01553585083168,-78.81767584888951,6.1591835,1.1997793
457700,,,,,
457800,,,,,
457900,,,,,
458000,,,,,
458100,,,,,
458200,,,,,
458300,,,,,
458400,,,,,
458500,1508813592000.0,43.01558755609614,-78.81767013737701,5.0516806,3.752424
458600,,,,,
458700,,,,,
458800,,,,,
458900,,,,,
459000,,,,,
459100,,,,,
459200,,,,,
459300,,,,,
459400,,,,,
459500,1508813593000.0,43.015634406650044,-78.81766580083395,4.797857,1.2937577
459600,,,,,
459700,,,,,
459800,,,,,
459900,,,,,
460000,,,,,
460100,,,,,
460200,,,,,
460300,,,,,
460400,,,,,
460500,1508813594000.0,43.01567677275354,-78.81766070075298,4.085521,5.570661
460600,,,,,
460700,,,,,
460800,,,,,
460900,,,,,
461000,,,,,
461100,,,,,
461200,,,,,
461300,,,,,
461400,,,,,
461500,1508813595000.0,43.01570965876898,-78.81765574837037,2.9259412,3.6703024
461600,,,,,
461700,,,,,
461800,,,,,
461900,,,,,
462000,,,,,
462100,,,,,
462200,,,,,
462300,,,,,
462400,,,,,
462500,1508813596000.0,43.015734249758644,-78.81765740184211,2.1246886000000003,350.60648
462600,,,,,
462700,,,,,
462800,,,,,
462900,,,,,
463000,,,,,
463100,,,,,
463200,,,,,
463300,,,,,
463400,,,,,
463500,1508813597000.0,43.01575316161999,-78.81766134121584,1.4284887,342.34476
463600,,,,,
463700,,,,,
463800,,,,,
463900,,,,,
464000,,,,,
464100,,,,,
464200,,,,,
464300,,,,,
464400,,,,,
464500,1508813598000.0,43.01576895149991,-78.81766687738455,1.3035873,337.284
464600,,,,,
464700,,,,,
464800,,,,,
464900,,,,,
465000,,,,,
465100,,,,,
465200,,,,,
465300,,,,,
465400,,,,,
465500,1508813599000.0,43.015784164038,-78.81766948824298,1.5213323,346.29135
465600,,,,,
465700,,,,,
465800,,,,,
465900,,,,,
466000,,,,,
466100,,,,,
466200,,,,,
466300,,,,,
466400,,,,,
466500,1508813600000.0,43.015801161093684,-78.81767233402256,1.6674184,345.0242
466600,,,,,
466700,,,,,
466800,,,,,
466900,,,,,
467000,,,,,
467100,,,,,
467200,,,,,
467300,,,,,
467400,,,,,
467500,1508813601000.0,43.01581610873908,-78.81767707139531,1.3266866000000002,332.3067
467600,,,,,
467700,,,,,
467800,,,,,
467900,,,,,
468000,,,,,
468100,,,,,
468200,,,,,
468300,,,,,
468400,,,,,
468500,1508813602000.0,43.015828888534706,-78.81768026601709,1.4361231,347.89938
468600,,,,,
468700,,,,,
468800,,,,,
468900,,,,,
469000,,,,,
469100,,,,,
469200,,,,,
469300,,,,,
469400,,,,,
469500,1508813603000.0,43.01584316149024,-78.81768025329454,1.5118674,356.24094
469600,,,,,
469700,,,,,
469800,,,,,
469900,,,,,
470000,,,,,
470100,,,,,
470200,,,,,
470300,,,,,
470400,,,,,
470500,1508813604000.0,43.015858225654334,-78.81767627283641,1.4664294,8.21643
470600,,,,,
470700,,,,,
470800,,,,,
470900,,,,,
471000,,,,,
471100,,,,,
471200,,,,,
471300,,,,,
471400,,,,,
471500,1508813605000.0,43.01587245526089,-78.81766953885005,1.0602157,9.594063
471600,,,,,
471700,,,,,
471800,,,,,
471900,,,,,
472000,,,,,
472100,,,,,
472200,,,,,
472300,,,,,
472400,,,,,
472500,1508813606000.0,43.01588614930745,-78.81766189427745,1.5495871,11.519829
472600,,,,,
472700,,,,,
472800,,,,,
472900,,,,,
473000,,,,,
473100,,,,,
473200,,,,,
473300,,,,,
473400,,,,,
473500,1508813607000.0,43.015901088742304,-78.81765599534543,1.4442451,3.3555453
473600,,,,,
473700,,,,,
473800,,,,,
473900,,,,,
474000,,,,,
474100,,,,,
474200,,,,,
474300,,,,,
474400,,,,,
474500,1508813608000.0,43.01591579208755,-78.81765233919694,1.2990252,359.22107
474600,,,,,
474700,,,,,
474800,,,,,
474900,,,,,
475000,,,,,
475100,,,,,
475200,,,,,
475300,,,,,
475400,,,,,
475500,1508813609000.0,43.01593018830117,-78.81765482655902,1.4108063999999998,329.89825
475600,,,,,
475700,,,,,
475800,,,,,
475900,,,,,
476000,,,,,
476100,,,,,
476200,,,,,
476300,,,,,
476400,,,,,
476500,1508813610000.0,43.01594314144664,-78.8176627730094,1.2379507,316.35745
476600,,,,,
476700,,,,,
476800,,,,,
476900,,,,,
477000,,,,,
477100,,,,,
477200,,,,,
477300,,,,,
477400,,,,,
477500,1508813611000.0,43.015953722099454,-78.81767492450268,1.4758418,301.03595
477600,,,,,
477700,,,,,
477800,,,,,
477900,,,,,
478000,,,,,
478100,,,,,
478200,,,,,
478300,,,,,
478400,,,,,
478500,1508813612000.0,43.015962649887825,-78.81768853965781,1.0864886,307.40427
478600,,,,,
478700,,,,,
478800,,,,,
478900,,,,,
479000,,,,,
479100,,,,,
479200,,,,,
479300,,,,,
479400,,,,,
479500,1508813613000.0,43.015967799108466,-78.81770083566872,1.2220185,271.83307
479600,,,,,
479700,,,,,
479800,,,,,
479900,,,,,
480000,,,,,
480100,,,,,
480200,,,,,
480300,,,,,
480400,,,,,
480500,1508813614000.0,43.01597021149577,-78.81771474323345,0.9729863,267.73203
480600,,,,,
480700,,,,,
480800,,,,,
480900,,,,,
481000,,,,,
481100,,,,,
481200,,,,,
481300,,,,,
481400,,,,,
481500,1508813615000.0,43.0159717600689,-78.81772939050578,1.2082571000000002,254.13737000000003
481600,,,,,
481700,,,,,
481800,,,,,
481900,,,,,
482000,,,,,
482100,,,,,
482200,,,,,
482300,,,,,
482400,,,,,
482500,1508813616000.0,43.01597384003984,-78.8177423945448,0.7040805,273.1551
