timestamp,system_time,lat,lon,speed,bearing
1508813142293.0,8800,43.00384848113872,-78.78813112418696,2.2969356,0.0
1508813144291.0,10800,43.003875149837064,-78.78814177872003,2.6906903,0.0
1508813145000.0,11800,43.00389595985979,-78.78812828814728,3.5647433,0.0
1508813146000.0,12400,43.003919517983455,-78.78813719513585,4.034836,0.0
1508813147000.0,13400,43.00395678470255,-78.78827460309122,4.9011545,334.7771600000001
1508813148000.0,14400,43.00401200276786,-78.78830544640272,5.341284,322.3885
1508813149000.0,15400,43.004056423961174,-78.78834148096377,6.2324133,307.86047
1508813150000.0,16400,43.00409216352893,-78.78840596139923,7.032803,297.5629600000001
1508813151000.0,17400,43.00411954363449,-78.78848516848139,7.658282000000002,292.34268
1508813148293.0,18400,43.005123840078745,-78.78719413181864,4.518045,144.37657
1508813153000.0,19400,43.00416513618849,-78.7886920123028,9.15929,281.73486
1508813154000.0,20400,43.00417836950056,-78.78880581729432,9.277117,279.72903
1508813155000.0,21400,43.00418488881094,-78.78892046829493,9.240797,276.71875
1508813156000.0,22400,43.00419187777653,-78.78903629628336,9.0999,276.21118
1508813157000.0,23400,43.004198774356716,-78.78914732829334,8.5972805,274.0604
1508813158000.0,24400,43.00420274465455,-78.78924811695619,7.830247999999999,272.1047
1508813159000.0,25400,43.004202922888965,-78.78933921937384,7.0028543,267.9168
1508813160000.0,26400,43.00420119304266,-78.78941505689049,5.3901,267.25574
1508813161000.0,27400,43.00419962127637,-78.7894697506462,3.8630698,267.4268
1508813162000.0,28400,43.004200326410725,-78.78951300153399,3.5215056,273.62985
1508813163000.0,29400,43.00420966912919,-78.78955001008478,3.5094597000000003,295.2255
1508813164000.0,30400,43.00423109814993,-78.78958770903154,4.521659400000001,312.72696
1508813165000.0,31400,43.00426936801367,-78.7896177906957,5.645336,331.29572
1508813166000.0,32400,43.00432868685682,-78.78963741413067,7.227015,344.92847
1508813167000.0,33400,43.004407537332476,-78.78964950334641,8.7942705,351.04214
1508813168000.0,34400,43.004500256204174,-78.78965404103114,10.08763,354.96738
1508813169000.0,35400,43.004601316580974,-78.78965300843295,10.776801,357.6140000000001
1508813170000.0,36400,43.004704543791725,-78.78964717879063,10.537003,359.61557
1508813171000.0,37400,43.00480140451821,-78.7896422931111,10.116064,1.7397546999999998
1508813168284.5,38400,43.00556707327201,-78.78783005193851,4.8145,2.6169185
1508813173000.0,39600,43.004964540098285,-78.78962718830392,7.8878555,2.339317
1508813174000.0,40400,43.00502347255789,-78.78962776059267,5.982535,359.75052
1508813175000.0,41400,43.00506629546045,-78.78962944882451,4.5129633,2.190466
1508813176000.0,42400,43.005096500663825,-78.78963065921647,3.1049182,0.32380104
1508813177000.0,43400,43.00511248644413,-78.78963271722728,1.5357345,1.0623956
1508813180000.0,46400,43.00509216985292,-78.789629092407,1.2345533000000002,150.94006000000005
1508813181000.0,47400,43.00507817466956,-78.78962883988855,1.5058391000000002,185.83441
1508813182000.0,48400,43.00506367002039,-78.78963138420427,1.275217,196.53572
1508813183000.0,49400,43.00505264515688,-78.78963699858237,1.2443024,211.09203
1508813184000.0,50400,43.0050442392372,-78.78964245001043,1.2194513,225.23882000000003
1508813204000.0,70400,43.00507072046982,-78.78964084601209,2.7289789,0.3704663
1508813205000.0,71400,43.00510441437996,-78.78963892940268,4.1539392,0.30429757
1508813206000.0,72400,43.0051496453395,-78.78963985347904,4.940446400000001,352.391
1508813207000.0,73400,43.00520479791889,-78.78964947040785,6.111203700000001,348.3902
1508813208000.0,74400,43.005270655435716,-78.78967101858402,7.8808539999999985,344.6748
1508813209000.0,75400,43.005345475449694,-78.78970406745101,8.672485,340.57037
1508813210000.0,76400,43.00542082340949,-78.78975412937704,9.13949,331.37643
1508813211000.0,77400,43.00548840002357,-78.78982431575731,9.379057,313.1122
1508813212000.0,78600,43.00553770541168,-78.78993093358969,10.26959,295.3523
1508813213000.0,79400,43.00556743827341,-78.79006507000435,11.556205,281.85364
1508813214000.0,80400,43.005580781914425,-78.79022016866189,12.810657,274.115
1508813215000.0,81400,43.00558237734124,-78.79039303605308,13.835527,270.05057
1508813216000.0,82400,43.00557661974443,-78.79057425200553,14.16435,268.9144
1508813217000.0,83400,43.00557181288949,-78.79076340486506,15.095935999999998,270.31195
1508813218000.0,84400,43.0055694840232,-78.7909591608411,16.217814999999998,270.42386
1508813219000.0,85400,43.00556886670137,-78.79116301637049,16.535921,271.5733
1508813220000.0,86600,43.00557040564682,-78.79136674658379,16.543820999999998,271.7043
1508813221000.0,87400,43.005571496853506,-78.79157215321945,16.790665,271.46304
1508813222000.0,88400,43.00557109357929,-78.79178104650836,17.067448000000002,270.8122
1508813223000.0,89400,43.00556745605332,-78.79199377686695,17.358171,269.60568
1508813224000.0,90400,43.0055592411598,-78.79220835490301,17.439208999999998,267.8784
1508813225000.0,91400,43.005547660623996,-78.79242611622237,17.72336,266.23975
1508813226000.0,92400,43.00553221652418,-78.79264646772158,17.950026,265.72098
1508813227000.0,93400,43.005514927219906,-78.79286953354979,18.155643,264.768
1508813228000.0,94400,43.00549462237793,-78.79309458665425,18.37824,263.41428
1508813229000.0,95400,43.00546825708074,-78.79332431767634,18.948309,261.11264
1508813230000.0,96400,43.0054358361792,-78.79355840923843,19.380732,259.5579
1508813231000.0,97400,43.005398652496226,-78.79379754944524,19.79975,257.82757999999995
1508813232000.0,98600,43.00535507697895,-78.79403915695556,20.122663,255.6461
1508813233000.0,99400,43.00530597690047,-78.7942786273092,19.822933,253.93547
1508813234000.0,100600,43.005250513463686,-78.79451354429864,19.695463,251.91014
1508813235000.0,101400,43.005189807023704,-78.79474400819353,19.781937,249.96191
1508813236000.0,102400,43.005123788260015,-78.79497284535827,19.800488,248.29782000000003
1508813237000.0,103400,43.005053000879535,-78.79519295048188,19.391323,245.89212
1508813238000.0,104400,43.004974209122324,-78.79540203198795,19.074017,241.46585
1508813239000.0,105600,43.004880198967264,-78.79559706659299,18.875553,235.71498
1508813240000.0,106400,43.004777479579495,-78.79578133831346,19.195505,232.4772
1508813241000.0,107400,43.00466583939578,-78.79596004146524,18.747747,228.52888
1508813242000.0,108400,43.004546378444005,-78.79612662464767,18.733927,224.14426
1508813243000.0,109600,43.004422364066926,-78.79627993961788,18.015970000000006,220.7601
1508813244000.0,110400,43.004297375145214,-78.79641872444512,17.41144,218.8066
1508813245000.0,111400,43.00416727421134,-78.79654777114182,17.649701999999994,215.2215
1508813246000.0,112400,43.004032028147094,-78.79666799376733,17.516788000000002,211.13058
1508813247000.0,113400,43.00389120398228,-78.7967712180307,17.600635999999994,206.96306
1508813248000.0,114400,43.003746131578474,-78.79686322964112,18.054783,203.73918
1508813249000.0,115400,43.00359759437227,-78.7969437589438,17.533134,201.89325
1508813250000.0,116400,43.00344863032244,-78.79701781155022,17.761528,200.0001
1508813251000.0,117400,43.003298791214895,-78.79708233606847,17.500519,196.65074
1508813252000.0,118400,43.003143396073476,-78.7971343747524,18.166231,193.03258
1508813253000.0,119400,43.002988509239216,-78.79717097744002,16.78148,187.86905
1508813254000.0,120400,43.002836449601155,-78.7971905237124,16.684089999999998,186.2968
1508813255000.0,121400,43.00268244889632,-78.79719999226866,16.898834,182.31886
1508813256000.0,122400,43.00252599322784,-78.79719381540012,16.990396,178.4781
1508813257000.0,123400,43.00237118053644,-78.79717512217368,16.864994,175.68533
1508813258000.0,124600,43.00221873851636,-78.79714995460516,16.647472,175.57281
1508813259000.0,125400,43.00207235755641,-78.79712959294326,15.799508,176.42761000000004
1508813260000.0,126400,43.00193086246117,-78.79711246929884,15.359274,175.79594
1508813261000.0,127400,43.00179384642351,-78.79709587843594,14.814801,176.6971
1508813262000.0,128400,43.00166185270128,-78.79708282230992,14.465877,177.02937
1508813263000.0,129400,43.001534346758575,-78.79707181187001,13.7806425,177.47083999999995
1508813264000.0,130400,43.001412987136746,-78.79706361758006,13.02996,178.49704
1508813265000.0,131400,43.001299728925936,-78.7970582188101,11.930725,178.78151
1508813266000.0,132400,43.00119178200435,-78.79705307653704,11.389335,177.42305
1508813267000.0,133400,43.00109251037427,-78.79705213701072,10.718981,179.09378
1508813268000.0,134400,43.000998223006725,-78.79705179413911,10.042193,179.27053999999995
1508813269000.0,135400,43.000909463019845,-78.7970540276971,9.45534,180.27646
1508813270000.0,136400,43.000826640550834,-78.79705585662914,8.7169075,180.50558
1508813271000.0,137400,43.000747976352365,-78.79705884130745,8.696786999999999,180.76749
1508813272000.0,138400,43.00067359936981,-78.79706595581972,7.886072,184.83575
1508813273000.0,139400,43.0006079064369,-78.79707313173584,6.6839356,181.77745
1508813274000.0,140400,43.000548950421255,-78.79707664231681,6.3457313,181.0617
1508813275000.0,141400,43.00049051125741,-78.7970789643093,6.494692,180.1869
1508813276000.0,142400,43.000431825053994,-78.79707863038561,6.5590777000000005,179.66266000000005
1508813277000.0,143400,43.000372092362994,-78.79707896169019,6.6942115000000015,180.95709
1508813278000.0,144400,43.00031222244356,-78.79708126157499,6.313549,182.97188
1508813279000.0,145400,43.000256731072206,-78.7970844827436,5.770678500000002,184.19897
1508813280000.0,146400,43.00020698391933,-78.79709747864709,5.0384502,197.24171
1508813281000.0,147400,43.00016332746515,-78.79711898449726,4.8316207,204.84084
1508813282000.0,148400,43.00012377204813,-78.79715971921136,5.9416647000000005,227.56927
1508813283000.0,149400,43.00009101772435,-78.79722451619233,6.596917,247.53215
1508813284000.0,150400,43.00007833360462,-78.79731362410016,7.708397,271.41724
1508813285000.0,151400,43.00007985684777,-78.79741617334787,7.901209,273.28305
1508813286000.0,152400,43.00008182068829,-78.79751798662312,7.695732,272.8625
1508813287000.0,153400,43.00008455138293,-78.79761258670693,6.975065,272.71567000000005
1508813288000.0,154400,43.00008730248743,-78.79769240449038,5.543918,273.24265
1508813289000.0,155400,43.00008753029221,-78.79775947533206,4.868097,268.81818
1508813290000.0,156400,43.00008800821188,-78.79781376823969,3.7790842,269.9767
1508813291000.0,157400,43.000089802436456,-78.7978508626409,2.45586,270.8447
1508813292000.0,158400,43.00009183915786,-78.79787669305492,1.9038088,271.59946
1508813293000.0,159400,43.00009373254032,-78.79789477045051,1.1648954,278.5583
1508813300000.0,166400,43.00009406857035,-78.79791618743167,0.9052551,323.6656
1508813301000.0,167400,43.000092704475954,-78.79793528709804,1.8614415,296.64166
1508813302000.0,168600,43.00008991578248,-78.79796663031715,2.7223494,261.79388
1508813303000.0,169400,43.000087433767824,-78.79800618792305,3.21495,267.95465
1508813304000.0,170400,43.000086477007436,-78.79805358077721,4.053563,270.45937999999995
1508813305000.0,171400,43.000086864006455,-78.79811226944679,5.1836796,270.44553
1508813306000.0,172400,43.000088750602046,-78.79818204600984,6.068029,270.9646
1508813307000.0,173400,43.00008816202358,-78.79826122386726,6.565786,269.72687
1508813308000.0,174400,43.0000880106726,-78.7983436325364,6.5656165999999985,271.33875
1508813309000.0,175400,43.000088530395615,-78.79842430343666,6.307926,271.70627
1508813310000.0,176400,43.00009348152195,-78.79850175463308,6.236636,279.36502
1508813311000.0,177400,43.00010986232044,-78.7985724211005,5.7668557,295.81635
1508813312000.0,178400,43.00014257774045,-78.79863193068229,6.3155265,317.5320700000001
1508813313000.0,179400,43.00019561583245,-78.79867123691426,6.885212400000001,340.1346
1508813314000.0,1970-01-01 00:03:00.400,43.000266440734606,-78.79868907696115,8.692043,353.45584
1508813315000.0,1970-01-01 00:03:01.400,43.000353390025644,-78.79868701920925,9.969147,1.556374
1508813316000.0,1970-01-01 00:03:02.400,43.000454152732544,-78.79867306309966,11.174014,3.9910192
1508813317000.0,1970-01-01 00:03:03.400,43.00056246966451,-78.79865933397238,12.284716,5.668959
1508813318000.0,1970-01-01 00:03:04.400,43.00066829198028,-78.79864775363805,11.085821,2.5906284
1508813319000.0,1970-01-01 00:03:05.400,43.00076751508483,-78.79864239184366,10.786041,0.63214296
1508813320000.0,1970-01-01 00:03:06.400,43.00086551830124,-78.79864364439624,10.862915,358.8402700000001
1508813321000.0,1970-01-01 00:03:07.400,43.000965761931326,-78.79864570436477,11.11519,358.86514
1508813322000.0,1970-01-01 00:03:08.600,43.001065961182356,-78.79864904736291,11.1618805,358.82434
1508813323000.0,1970-01-01 00:03:09.400,43.00116655107255,-78.79865205119448,11.199164,358.56354
1508813324000.0,1970-01-01 00:03:10.400,43.0012668496301,-78.7986556205804,11.1988125,358.87183
1508813325000.0,1970-01-01 00:03:11.400,43.00136859272936,-78.79865571013019,11.246946,0.2028895
1508813326000.0,1970-01-01 00:03:12.400,43.00147156837401,-78.79865485444287,11.503367,0.18365665
1508813327000.0,1970-01-01 00:03:13.400,43.001577313138895,-78.79865403983088,11.877899,0.87475246
1508813328000.0,1970-01-01 00:03:14.400,43.0016844634206,-78.79865197699358,11.449659,358.86853
1508813329000.0,1970-01-01 00:03:15.400,43.00178948351403,-78.79865157753206,11.544752,359.6072
1508813330000.0,1970-01-01 00:03:16.400,43.0018951970131,-78.79864973846547,11.568662,359.86615
1508813331000.0,1970-01-01 00:03:17.400,43.00199838193036,-78.79864913818375,11.261355,359.31213
1508813332000.0,1970-01-01 00:03:18.400,43.00210000282899,-78.79864842593194,11.330248,0.5127391
1508813333000.0,1970-01-01 00:03:19.400,43.00220149922264,-78.79864863480125,11.44665,359.8251
1508813334000.0,1970-01-01 00:03:20.400,43.002300224013396,-78.7986497991824,10.757219,0.025239358
1508813335000.0,1970-01-01 00:03:21.400,43.002395063733594,-78.79864943554428,10.554593,0.2653333
1508813336000.0,1970-01-01 00:03:22.400,43.00248794684612,-78.79864894966683,10.334402,0.008712814000000001
1508813337000.0,1970-01-01 00:03:23.400,43.002579206287145,-78.79864874196818,10.198787,359.63684
1508813338000.0,1970-01-01 00:03:24.400,43.00267131109879,-78.79865100802485,10.362256,358.26495
1508813339000.0,1970-01-01 00:03:25.400,43.00276523380749,-78.79865449821962,10.54828,358.11023
1508813340000.0,1970-01-01 00:03:26.400,43.0028602769614,-78.79865915077741,10.590417,357.69385
1508813341000.0,1970-01-01 00:03:27.400,43.00295509950421,-78.79866519437847,10.616765,357.5482
1508813342000.0,1970-01-01 00:03:28.400,43.00305010234642,-78.79867086482038,10.605569,358.37015
1508813343000.0,1970-01-01 00:03:29.400,43.00314102675891,-78.7986764978028,9.930343,357.40823
1508813344000.0,1970-01-01 00:03:30.400,43.00322641583743,-78.79868341803584,9.352934,357.0559
1508813345000.0,1970-01-01 00:03:31.400,43.00330662060344,-78.79869072080074,8.7854395,356.7859
1508813346000.0,1970-01-01 00:03:32.400,43.003382454796885,-78.7986968603402,8.354763,358.31503
1508813347000.0,1970-01-01 00:03:33.400,43.003452765540025,-78.79870341666314,7.619846000000001,356.54898
1508813348000.0,1970-01-01 00:03:34.400,43.00352249836968,-78.79870776282115,7.8969283,359.64615
1508813349000.0,1970-01-01 00:03:35.400,43.003593063726406,-78.79870822250834,7.785872,0.3945105
1508813350000.0,1970-01-01 00:03:36.400,43.003662033083714,-78.79870792744258,7.576261,359.5415
1508813351000.0,1970-01-01 00:03:37.400,43.003729897013706,-78.79870552048757,7.322247,1.5174478
1508813352000.0,1970-01-01 00:03:38.400,43.003793133526905,-78.79870473818653,6.5518284000000016,359.1734600000001
1508813353000.0,1970-01-01 00:03:39.400,43.003853460854785,-78.79870412288791,6.9076247,2.4031246
1508813354000.0,1970-01-01 00:03:40.400,43.00391217827509,-78.79870045038393,6.544575,5.2424792999999985
1508813355000.0,1970-01-01 00:03:41.400,43.00396554792902,-78.7986960494365,5.5319014000000015,0.33796418
1508813356000.0,1970-01-01 00:03:42.400,43.00400836023857,-78.79869611123324,4.631279,1.548583
1508813357000.0,1970-01-01 00:03:43.400,43.004043355580514,-78.79869474786945,4.3460894,6.6839705
1508813358000.0,1970-01-01 00:03:44.400,43.00407314553882,-78.79869114133128,3.2349062,0.94857
1508813359000.0,1970-01-01 00:03:45.400,43.004100511688,-78.79869127482782,3.6528513,0.5225407999999999
1508813360000.0,1970-01-01 00:03:46.400,43.00413344137103,-78.79869351821159,4.3725714999999985,357.89905
1508813361000.0,1970-01-01 00:03:47.400,43.004175820430696,-78.7986984434876,5.80363,354.57657
1508813362000.0,1970-01-01 00:03:48.400,43.004223276095374,-78.79871821964332,5.774302,336.56567
1508813363000.0,1970-01-01 00:03:49.400,43.0042658714675,-78.79876073952259,6.3020935,315.55637
1508813364000.0,1970-01-01 00:03:50.400,43.00430179663697,-78.79882577311227,6.6209,300.93707
1508813365000.0,1970-01-01 00:03:51.400,43.004326039163935,-78.79890809073989,7.437975999999999,284.5064700000001
1508813366000.0,1970-01-01 00:03:52.400,43.004336167662096,-78.79901288492687,8.627979,274.2737
1508813367000.0,1970-01-01 00:03:53.400,43.00433775592146,-78.79912797507394,9.163288,272.44666
1508813368000.0,1970-01-01 00:03:54.400,43.00433809751564,-78.79924936402571,9.8118,269.6811
1508813369000.0,1970-01-01 00:03:55.600,43.00433477651207,-78.79938215865397,10.855078,267.77734
1508813370000.0,1970-01-01 00:03:56.400,43.00432917024196,-78.79952538037845,11.787164,268.03302
1508813371000.0,1970-01-01 00:03:57.400,43.00432424948789,-78.79967714530153,12.273564,269.00592
1508813372000.0,1970-01-01 00:03:58.400,43.00432003440242,-78.79983665063975,12.848426,268.5634
1508813373000.0,1970-01-01 00:03:59.400,43.004316471481545,-78.80000002291791,12.994884,269.70844
1508813374000.0,1970-01-01 00:04:00.400,43.00431477892372,-78.80016298563672,13.245729999999998,269.12534
1508813375000.0,1970-01-01 00:04:01.400,43.004311543878394,-78.80033247847891,13.633803,268.5411
1508813376000.0,1970-01-01 00:04:02.400,43.004308928801024,-78.80050271995444,13.632238,269.51813
1508813377000.0,1970-01-01 00:04:03.400,43.00430771230226,-78.80067385024539,13.954153,269.60327
1508813378000.0,1970-01-01 00:04:04.400,43.00430869064189,-78.80084844748417,14.273965,271.09088
1508813379000.0,1970-01-01 00:04:05.400,43.004309107319145,-78.80102606469981,14.290985999999998,270.37717000000004
1508813380000.0,1970-01-01 00:04:06.400,43.004308740361346,-78.80120452941506,14.5744095,270.00186
1508813381000.0,1970-01-01 00:04:07.400,43.00430882811106,-78.80138453245851,14.7232485,270.47598
1508813382000.0,1970-01-01 00:04:08.400,43.004310570958694,-78.80156442184548,14.486912,271.06204
1508813383000.0,1970-01-01 00:04:09.400,43.00431252600411,-78.80174304293762,14.469937,270.79987
1508813384000.0,1970-01-01 00:04:10.400,43.00431474967503,-78.80191782470405,14.084352,270.47803
1508813385000.0,1970-01-01 00:04:11.400,43.0043157160654,-78.80208845461863,13.901579000000002,270.3549
1508813386000.0,1970-01-01 00:04:12.400,43.00431633659465,-78.80225769994328,13.84988,270.6436
1508813387000.0,1970-01-01 00:04:13.400,43.00431772447475,-78.80242567162331,13.94537,270.60028
1508813388000.0,1970-01-01 00:04:14.400,43.00432055667919,-78.80259820153763,14.243908,271.34323
1508813389000.0,1970-01-01 00:04:15.400,43.00432589095568,-78.80277256851372,14.154059,272.80524
1508813390000.0,1970-01-01 00:04:16.400,43.0043341183755,-78.80294713964834,14.392383,273.93878
1508813391000.0,1970-01-01 00:04:17.400,43.00434904317938,-78.80310948952591,13.025406,275.48697000000004
1508813392000.0,1970-01-01 00:04:18.400,43.00437056624897,-78.80327231713969,13.457331,281.43875
1508813393000.0,1970-01-01 00:04:19.600,43.0044028341617,-78.80343881138755,13.725589,285.3474
1508813394000.0,1970-01-01 00:04:20.400,43.00443962639224,-78.80360370469178,13.792047,286.60306
1508813395000.0,1970-01-01 00:04:21.400,43.004478852458284,-78.80375913650013,12.960312,290.21585
1508813396000.0,1970-01-01 00:04:22.400,43.004518617639924,-78.80391207853287,12.887796,288.61728
1508813397000.0,1970-01-01 00:04:23.400,43.00455712888153,-78.80406993805899,13.351693,286.20163
1508813398000.0,1970-01-01 00:04:24.400,43.00458943660262,-78.8042329130872,13.047399,285.9373
1508813399000.0,1970-01-01 00:04:25.400,43.00462051699449,-78.8043902114771,12.680011,284.71603
1508813400000.0,1970-01-01 00:04:26.400,43.004646507584155,-78.80454567864452,12.681231,280.4421
1508813401000.0,1970-01-01 00:04:27.400,43.00466146081104,-78.80470277001184,12.467983,276.13824
1508813402000.0,1970-01-01 00:04:28.400,43.00466737908871,-78.80485824219198,12.344203,272.8808
1508813403000.0,1970-01-01 00:04:29.600,43.00466536087036,-78.80501258549438,12.398864,268.99445
1508813404000.0,1970-01-01 00:04:30.400,43.004660207253416,-78.80516490673948,12.242711,269.53006
1508813405000.0,1970-01-01 00:04:31.400,43.004657344522286,-78.80531621120362,12.193413,270.6794
1508813406000.0,1970-01-01 00:04:32.400,43.00465463231015,-78.80547035355744,12.648967,270.20874
1508813407000.0,1970-01-01 00:04:33.400,43.004652412490145,-78.80562867013263,12.849948,270.07343
1508813408000.0,1970-01-01 00:04:34.400,43.004649993496884,-78.80579248157342,13.339321,270.14685
1508813409000.0,1970-01-01 00:04:35.400,43.004647063548184,-78.80596104201172,13.601737,269.40408
1508813410000.0,1970-01-01 00:04:36.400,43.00464508769819,-78.8061336539311,14.205011,269.92453
1508813411000.0,1970-01-01 00:04:37.400,43.004642961830406,-78.80630975687644,14.234089,268.9745
1508813412000.0,1970-01-01 00:04:38.600,43.00464101556919,-78.8064907598406,14.852135999999998,269.6333
1508813413000.0,1970-01-01 00:04:39.400,43.004637799169465,-78.80667606592381,15.150357,267.66284
1508813414000.0,1970-01-01 00:04:40.400,43.00463329931371,-78.80686697810505,15.392523,269.88824
1508813415000.0,1970-01-01 00:04:41.400,43.0046320606012,-78.80706029198727,15.584119,270.78082
1508813416000.0,1970-01-01 00:04:42.400,43.00463115236556,-78.80724959714337,15.335275,270.1209
1508813417000.0,1970-01-01 00:04:43.400,43.00462676099717,-78.80744254706356,15.964083,268.62228
1508813418000.0,1970-01-01 00:04:44.400,43.0046218051577,-78.80764046545926,16.04585,269.1922
1508813419000.0,1970-01-01 00:04:45.400,43.004619416835716,-78.80783832564597,16.187157,269.16306000000003
1508813420000.0,1970-01-01 00:04:46.400,43.00461819268818,-78.80803570401801,16.099903,269.74243
1508813421000.0,1970-01-01 00:04:47.400,43.00461758529378,-78.80823471246016,16.447989,269.15222
1508813422000.0,1970-01-01 00:04:48.400,43.004617336579635,-78.8084380323982,16.809963,269.2516
1508813423000.0,1970-01-01 00:04:49.400,43.00461735670248,-78.80864445539535,16.911821,269.3941
1508813424000.0,1970-01-01 00:04:50.400,43.00461651518423,-78.80885339988401,17.093204,268.7238
1508813425000.0,1970-01-01 00:04:51.400,43.00461455823785,-78.80906459148902,17.248184,268.71752999999995
1508813426000.0,1970-01-01 00:04:52.400,43.00461314216781,-78.80927613036509,17.274586,269.49362
1508813427000.0,1970-01-01 00:04:53.400,43.00461381912451,-78.809487939651,17.241543,269.7908
1508813428000.0,1970-01-01 00:04:54.400,43.00461602656022,-78.80969968812731,17.168322,270.75952
1508813429000.0,1970-01-01 00:04:55.400,43.00461763931335,-78.80991066390906,17.187653,269.67563
1508813430000.0,1970-01-01 00:04:56.400,43.004617759073106,-78.81012291405261,17.279486,269.37305
1508813431000.0,1970-01-01 00:04:57.400,43.004616923086346,-78.81033681816206,17.512154000000002,269.1781
1508813432000.0,1970-01-01 00:04:58.400,43.00461761154663,-78.81055244098484,17.599508,270.34094
1508813433000.0,1970-01-01 00:04:59.400,43.004618609709645,-78.81076379058905,16.875006,269.4784
1508813434000.0,1970-01-01 00:05:00.400,43.004615724879905,-78.81097132781781,17.054438,267.6546
1508813435000.0,1970-01-01 00:05:01.400,43.004611284094295,-78.8111753699369,16.401718,268.65152
1508813436000.0,1970-01-01 00:05:02.600,43.00460995459078,-78.8113713021596,15.82906,269.80563
1508813437000.0,1970-01-01 00:05:03.400,43.004612237729376,-78.8115591991232,15.431363,271.88025
1508813438000.0,1970-01-01 00:05:04.400,43.0046184697895,-78.81174596295477,15.298003,273.82526
1508813439000.0,1970-01-01 00:05:05.400,43.00462908033346,-78.81193053948162,15.278022,276.98315
1508813440000.0,1970-01-01 00:05:06.400,43.004648803605406,-78.81211281990501,15.163309,281.403
1508813441000.0,1970-01-01 00:05:07.400,43.004682881266454,-78.81229083321884,15.209848,288.1337
1508813442000.0,1970-01-01 00:05:08.400,43.00473240343221,-78.81246268350523,15.048672,293.2575
1508813443000.0,1970-01-01 00:05:09.400,43.0047924107592,-78.8126222793112,14.616829999999998,297.34082
1508813444000.0,1970-01-01 00:05:10.400,43.004859704804105,-78.81277062276152,14.121856,300.60577
1508813445000.0,1970-01-01 00:05:11.400,43.004930944021,-78.8129107399768,13.904512,305.43237
1508813446000.0,1970-01-01 00:05:12.400,43.00500903335286,-78.81304228753537,13.846892,307.45117
1508813447000.0,1970-01-01 00:05:13.400,43.005089347967996,-78.81317297148144,13.779348,310.6845
1508813448000.0,1970-01-01 00:05:14.400,43.00517396225976,-78.81329790954717,14.1092825,313.40866
1508813449000.0,1970-01-01 00:05:15.400,43.00526483119526,-78.81342064371027,14.459884,315.39075
1508813450000.0,1970-01-01 00:05:16.400,43.00535724286644,-78.8135436946513,14.412601,315.2993
1508813451000.0,1970-01-01 00:05:17.400,43.00544943625001,-78.8136694441872,14.6632,314.0214200000001
1508813452000.0,1970-01-01 00:05:18.400,43.00554146189648,-78.81379778926501,14.809773000000002,313.33633
1508813453000.0,1970-01-01 00:05:19.400,43.00563194361663,-78.81392218699114,13.89161,315.41037
1508813454000.0,1970-01-01 00:05:20.400,43.00572279215957,-78.8140356424018,13.573665,318.78918
1508813455000.0,1970-01-01 00:05:21.400,43.0058152761809,-78.81414446363834,13.485962,318.00058
1508813456000.0,1970-01-01 00:05:22.400,43.00590351402009,-78.81425492047096,13.079527,315.4422600000001
1508813457000.0,1970-01-01 00:05:23.400,43.00598574911661,-78.8143644795889,12.572125,315.50293
1508813458000.0,1970-01-01 00:05:24.400,43.00606499795564,-78.81447345190516,12.557107,313.79443
1508813459000.0,1970-01-01 00:05:25.400,43.00614397752801,-78.81458178906715,12.400326,315.5597
1508813460000.0,1970-01-01 00:05:26.400,43.00622565042711,-78.81468869278244,12.909632,316.69144
1508813461000.0,1970-01-01 00:05:27.400,43.00631023916401,-78.81479670558599,13.142382,317.14444
1508813462000.0,1970-01-01 00:05:28.400,43.00639630882003,-78.8149085463544,13.419853,316.52332
1508813463000.0,1970-01-01 00:05:29.400,43.006484217187605,-78.81502056709164,13.388487,317.78226
1508813464000.0,1970-01-01 00:05:30.400,43.006576891962034,-78.81512738068227,13.531359,322.03467
1508813465000.0,1970-01-01 00:05:31.400,43.006676341456654,-78.81522491443103,13.814505,325.3651
1508813466000.0,1970-01-01 00:05:32.400,43.0067853526598,-78.81531430316882,14.024758,330.9609700000001
1508813467000.0,1970-01-01 00:05:33.400,43.0069027017988,-78.81539567643466,14.509456,334.2821
1508813468000.0,1970-01-01 00:05:34.400,43.00702325417693,-78.81546579338395,14.186621,338.43518
1508813469000.0,1970-01-01 00:05:35.400,43.00714907689869,-78.81552351217019,14.636133,341.7848
1508813470000.0,1970-01-01 00:05:36.600,43.007280206345946,-78.81557576587005,14.928635,342.78073
1508813471000.0,1970-01-01 00:05:37.400,43.00741501071021,-78.8156283375511,15.358212,342.8805200000001
1508813472000.0,1970-01-01 00:05:38.600,43.007553336128666,-78.81568356489343,16.080513,342.81345
1508813473000.0,1970-01-01 00:05:39.400,43.007694672423305,-78.81574262421772,16.278086,342.08762
1508813474000.0,1970-01-01 00:05:40.400,43.007837665624606,-78.8158051833428,16.636974,341.80426
1508813475000.0,1970-01-01 00:05:41.400,43.00798222372055,-78.81587055959359,16.905697,341.458
1508813476000.0,1970-01-01 00:05:42.400,43.008126005605725,-78.81593949864605,16.828384,340.9136
1508813477000.0,1970-01-01 00:05:43.400,43.0082686345257,-78.81600510382306,16.563425,341.93863
1508813478000.0,1970-01-01 00:05:44.400,43.00840781348384,-78.81606830094948,16.005829000000002,341.33914
1508813479000.0,1970-01-01 00:05:45.400,43.00854360723429,-78.81612954850678,15.674375,341.14896
1508813480000.0,1970-01-01 00:05:46.400,43.00867538071783,-78.8161906216814,15.216866,341.7025799999999
1508813481000.0,1970-01-01 00:05:47.400,43.00880247300169,-78.81624881429492,14.766387,341.85736
1508813482000.0,1970-01-01 00:05:48.600,43.008929918669146,-78.81631083883319,15.125017,341.0361
1508813483000.0,1970-01-01 00:05:49.400,43.00905968024149,-78.81637502885295,15.545414,340.7963
1508813484000.0,1970-01-01 00:05:50.400,43.009192254577655,-78.8164402496138,15.575264,340.49576
1508813485000.0,1970-01-01 00:05:51.400,43.00932533866464,-78.8165077492513,15.55034,340.2021200000001
1508813486000.0,1970-01-01 00:05:52.400,43.009456487694656,-78.81657474023496,15.341008,339.57394
1508813487000.0,1970-01-01 00:05:53.400,43.009585621754866,-78.81663963728334,15.016754,340.7959
1508813488000.0,1970-01-01 00:05:54.400,43.00971361801389,-78.81670014741563,14.763198999999998,341.72244
1508813489000.0,1970-01-01 00:05:55.400,43.00984029491738,-78.81675396697479,14.404565,344.3676
1508813490000.0,1970-01-01 00:05:56.400,43.00996636233757,-78.8167983799698,14.247837,346.9133
1508813491000.0,1970-01-01 00:05:57.400,43.01009331896486,-78.81683208160158,14.119957,350.89066
1508813492000.0,1970-01-01 00:05:58.400,43.01022096109667,-78.8168522820783,13.915767,354.43744
1508813493000.0,1970-01-01 00:05:59.600,43.010345953440506,-78.81686427046745,13.764629,356.43774
1508813494000.0,1970-01-01 00:06:00.400,43.01047030428893,-78.81687282989148,13.794228,356.58734
1508813495000.0,1970-01-01 00:06:01.400,43.010594721988106,-78.81687956291724,13.714574,356.88086
1508813496000.0,1970-01-01 00:06:02.400,43.01071893266598,-78.81688900701356,13.790029,356.0003700000001
1508813497000.0,1970-01-01 00:06:03.400,43.01084377769953,-78.81690006544817,14.05168,356.13144
1508813498000.0,1970-01-01 00:06:04.600,43.010969587739694,-78.81691113308214,14.144205,355.73978
1508813499000.0,1970-01-01 00:06:05.400,43.011095799756156,-78.81692423944182,14.266613,355.51575
1508813500000.0,1970-01-01 00:06:06.400,43.01122110006046,-78.81693703632544,14.047982,355.31613
1508813501000.0,1970-01-01 00:06:07.400,43.01134414896964,-78.81694814292277,13.734191,356.18338
1508813502000.0,1970-01-01 00:06:08.400,43.01146217885583,-78.8169581179912,13.001673,356.0438
1508813503000.0,1970-01-01 00:06:09.400,43.01157210711938,-78.81696845625791,11.696599,355.5629
1508813504000.0,1970-01-01 00:06:10.400,43.01167143103203,-78.8169781053985,10.633378,356.05844
1508813505000.0,1970-01-01 00:06:11.400,43.01176391946453,-78.81698551902973,10.234214,356.61234
1508813506000.0,1970-01-01 00:06:12.400,43.011852761459764,-78.81699055240688,9.88536,357.00916
1508813507000.0,1970-01-01 00:06:13.400,43.01193913133393,-78.81699702757727,9.312195,356.7981
1508813508000.0,1970-01-01 00:06:14.400,43.01202003584181,-78.81700278798155,8.81821,357.26233
1508813509000.0,1970-01-01 00:06:15.400,43.01209312378563,-78.81700738447626,7.670768700000001,357.15112
1508813510000.0,1970-01-01 00:06:16.400,43.012153998691254,-78.81701241425172,6.232978,356.5846
1508813511000.0,1970-01-01 00:06:17.400,43.01219982873776,-78.81701545926636,4.595086599999999,358.0717
1508813512000.0,1970-01-01 00:06:18.400,43.01223301280185,-78.81701744330783,3.2366624,357.18118
1508813513000.0,1970-01-01 00:06:19.400,43.01225862078603,-78.81701806566316,2.4255059,357.48102
1508813514000.0,1970-01-01 00:06:20.400,43.012275997229175,-78.81702218919239,1.9253323,358.6566
1508813515000.0,1970-01-01 00:06:21.400,43.01229298993318,-78.81702418124804,2.2344732000000005,4.037085
1508813516000.0,1970-01-01 00:06:22.400,43.012312641714466,-78.81702439410154,2.418924,0.8714028
1508813517000.0,1970-01-01 00:06:23.600,43.012330832194756,-78.81702614040465,1.863309,357.16333
1508813518000.0,1970-01-01 00:06:24.400,43.012341395664606,-78.81702937411417,0.6425081,334.9813200000001
1508813524000.0,1970-01-01 00:06:30.400,43.01235486085947,-78.81704201029913,1.8942502,348.2743
1508813525000.0,1970-01-01 00:06:31.400,43.01237682905737,-78.81706023882064,3.3779001,324.8609
1508813526000.0,1970-01-01 00:06:32.400,43.01240790832368,-78.8170949070532,4.7650776,315.74286
1508813527000.0,1970-01-01 00:06:33.400,43.012434951853606,-78.81715476306809,6.2947583,287.95346
1508813528000.0,1970-01-01 00:06:34.400,43.012449629694785,-78.8172462181457,8.225272,275.12155
1508813529000.0,1970-01-01 00:06:35.400,43.0124538119324,-78.81736311280133,9.953089,269.9985
1508813530000.0,1970-01-01 00:06:36.400,43.01245393440434,-78.81749767500399,11.173759,267.8058
1508813531000.0,1970-01-01 00:06:37.400,43.01245309581973,-78.81764523795134,12.082398,267.8441
1508813532000.0,1970-01-01 00:06:38.400,43.01245384336754,-78.81780118322624,12.445122,269.84418
1508813533000.0,1970-01-01 00:06:39.400,43.01245381281078,-78.81795824155225,12.3256645,267.93387
1508813534000.0,1970-01-01 00:06:40.400,43.01245077216989,-78.81810804356877,11.557392,267.8713
