sys_time,RPM,Speed
0,1851.0,0.0
800,1824.0,0.0
1400,1836.0,0.0
1500,1815.0,0.0
1700,1811.0,0.0
2000,1798.0,0.0
2100,1804.0,0.0
2300,1777.0,0.0
2500,1780.0,0.0
2700,1769.0,0.0
2800,1775.0,0.0
3000,1775.0,0.0
3100,1774.0,0.0
3300,1753.0,0.0
3500,1708.0,0.0
3600,1649.0,0.0
3700,1562.0,0.0
3900,1479.0,0.0
4000,1379.0,0.0
4100,1258.0,0.0
4200,1203.0,0.0
4300,1212.0,0.0
4400,1224.0,2.0
4600,1206.0,2.0
4700,1169.0,2.0
4800,1165.0,3.0
4900,1159.0,3.0
5000,1152.0,3.0
5100,1142.0,3.0
5200,1124.0,4.0
5300,1149.0,4.0
5400,1145.0,4.0
5500,1155.0,4.0
5600,1133.0,5.0
5700,1140.0,5.0
5800,1142.0,5.0
5900,1147.0,5.0
6000,1126.0,5.0
6100,1122.0,5.0
6200,1121.0,6.0
6400,1109.0,6.0
6500,1105.0,6.0
6600,1090.0,6.0
6700,1086.0,6.0
6800,1084.0,6.0
6900,1079.0,7.0
7000,1072.0,7.0
7100,1064.0,7.0
7200,1057.0,7.0
7300,1065.0,7.0
7400,1065.0,7.0
7500,1059.0,7.0
7600,1076.0,7.0
7700,1066.0,7.0
7900,1063.0,8.0
8000,1064.0,8.0
8100,1062.0,8.0
8200,1066.0,8.0
8300,1059.0,8.0
8400,1043.0,8.0
8500,1060.0,8.0
8600,1063.0,8.0
8700,1072.0,8.0
8800,1073.0,8.0
8900,1068.0,8.0
9000,1074.0,9.0
9100,1058.0,9.0
9200,1059.0,9.0
9300,1067.0,9.0
9400,1069.0,9.0
9500,1060.0,9.0
9600,1072.0,9.0
9700,1072.0,9.0
9800,1068.0,9.0
9900,1055.0,9.0
10000,1048.0,9.0
10100,1057.0,10.0
10200,1083.0,10.0
10300,1114.0,10.0
10400,1241.0,10.0
10500,1354.0,10.0
10600,1407.0,10.0
10700,1452.0,11.0
10900,1466.0,11.0
11000,1471.5,11.0
11200,1475.0,12.0
11300,1489.0,12.0
11400,1515.0,13.0
11500,1544.0,13.0
11600,1554.0,13.0
11700,1517.0,14.0
11800,1464.0,14.0
12000,1427.0,15.0
12100,1403.0,15.0
12200,1400.0,15.0
12300,1374.0,16.0
12400,1357.0,16.0
12500,1355.0,16.0
12600,1341.0,17.0
12700,1308.0,17.0
12800,1297.0,17.0
12900,1284.0,18.0
13000,1279.0,18.0
13100,1294.0,19.0
13300,1307.0,19.0
13400,1295.0,20.0
13500,1287.0,20.0
13600,1261.0,20.0
13700,1257.0,20.0
13800,1236.0,21.0
13900,1245.0,21.0
14000,1244.0,22.0
14100,1245.0,22.0
14200,1257.0,22.0
14300,1245.0,23.0
14400,1259.0,23.0
14600,1257.5,23.5
14700,1260.0,24.0
14800,1242.0,24.0
14900,1242.0,24.0
15000,1241.0,25.0
15100,1241.0,25.0
15300,1242.0,25.0
15400,1234.0,26.0
15500,1232.0,26.0
15600,1234.0,26.0
15700,1230.0,27.0
15800,1224.0,27.0
15900,1227.0,27.0
16000,1221.0,27.0
16100,1218.0,28.0
16200,1212.0,28.0
16300,1211.0,28.0
16400,1213.0,28.0
16500,1206.0,29.0
16700,1206.0,29.0
16800,1203.0,29.0
16900,1201.0,29.0
17000,1199.0,29.0
17100,1199.0,30.0
17200,1198.0,30.0
17300,1196.0,30.0
17400,1191.0,30.0
17500,1194.0,31.0
17700,1184.0,31.0
17800,1185.0,31.0
17900,1166.0,31.0
18000,1168.0,31.0
18100,1182.0,32.0
18200,1192.0,32.0
18300,1211.0,32.0
18400,1230.0,32.0
18600,1232.0,32.0
18700,1235.0,32.0
18800,1240.0,32.0
18900,1239.0,33.0
19000,1240.0,33.0
19100,1243.0,33.0
19200,1239.0,33.0
19300,1241.0,33.0
19400,1241.0,33.0
19500,1247.0,33.0
19600,1230.0,33.0
19700,1233.0,33.0
19800,1244.0,33.0
19900,1229.0,33.0
20100,1238.0,32.0
20200,1227.0,33.0
20300,1237.0,32.0
20400,1236.0,32.0
20500,1218.0,32.0
20600,1226.0,32.0
20700,1223.0,32.0
20800,1225.0,32.0
21000,1230.0,32.0
21100,1217.0,32.0
21200,1226.0,32.0
21300,1233.0,32.0
21400,1227.0,32.0
21500,1240.0,32.0
21600,1235.0,32.0
21700,1228.0,32.0
21800,1225.0,32.0
21900,1230.0,31.0
22000,1234.0,31.0
22100,1246.0,31.0
22200,1251.0,31.0
22400,1239.0,31.0
22600,1238.0,31.0
22700,1223.0,31.0
22800,1235.0,31.0
22900,1245.0,31.0
23000,1224.0,30.0
23100,1228.0,30.0
23200,1236.0,30.0
23300,1222.0,30.0
23500,1215.0,29.0
23600,1203.0,29.0
23700,1216.0,29.0
23800,1205.0,29.0
23900,1222.0,28.0
24000,1211.0,28.0
24100,1200.0,28.0
24200,1215.0,27.0
24400,1203.5,26.5
24500,1226.0,26.0
24700,1199.5,25.5
24900,1201.0,25.0
25000,1192.0,24.0
25100,1176.0,24.0
25200,1169.0,23.0
25300,1184.0,22.0
25400,1185.0,22.0
25500,1192.0,21.0
25600,1196.0,20.0
25700,1167.0,20.0
25800,1161.0,20.0
25900,1162.0,19.0
26000,1150.0,18.0
26100,1146.0,17.0
26200,1149.0,16.0
26300,1161.0,16.0
26400,1179.0,15.0
26500,1187.0,14.0
26600,1188.0,14.0
26700,1153.0,13.0
26900,1133.5,12.5
27100,1123.0,12.0
27200,1131.0,12.0
27300,1152.0,12.0
27400,1168.0,12.0
27500,1161.0,12.0
27600,1236.0,12.0
27700,1269.0,12.0
27800,1332.0,13.0
27900,1359.0,13.0
28000,1372.0,13.0
28100,1381.0,13.0
28200,1380.0,13.0
28300,1393.0,14.0
28400,1408.0,14.0
28500,1442.0,14.0
28600,1485.0,14.0
28800,1502.0,14.0
28900,1526.0,15.0
29000,1535.0,15.0
29100,1560.0,15.0
29200,1575.0,16.0
29300,1585.0,16.0
29400,1596.0,17.0
29500,1600.0,17.0
29600,1599.0,17.0
29700,1591.0,18.0
29800,1589.0,18.0
29900,1596.0,19.0
30000,1598.0,19.0
30100,1592.0,19.0
30300,1554.0,20.0
30400,1518.0,20.0
30500,1507.0,20.0
30600,1473.0,21.0
30700,1443.0,21.0
30800,1402.0,22.0
30900,1373.0,22.0
31000,1330.0,23.0
31200,1320.0,23.0
31300,1327.0,24.0
31400,1330.0,24.0
31500,1328.0,24.0
31600,1338.0,24.0
31700,1356.0,25.0
31900,1378.0,26.0
32000,1409.0,26.0
32100,1418.0,26.0
32200,1454.0,27.0
32300,1466.0,27.0
32400,1469.0,28.0
32500,1499.0,28.0
32600,1500.0,29.0
32700,1497.0,29.0
32800,1519.0,29.0
32900,1527.0,30.0
33000,1532.0,30.0
33100,1544.0,31.0
33300,1544.0,31.0
33400,1545.0,32.0
33500,1544.0,32.0
33600,1533.0,32.0
33700,1535.0,33.0
33800,1483.0,33.0
33900,1427.0,33.0
34000,1407.0,33.0
34100,1369.0,33.0
34200,1337.0,33.0
34300,1294.0,33.0
34400,1289.0,33.0
34500,1256.0,33.0
34600,1246.0,34.0
34700,1233.0,34.0
34800,1225.0,33.0
35000,1221.0,34.0
35100,1209.0,33.0
35200,1214.0,33.0
35300,1210.0,33.0
35400,1207.0,33.0
35500,1212.0,33.0
35600,1198.0,33.0
35800,1203.0,33.0
35900,1207.0,33.0
36000,1202.0,33.0
36100,1209.0,33.0
36200,1217.0,33.0
36300,1202.0,33.0
36400,1229.0,33.0
36500,1219.0,33.0
36700,1193.0,33.0
36800,1232.0,32.0
36900,1211.0,32.0
37000,1198.0,32.0
37100,1221.0,32.0
37200,1227.0,32.0
37300,1218.0,32.0
37400,1203.0,32.0
37500,1205.0,31.0
37600,1206.0,31.0
37800,1202.0,31.0
37900,1200.0,31.0
38000,1203.0,30.0
38100,1204.0,30.0
38200,1197.0,29.0
38300,1199.0,29.0
38400,1195.0,28.0
38500,1188.0,28.0
38700,1204.0,28.0
38800,1207.0,27.0
38900,1201.0,27.0
39000,1195.0,26.0
39100,1198.0,26.0
39200,1208.0,26.0
39300,1205.0,25.0
39400,1194.0,24.0
39500,1192.0,24.0
39700,1188.0,23.0
39900,1177.0,23.0
40000,1184.0,22.0
40100,1182.0,21.0
40200,1174.0,21.0
40300,1170.0,20.0
40400,1164.0,19.0
40500,1178.0,19.0
40600,1179.0,18.0
40700,1180.0,18.0
40800,1165.0,17.0
40900,1148.0,16.0
41000,1142.0,16.0
41100,1147.0,15.0
41200,1166.0,14.0
41300,1167.0,14.0
41500,1162.0,13.0
41600,1141.0,12.0
41700,1121.0,12.0
41800,1089.0,12.0
41900,1063.0,11.0
42000,1055.0,11.0
42100,1033.0,10.0
42300,1007.0,9.0
42400,980.0,8.0
42600,963.0,8.0
42700,948.0,7.0
42800,945.0,7.0
42900,943.0,6.0
43000,936.0,6.0
43100,928.0,5.0
43200,918.0,5.0
43300,913.0,4.0
43400,909.0,4.0
43600,910.0,3.0
43700,917.0,3.0
43800,912.0,3.0
43900,908.0,2.0
44000,906.0,2.0
44100,910.0,1.0
44200,917.0,0.0
44300,925.0,0.0
44400,928.0,0.0
44500,925.0,0.0
44600,929.0,0.0
44700,921.0,0.0
44800,922.0,0.0
44900,920.0,0.0
45000,930.0,0.0
45100,933.0,0.0
45200,932.0,0.0
45300,933.0,0.0
45400,937.0,0.0
45500,935.0,0.0
45600,934.0,0.0
45700,935.0,0.0
45800,937.0,0.0
45900,931.0,0.0
46100,931.0,0.0
46200,935.0,0.0
46300,943.0,0.0
46400,946.0,0.0
46500,944.0,0.0
46600,938.0,0.0
46700,938.0,0.0
46800,943.0,0.0
46900,940.0,0.0
47000,939.0,0.0
47100,941.0,0.0
47200,938.0,0.0
47300,935.0,0.0
47500,926.0,0.0
47600,929.0,0.0
47700,929.0,0.0
47800,936.0,0.0
47900,936.0,0.0
48000,933.0,0.0
48100,936.0,0.0
48200,936.0,0.0
48300,938.0,0.0
48400,943.0,0.0
48500,944.0,0.0
48600,940.0,0.0
48700,941.0,0.0
48800,940.0,0.0
48900,943.0,0.0
49000,944.0,0.0
49100,942.0,0.0
49200,938.0,0.0
49300,930.0,0.0
49400,927.0,0.0
49600,924.0,0.0
49700,927.0,0.0
49800,926.0,0.0
49900,927.0,0.0
50000,916.0,0.0
50100,916.0,0.0
50200,914.0,0.0
50300,911.0,0.0
50400,912.0,0.0
50500,910.0,0.0
50600,915.0,0.0
50800,906.0,0.0
50900,907.0,0.0
51000,900.0,0.0
51100,905.0,0.0
51200,906.0,0.0
51300,901.0,0.0
51400,900.0,0.0
51500,897.0,0.0
51600,901.0,0.0
51700,904.0,0.0
51900,905.0,0.0
52000,910.0,0.0
52100,900.0,0.0
52200,903.0,0.0
52300,901.0,0.0
52400,905.0,0.0
52500,904.0,0.0
52600,901.0,0.0
52700,896.0,0.0
52800,895.0,0.0
52900,885.0,0.0
53000,885.0,0.0
53100,891.0,0.0
53200,896.0,0.0
53300,894.0,0.0
53500,890.0,0.0
53600,889.0,0.0
53700,882.0,0.0
53800,880.0,0.0
53900,881.0,0.0
54000,885.0,0.0
54100,880.0,0.0
54200,880.0,0.0
54300,886.0,0.0
54400,889.0,0.0
54500,893.0,0.0
54700,890.0,0.0
54800,888.0,0.0
54900,882.0,0.0
55000,881.0,0.0
55100,879.0,0.0
55200,877.0,0.0
55300,878.0,0.0
55400,885.0,0.0
55500,876.0,0.0
55600,877.0,0.0
55700,879.0,0.0
55900,881.0,0.0
56000,882.0,0.0
56100,884.0,0.0
56200,883.0,0.0
56300,878.0,0.0
56400,869.0,0.0
56500,876.0,0.0
56600,881.0,0.0
56700,887.0,0.0
56800,881.0,0.0
56900,871.0,0.0
57000,872.0,0.0
57100,878.0,0.0
57300,881.0,0.0
57400,877.0,0.0
57500,877.0,0.0
57600,876.0,0.0
57700,875.0,0.0
57900,876.0,0.0
58000,876.0,0.0
58100,876.0,0.0
58200,876.0,0.0
58300,880.0,0.0
58400,878.0,0.0
58600,879.0,0.0
58700,880.0,0.0
58800,879.0,0.0
58900,880.0,0.0
59000,866.0,0.0
59200,872.0,0.0
59300,880.0,0.0
59400,879.0,0.0
59500,873.0,0.0
59600,872.0,0.0
59700,873.0,0.0
59800,875.0,0.0
59900,872.0,0.0
60000,877.0,0.0
60100,877.0,0.0
60300,870.0,0.0
60400,875.0,0.0
60500,871.0,0.0
60600,871.0,0.0
60700,867.0,0.0
60800,865.0,0.0
60900,870.0,0.0
61000,870.0,0.0
61200,868.0,0.0
61300,874.0,0.0
61400,871.0,0.0
61500,869.0,0.0
61600,879.0,0.0
61700,874.0,0.0
61900,874.0,0.0
62000,870.0,0.0
62100,872.0,0.0
62200,876.0,0.0
62300,869.0,0.0
62400,865.0,0.0
62500,862.0,0.0
62600,869.0,0.0
62700,870.0,0.0
62800,867.0,0.0
62900,867.0,0.0
63000,874.0,0.0
63200,870.0,0.0
63300,872.0,0.0
63400,868.0,0.0
63500,867.0,0.0
63600,868.0,0.0
63700,866.0,0.0
63800,863.0,0.0
63900,854.0,0.0
64000,861.0,0.0
64100,877.0,0.0
64200,881.0,0.0
64400,872.0,0.0
64500,867.0,0.0
64600,862.0,0.0
64700,867.0,0.0
64900,872.0,0.0
65100,868.0,0.0
65200,862.0,0.0
65300,861.0,0.0
65400,865.0,0.0
65500,869.0,0.0
65600,867.0,0.0
65700,865.0,0.0
65900,867.0,0.0
66000,871.0,0.0
66100,866.0,0.0
66200,860.0,0.0
66300,865.0,0.0
66400,865.0,0.0
66500,868.0,0.0
66700,865.0,0.0
66800,871.0,0.0
66900,865.0,0.0
67000,867.0,0.0
67100,866.0,0.0
67200,863.0,0.0
67300,861.0,0.0
67400,866.0,0.0
67500,861.0,0.0
67700,853.0,0.0
67800,845.0,0.0
67900,845.0,1.0
68000,842.0,2.0
68100,842.0,2.0
68200,857.0,2.0
68300,856.0,2.0
68400,874.0,2.0
68500,990.0,3.0
68700,1096.0,3.0
68800,1256.0,4.0
68900,1443.0,4.0
69000,1512.0,5.0
69100,1591.0,6.0
69200,1610.0,6.0
69300,1625.0,7.0
69400,1641.0,7.0
69500,1654.0,8.0
69600,1693.0,9.0
69700,1741.0,9.0
69800,1760.0,10.0
70000,1800.0,11.0
70100,1792.0,12.0
70200,1767.0,12.0
70300,1726.0,13.0
70400,1714.0,14.0
70500,1709.0,15.0
70600,1702.0,15.0
70700,1692.0,16.0
70800,1672.0,16.0
70900,1654.0,17.0
71000,1624.0,18.0
71100,1601.0,18.0
71200,1535.0,19.0
71300,1493.0,20.0
71500,1431.0,20.0
71600,1388.0,20.0
71700,1347.0,21.0
71800,1342.0,21.0
71900,1351.0,21.0
72000,1387.0,21.0
72100,1400.0,21.0
72200,1403.0,21.0
72300,1422.0,21.0
72400,1469.0,21.0
72500,1512.0,21.0
72600,1630.0,21.0
72800,1761.0,21.0
72900,1816.0,22.0
73000,1897.0,22.0
73100,1899.0,23.0
73200,1892.0,23.0
73300,1882.0,23.0
73400,1875.0,24.0
73500,1855.0,24.0
73600,1850.0,24.0
73700,1853.0,25.0
73800,1863.0,25.0
73900,1871.0,25.0
74000,1887.0,25.0
74200,1903.0,26.0
74300,1913.0,26.0
74400,1915.0,27.0
74500,1910.0,27.0
74600,1906.0,27.0
74700,1910.0,28.0
74800,1921.0,28.0
74900,1888.0,28.0
75100,1783.5,28.5
75300,1692.0,29.0
75400,1664.0,30.0
75500,1563.0,30.0
75600,1529.0,30.0
75700,1469.0,30.0
75800,1418.0,31.0
75900,1360.0,31.0
76100,1336.0,31.0
76200,1267.0,32.0
76300,1253.0,32.0
76400,1258.0,32.0
76500,1259.0,33.0
76600,1265.0,33.0
76700,1275.0,33.0
76800,1283.0,33.0
76900,1276.0,34.0
77100,1292.5,34.0
77200,1318.0,35.0
77400,1324.5,35.0
77500,1345.0,35.0
77600,1349.0,36.0
77700,1369.0,36.0
77900,1376.0,36.0
78000,1396.0,37.0
78100,1409.0,37.0
78200,1417.0,37.0
78300,1434.0,38.0
78400,1471.0,38.0
78500,1491.0,38.0
78600,1518.0,39.0
78700,1540.0,39.0
78900,1579.0,40.0
79000,1598.0,40.0
79100,1611.0,41.0
79200,1625.0,41.0
79300,1647.0,41.0
79400,1670.0,42.0
79500,1678.0,42.0
79600,1688.0,42.0
79700,1687.0,43.0
79800,1695.0,43.0
79900,1688.0,44.0
80100,1680.0,44.0
80200,1681.0,44.0
80300,1676.0,45.0
80400,1677.0,45.0
80500,1686.0,45.0
80600,1690.0,46.0
80700,1695.0,46.0
80800,1695.0,46.0
80900,1697.0,47.0
81100,1711.0,47.0
81200,1730.0,48.0
81300,1753.0,48.0
81400,1752.0,48.0
81500,1771.0,48.0
81600,1784.0,49.0
81700,1796.0,49.0
81800,1814.0,50.0
81900,1824.0,50.0
82000,1831.0,50.0
82100,1850.0,51.0
82200,1856.0,51.0
82300,1844.0,51.0
82500,1835.0,52.0
82600,1824.0,52.0
82700,1791.0,52.0
82800,1764.0,52.0
82900,1744.0,53.0
83000,1720.0,53.0
83100,1695.0,54.0
83200,1670.0,54.0
83400,1661.0,54.0
83500,1637.0,54.0
83600,1639.0,55.0
83700,1636.0,55.0
83800,1634.0,55.0
83900,1637.0,55.0
84000,1641.0,56.0
84100,1649.0,56.0
84200,1655.0,56.0
84300,1655.0,56.0
84500,1651.0,57.0
84600,1652.0,57.0
84700,1653.0,57.0
84800,1651.0,57.0
84900,1649.0,58.0
85000,1641.0,58.0
85100,1629.0,58.0
85200,1621.0,58.0
85300,1591.0,59.0
85400,1548.0,59.0
85500,1531.0,59.0
85600,1482.0,59.0
85700,1429.0,59.0
85800,1416.0,59.0
85900,1389.0,59.0
86000,1379.0,60.0
86100,1362.0,60.0
86200,1353.0,60.0
86300,1342.0,60.0
86400,1335.0,60.0
86500,1343.0,60.0
86600,1342.0,60.0
86700,1347.0,60.0
86900,1348.0,60.0
87000,1355.0,61.0
87100,1356.0,61.0
87200,1377.0,61.0
87300,1390.0,61.0
87400,1398.0,61.0
87600,1404.0,61.0
87700,1407.0,61.0
87800,1410.0,61.0
87900,1406.0,62.0
88000,1413.0,62.0
88100,1415.0,62.0
88200,1417.0,62.0
88300,1414.0,62.0
88400,1404.0,62.0
88500,1394.0,62.0
88700,1385.0,62.0
88800,1384.0,62.0
88900,1373.0,62.0
89000,1368.0,63.0
89100,1362.0,63.0
89200,1352.0,63.0
89300,1349.0,63.0
89400,1350.0,63.0
89500,1346.0,63.0
89600,1341.0,63.0
89700,1346.0,63.0
89800,1344.0,63.0
89900,1345.0,63.0
90000,1343.0,63.0
90200,1348.0,63.0
90300,1346.0,63.0
90400,1352.0,64.0
90500,1354.0,64.0
90600,1357.0,64.0
90700,1360.0,64.0
90800,1360.0,64.0
90900,1367.0,64.0
91000,1371.0,64.0
91100,1389.0,64.0
91200,1402.0,64.0
91300,1419.0,64.0
91400,1435.0,64.0
91500,1455.0,65.0
91600,1486.0,65.0
91800,1509.0,65.0
91900,1528.0,65.0
92000,1529.0,65.0
92200,1531.0,65.0
92300,1541.0,65.0
92400,1545.0,66.0
92500,1549.0,66.0
92600,1551.0,66.0
92700,1561.0,66.0
92800,1564.0,66.0
92900,1564.0,66.0
93000,1571.0,66.0
93100,1575.0,66.0
93200,1579.0,67.0
93300,1576.0,67.0
93500,1585.0,67.0
93600,1590.0,67.0
93700,1590.0,67.0
93800,1592.0,67.0
93900,1588.0,67.0
94000,1581.0,67.0
94100,1576.0,68.0
94200,1572.0,68.0
94300,1564.0,68.0
94400,1560.0,68.0
94500,1550.0,68.0
94600,1551.0,68.0
94700,1550.0,68.0
94900,1547.0,68.0
95000,1550.0,69.0
95100,1550.0,69.0
95200,1551.0,69.0
95300,1552.0,69.0
95400,1554.0,69.0
95500,1557.0,69.0
95600,1560.0,69.0
95700,1563.0,70.0
95800,1563.0,70.0
95900,1567.0,70.0
96000,1561.0,70.0
96100,1565.0,70.0
96200,1565.0,70.0
96300,1556.0,70.0
96400,1543.0,70.0
96500,1535.0,70.0
96700,1516.0,70.0
96800,1490.0,71.0
96900,1477.0,71.0
97000,1459.0,71.0
97100,1439.0,71.0
97200,1433.0,71.0
97300,1420.0,71.0
97400,1415.0,71.0
97500,1404.0,71.0
97600,1393.0,71.0
97700,1384.0,71.0
97800,1377.0,71.0
97900,1379.0,71.0
98000,1375.0,71.0
98100,1371.0,71.0
98200,1373.0,71.0
98300,1371.0,71.0
98400,1370.0,71.0
98500,1370.0,71.0
98600,1370.0,71.0
98700,1369.0,71.0
98800,1374.0,71.0
98900,1371.0,71.0
99000,1365.0,71.0
99100,1367.0,71.0
99300,1366.0,71.0
99400,1361.0,71.0
99500,1359.0,71.0
99600,1355.0,71.0
99700,1354.0,71.0
99800,1354.0,71.0
99900,1355.0,71.0
100000,1355.0,71.0
100100,1356.0,71.0
100200,1351.0,71.0
100300,1354.0,70.0
100400,1352.0,70.0
100500,1352.0,70.0
100600,1369.0,70.0
100800,1367.0,70.0
100900,1368.0,70.0
101000,1375.0,70.0
101100,1367.0,70.0
101200,1372.0,70.0
101300,1374.0,70.0
101400,1377.0,70.0
101500,1376.0,70.0
101600,1377.0,70.0
101700,1378.0,70.0
101900,1376.0,70.0
102000,1379.0,70.0
102100,1377.0,70.0
102200,1379.0,70.0
102300,1377.0,70.0
102400,1375.0,70.0
102500,1380.0,70.0
102600,1377.0,70.0
102700,1375.0,70.0
102800,1372.0,70.0
102900,1371.0,70.0
103000,1373.0,70.0
103100,1369.0,70.0
103300,1367.5,70.0
103500,1370.0,70.0
103600,1365.0,70.0
103700,1367.0,70.0
103800,1359.0,70.0
103900,1369.0,70.0
104000,1359.0,70.0
104100,1375.0,69.0
104200,1366.0,69.0
104400,1368.0,69.0
104500,1355.0,69.0
104600,1376.0,69.0
104700,1375.0,69.0
104800,1357.0,69.0
104900,1368.0,68.0
105000,1407.0,68.0
105200,1373.0,68.0
105300,1400.0,68.0
105400,1393.0,68.0
105500,1396.0,68.0
105600,1383.0,68.0
105700,1389.0,68.0
105800,1388.0,68.0
105900,1387.0,68.0
106000,1383.0,68.0
106100,1382.0,68.0
106300,1379.0,68.0
106400,1375.0,68.0
106500,1372.0,68.0
106600,1374.0,67.0
106700,1376.0,67.0
106800,1364.0,67.0
106900,1366.0,67.0
107000,1371.0,67.0
107100,1353.0,67.0
107200,1346.0,67.0
107300,1348.0,67.0
107400,1364.0,66.0
107500,1368.0,66.0
107600,1371.0,66.0
107700,1373.0,66.0
107800,1367.0,66.0
108000,1367.0,66.0
108100,1369.0,65.0
108200,1366.0,65.0
108300,1369.0,65.0
108400,1367.0,65.0
108500,1364.0,65.0
108600,1360.0,65.0
108700,1364.0,65.0
108800,1361.0,65.0
108900,1358.0,64.0
109000,1359.0,64.0
109100,1355.0,64.0
109200,1353.0,64.0
109300,1351.0,64.0
109400,1351.0,64.0
109500,1350.0,64.0
109600,1354.0,64.0
109700,1358.0,64.0
109800,1362.0,64.0
109900,1358.0,63.0
110100,1367.0,63.0
110200,1367.0,63.0
110300,1371.0,63.0
110400,1365.0,63.0
110500,1368.0,63.0
110600,1372.0,63.0
110700,1376.0,63.0
110800,1376.0,63.0
110900,1372.0,63.0
111000,1373.0,63.0
111100,1379.0,64.0
111200,1379.0,63.0
111300,1375.0,63.0
111500,1376.0,64.0
111600,1376.0,63.0
111700,1377.0,63.0
111800,1373.0,64.0
111900,1366.0,63.0
112000,1365.0,63.0
112100,1363.0,63.0
112200,1359.0,63.0
112300,1359.0,63.0
112400,1359.0,63.0
112600,1360.0,63.0
112700,1354.0,63.0
112800,1361.0,63.0
112900,1362.0,63.0
113000,1366.0,63.0
113100,1362.0,63.0
113200,1361.0,63.0
113300,1367.0,63.0
113400,1358.0,63.0
113600,1360.0,63.0
113700,1356.0,63.0
113800,1353.0,63.0
113900,1350.0,63.0
114000,1352.0,63.0
114100,1348.0,63.0
114200,1348.0,63.0
114300,1345.0,63.0
114500,1350.0,63.0
114600,1351.0,64.0
114700,1348.0,63.0
114800,1355.0,63.0
114900,1351.0,63.0
115000,1344.0,63.0
115100,1351.0,64.0
115200,1352.0,64.0
115300,1346.0,63.0
115400,1341.0,64.0
115500,1342.0,63.0
115600,1336.0,63.0
115700,1328.0,63.0
115800,1326.0,63.0
116000,1331.0,63.0
116100,1327.0,63.0
116200,1326.0,63.0
116300,1325.0,63.0
116400,1328.0,63.0
116500,1323.0,63.0
116600,1325.0,63.0
116700,1329.0,63.0
116800,1323.0,63.0
116900,1327.0,63.0
117100,1332.0,63.0
117200,1335.0,63.0
117300,1331.0,63.0
117400,1336.0,63.0
117500,1341.0,63.0
117600,1343.0,63.0
117700,1345.0,63.0
117800,1347.0,63.0
117900,1346.0,64.0
118000,1346.0,64.0
118200,1343.0,64.0
118300,1340.0,64.0
118400,1341.0,64.0
118500,1342.0,64.0
118600,1344.0,64.0
118800,1346.0,64.0
118900,1344.0,64.0
119000,1348.0,64.0
119100,1344.0,64.0
119200,1350.0,64.0
119300,1346.0,64.0
119400,1351.0,64.0
119500,1349.0,64.0
119600,1347.0,64.0
119700,1350.0,64.0
119800,1349.0,64.0
119900,1346.0,64.0
120000,1355.0,64.0
120100,1336.0,64.0
120200,1345.0,64.0
120300,1345.0,64.0
120400,1345.0,64.0
120500,1338.0,64.0
120600,1330.0,64.0
120800,1334.0,64.0
120900,1328.0,64.0
121000,1322.0,64.0
121100,1328.0,64.0
121200,1329.0,64.0
121300,1326.0,63.0
121400,1328.0,63.0
121500,1325.0,63.0
121600,1325.0,63.0
121700,1326.0,63.0
121800,1349.0,63.0
121900,1345.0,63.0
122000,1345.0,63.0
122100,1345.0,62.0
122200,1342.0,62.0
122300,1334.0,62.0
122400,1331.0,62.0
122500,1331.0,62.0
122700,1324.0,61.0
122800,1318.0,61.0
122900,1312.0,61.0
123000,1313.0,61.0
123100,1309.0,61.0
123200,1305.0,61.0
123400,1301.0,60.0
123500,1300.0,60.0
123600,1293.0,60.0
123700,1297.0,60.0
123800,1291.0,60.0
123900,1287.0,60.0
124000,1286.0,60.0
124100,1279.0,59.0
124200,1281.0,59.0
124300,1277.0,59.0
124400,1274.0,59.0
124500,1271.0,59.0
124600,1265.0,59.0
124800,1266.0,58.0
124900,1261.0,58.0
125000,1254.0,58.0
125100,1251.0,58.0
125200,1249.0,58.0
125300,1246.0,57.0
125500,1241.0,57.0
125600,1238.0,57.0
125700,1241.0,57.0
125800,1234.0,56.0
125900,1232.0,56.0
126000,1228.0,56.0
126100,1236.0,56.0
126200,1235.0,56.0
126300,1237.0,56.0
126400,1234.0,56.0
126500,1243.0,56.0
126600,1241.0,55.0
126800,1229.0,55.0
126900,1228.0,55.0
127000,1223.0,55.0
127100,1233.0,54.0
127200,1238.0,54.0
127300,1239.0,54.0
127400,1241.0,54.0
127500,1269.0,54.0
127600,1256.0,54.0
127700,1257.0,53.0
127800,1250.0,53.0
127900,1251.0,53.0
128000,1241.0,53.0
128100,1239.0,53.0
128200,1236.0,52.0
128300,1236.0,52.0
128400,1232.0,52.0
128500,1230.0,52.0
128700,1236.0,51.0
128800,1233.0,51.0
128900,1231.0,51.0
129000,1229.0,50.0
129100,1233.0,50.0
129200,1227.0,49.0
129400,1223.0,49.0
129500,1224.0,48.0
129600,1223.0,48.0
129700,1228.0,48.0
129800,1226.0,47.0
129900,1229.0,47.0
130000,1232.0,47.0
130100,1232.0,46.0
130200,1229.0,46.0
130300,1234.0,45.0
130500,1239.0,45.0
130600,1225.0,45.0
130700,1239.0,45.0
130800,1240.0,44.0
130900,1235.0,44.0
131000,1239.0,44.0
131200,1246.0,44.0
131300,1240.0,43.0
131400,1244.0,43.0
131500,1243.0,43.0
131600,1236.0,42.0
131800,1235.0,42.0
131900,1230.0,42.0
132000,1233.0,42.0
132100,1243.0,41.0
132200,1235.0,41.0
132300,1234.0,41.0
132400,1238.0,41.0
132500,1239.0,40.0
132700,1252.0,40.0
132800,1245.0,40.0
132900,1239.0,40.0
133000,1242.0,39.0
133100,1242.0,39.0
133300,1248.0,39.0
133400,1241.0,39.0
133500,1250.0,39.0
133600,1239.0,38.0
133700,1243.0,38.0
133800,1237.0,38.0
133900,1240.0,38.0
134000,1246.0,37.0
134100,1243.0,37.0
134200,1245.0,37.0
134300,1237.0,37.0
134400,1245.0,36.0
134500,1236.0,36.0
134600,1238.0,36.0
134800,1236.0,36.0
134900,1245.0,35.0
135000,1240.0,35.0
135100,1244.0,35.0
135200,1241.0,34.0
135300,1242.0,34.0
135500,1242.0,34.0
135600,1244.0,34.0
135700,1241.0,33.0
135800,1243.0,33.0
135900,1243.0,33.0
136000,1242.0,33.0
136100,1243.0,32.0
136200,1238.0,32.0
136300,1240.0,32.0
136400,1240.0,32.0
136500,1244.0,32.0
136600,1247.0,31.0
136700,1244.0,31.0
136800,1246.0,31.0
136900,1251.0,30.0
137000,1253.0,30.0
137200,1254.0,30.0
137300,1255.0,29.0
137400,1253.0,29.0
137500,1256.0,29.0
137600,1252.0,29.0
137700,1250.0,29.0
137800,1255.0,28.0
137900,1247.0,28.0
138000,1255.0,28.0
138100,1276.0,28.0
138200,1270.0,28.0
138300,1247.0,27.0
138400,1224.0,27.0
138600,1252.0,27.0
138700,1249.0,27.0
138800,1219.0,27.0
138900,1216.0,27.0
139000,1206.0,27.0
139100,1195.0,27.0
139200,1193.0,27.0
139300,1185.0,27.0
139400,1182.0,27.0
139500,1179.0,27.0
139600,1177.0,27.0
139800,1176.0,27.0
139900,1172.0,27.0
140000,1172.0,26.0
140100,1173.0,26.0
140200,1169.0,26.0
140300,1168.0,26.0
140400,1163.0,26.0
140500,1165.0,26.0
140600,1163.0,26.0
140700,1160.0,26.0
140900,1163.0,26.0
141000,1162.0,26.0
141100,1161.0,26.0
141200,1157.0,26.0
141300,1156.0,26.0
141400,1155.0,26.0
141500,1161.0,26.0
141600,1161.0,26.0
141700,1155.0,26.0
141800,1159.0,26.0
142000,1152.0,26.0
142100,1155.0,26.0
142200,1146.0,26.0
142300,1157.0,26.0
142400,1169.0,26.0
142500,1188.0,26.0
142600,1235.0,26.0
142700,1265.0,26.0
142800,1257.0,26.0
142900,1252.0,26.0
143000,1209.0,25.0
143100,1243.0,25.0
143300,1232.0,25.0
143500,1225.0,25.0
143600,1207.0,24.0
143700,1200.0,24.0
143800,1196.0,24.0
143900,1208.0,24.0
144000,1202.0,23.0
144100,1206.0,23.0
144200,1204.0,23.0
144300,1207.0,22.0
144400,1211.0,22.0
144500,1210.0,22.0
144600,1180.0,22.0
144800,1113.0,21.0
144900,1054.0,21.0
145000,944.0,21.0
145100,850.0,21.0
145200,1016.0,20.0
145300,1092.0,20.0
145400,1203.0,20.0
145500,1216.0,20.0
145600,1217.0,20.0
145800,1204.0,20.0
145900,1191.0,20.0
146000,1176.0,20.0
146100,1162.0,19.0
146200,1152.0,19.0
146300,1146.0,19.0
146400,1210.0,19.0
146500,1316.0,19.0
146600,1365.0,19.0
146800,1459.0,19.0
146900,1546.0,19.0
147000,1609.0,19.0
147100,1708.0,19.0
147200,1751.0,20.0
147300,1770.0,20.0
147400,1777.0,21.0
147500,1730.0,21.0
147600,1692.0,21.0
147700,1614.0,21.0
147800,1576.0,21.0
147900,1482.0,22.0
148000,1438.0,22.0
148100,1427.0,22.0
148300,1373.0,22.0
148400,1302.0,23.0
148500,1258.0,23.0
148600,1204.0,23.0
148700,1207.0,23.0
148800,1189.0,23.0
148900,1189.0,23.0
149100,1186.0,23.0
149200,1184.0,23.0
149300,1173.0,24.0
149400,1189.0,24.0
149500,1189.0,24.0
149600,1203.0,24.0
149700,1208.0,25.0
149800,1211.0,25.0
149900,1215.0,25.0
150000,1214.0,25.0
150100,1215.0,25.0
150200,1215.0,26.0
150300,1216.0,26.0
150400,1213.0,26.0
150500,1209.0,26.0
150600,1204.0,26.0
150700,1202.0,27.0
150800,1185.0,27.0
151000,1214.0,27.0
151100,1216.0,27.0
151200,1201.0,27.0
151300,1225.0,27.0
151400,1204.0,27.0
151500,1207.0,27.0
151600,1194.0,27.0
151700,1232.0,27.0
151800,1204.0,27.0
151900,1231.0,27.0
152000,1211.0,26.0
152100,1227.0,26.0
152200,1200.0,26.0
152400,1209.0,26.0
152500,1194.0,25.0
152600,1200.0,25.0
152700,1196.0,25.0
152800,1197.0,25.0
152900,1197.0,24.0
153000,1192.0,24.0
153100,1192.0,24.0
153200,1187.0,23.0
153300,1178.0,23.0
153400,1181.0,22.0
153500,1169.0,22.0
153600,1169.0,22.0
153700,1169.0,21.0
153800,1145.0,21.0
153900,1118.0,20.0
154000,1029.0,20.0
154100,932.0,20.0
154200,876.0,19.0
154300,955.0,19.0
154400,1094.0,19.0
154500,1156.0,19.0
154700,1194.0,19.0
154800,1193.0,19.0
154900,1183.0,19.0
155000,1162.0,18.0
155100,1143.0,18.0
155200,1140.0,18.0
155300,1109.0,17.0
155400,1104.0,17.0
155500,1076.0,17.0
155600,1047.0,16.0
155700,1042.0,16.0
155800,1022.0,15.0
155900,1015.0,15.0
156000,1015.0,14.0
156200,1005.0,13.0
156300,997.0,13.0
156400,987.0,12.0
156500,965.0,11.0
156600,956.0,11.0
156800,929.0,10.0
156900,901.0,10.0
157000,888.0,10.0
157100,877.0,10.0
157200,885.0,9.0
157300,900.0,9.0
157400,900.0,9.0
157500,893.0,8.0
157600,887.0,8.0
157700,878.0,8.0
157800,872.0,8.0
157900,867.0,8.0
158000,850.0,8.0
158100,836.0,8.0
158200,835.0,7.0
158400,824.0,7.0
158500,816.0,7.0
158600,819.0,7.0
158700,816.0,7.0
158800,809.0,7.0
158900,801.0,7.0
159000,794.0,7.0
159100,785.0,7.0
159200,779.0,6.0
159300,778.0,6.0
159400,777.0,6.0
159500,766.0,6.0
159600,756.0,6.0
159700,750.0,6.0
159900,745.0,5.0
160000,742.0,5.0
160100,740.0,4.0
160200,735.0,4.0
160300,722.0,4.0
160400,718.0,3.0
160500,706.0,3.0
160600,705.0,3.0
160700,701.0,2.0
160800,698.0,2.0
161000,687.0,2.0
161100,686.0,1.0
161200,680.0,0.0
161300,682.0,0.0
161400,689.0,0.0
161500,696.0,0.0
161600,697.0,0.0
161700,699.0,0.0
161900,702.0,0.0
162000,709.0,0.0
162100,713.0,0.0
162200,714.0,0.0
162300,709.0,0.0
162400,704.0,0.0
162500,698.0,0.0
162700,709.0,0.0
162800,716.0,0.0
162900,712.0,0.0
163000,719.0,0.0
163100,722.0,0.0
163200,711.0,0.0
163300,716.0,0.0
163400,722.0,0.0
163500,718.0,0.0
163600,718.0,0.0
163700,726.0,0.0
163800,705.0,0.0
163900,708.0,0.0
164000,718.0,0.0
164100,712.0,0.0
164200,720.0,0.0
164400,709.0,0.0
164500,711.0,0.0
164600,710.0,0.0
164700,705.0,0.0
164800,724.0,0.0
164900,759.0,0.0
165000,791.0,0.0
165100,796.0,0.0
165200,814.0,0.0
165300,796.0,1.0
165400,800.0,2.0
165500,799.0,2.0
165600,797.0,2.0
165700,800.0,2.0
165900,789.0,3.0
166000,830.0,3.0
166100,865.0,3.0
166200,915.0,3.0
166300,980.0,4.0
166400,1032.0,4.0
166500,1081.0,4.0
166600,1117.0,5.0
166700,1159.0,5.0
166800,1193.0,5.0
166900,1213.0,6.0
167000,1218.0,6.0
167100,1226.0,6.0
167200,1232.0,7.0
167300,1238.0,7.0
167400,1239.0,8.0
167600,1244.0,8.0
167700,1229.0,8.0
167800,1222.0,8.0
167900,1198.0,9.0
168000,1181.0,9.0
168100,1168.0,9.0
168200,1164.0,9.0
168300,1169.0,10.0
168500,1197.0,10.0
168600,1248.0,10.0
168700,1284.0,10.0
168800,1367.0,10.0
168900,1395.0,11.0
169000,1436.0,11.0
169100,1459.0,11.0
169200,1467.0,12.0
169300,1480.0,12.0
169400,1474.0,13.0
169500,1432.0,13.0
169600,1411.0,13.0
169700,1398.0,14.0
169800,1398.0,14.0
169900,1392.0,14.0
170000,1375.0,15.0
170100,1367.0,15.0
170200,1360.0,15.0
170300,1343.0,16.0
170400,1323.0,16.0
170500,1317.0,16.0
170600,1306.0,17.0
170700,1297.0,17.0
170900,1291.0,17.0
171000,1281.0,18.0
171100,1278.0,18.0
171200,1262.0,19.0
171300,1255.0,19.0
171400,1254.0,20.0
171500,1249.0,20.0
171600,1241.0,20.0
171700,1247.0,21.0
171800,1232.0,21.0
171900,1226.0,21.0
172100,1214.5,22.0
172300,1202.0,22.0
172400,1192.5,22.0
172600,1178.0,23.0
172700,1177.0,23.0
172800,1191.0,23.0
172900,1184.0,23.0
173000,1172.0,23.0
173100,1191.0,23.0
173200,1191.0,23.0
173300,1161.0,23.0
173500,1116.0,23.0
173600,1033.0,23.0
173700,921.0,23.0
173800,866.0,23.0
173900,892.0,23.0
174000,972.0,23.0
174100,1011.0,23.0
174200,1051.0,22.0
174300,1130.0,22.0
174400,1131.0,22.0
174500,1128.0,22.0
174600,1127.0,22.0
174700,1078.0,22.0
174800,1047.0,22.0
174900,1033.0,22.0
175100,964.0,22.0
175200,951.0,22.0
175300,951.0,22.0
175400,971.0,22.0
175500,992.0,22.0
175600,1031.0,22.0
175700,1043.0,22.0
175900,1057.0,22.0
176000,1059.0,22.0
176100,1054.0,21.0
176200,1063.0,21.0
176300,1050.0,21.0
176400,1058.0,21.0
176500,1053.0,21.0
176600,1063.0,21.0
176700,1048.0,21.0
176800,1113.0,21.0
176900,1205.0,21.0
177100,1289.0,21.0
177200,1309.0,21.0
177300,1358.0,21.0
177400,1389.0,21.0
177500,1477.0,21.0
177600,1510.0,21.0
177700,1593.0,22.0
177800,1643.0,22.0
177900,1688.0,22.0
178000,1706.0,22.0
178100,1720.0,22.0
178200,1711.0,23.0
178300,1712.0,23.0
178400,1740.0,23.0
178500,1745.0,23.0
178600,1740.0,24.0
178700,1741.0,24.0
178800,1746.0,25.0
178900,1746.0,25.0
179000,1740.0,25.0
179200,1700.0,26.0
179300,1674.0,26.0
179400,1671.0,27.0
179500,1664.0,27.0
179600,1627.0,28.0
179700,1563.0,28.0
179800,1522.0,29.0
179900,1512.0,29.0
180000,1498.0,30.0
180200,1487.0,30.0
180300,1474.0,30.0
180400,1471.0,31.0
180500,1457.0,31.0
180600,1454.0,32.0
180700,1448.0,32.0
180800,1446.0,33.0
180900,1440.0,33.0
181000,1444.0,33.0
181100,1437.0,34.0
181200,1438.0,34.0
181300,1435.0,34.0
181500,1434.0,35.0
181600,1433.0,35.0
181700,1437.0,35.0
181800,1433.0,36.0
181900,1426.0,36.0
182000,1418.0,36.0
182100,1412.0,37.0
182200,1378.0,37.0
182400,1335.0,37.0
182500,1309.0,37.0
182600,1298.0,37.0
182700,1262.0,37.0
182800,1250.0,37.0
182900,1246.0,37.0
183000,1230.0,37.0
183100,1220.0,37.0
183300,1204.0,37.0
183400,1190.0,37.0
183500,1183.0,37.0
183600,1167.0,37.0
183700,1154.0,37.0
183800,1150.0,37.0
183900,1141.0,37.0
184000,1142.0,37.0
184100,1143.0,37.0
184200,1159.0,37.0
184300,1166.0,37.0
184400,1222.0,37.0
184500,1256.0,37.0
184600,1286.0,37.0
184700,1323.0,38.0
184800,1336.0,38.0
184900,1353.0,38.0
185000,1366.0,39.0
185100,1367.0,39.0
185200,1379.0,39.0
185300,1373.0,39.0
185500,1367.0,40.0
185600,1341.0,40.0
185700,1302.0,40.0
185800,1296.0,40.0
185900,1267.0,40.0
186000,1264.0,40.0
186100,1243.0,40.0
186300,1229.0,40.0
186400,1213.0,40.0
186500,1200.0,40.0
186600,1188.0,40.0
186700,1179.0,40.0
186800,1170.0,40.0
186900,1157.0,40.0
187000,1150.0,40.0
187100,1146.0,41.0
187200,1141.0,40.0
187300,1143.0,41.0
187500,1141.0,41.0
187600,1140.0,41.0
187700,1143.0,41.0
187800,1144.0,41.0
187900,1143.0,41.0
188000,1145.0,41.0
188100,1140.0,41.0
188300,1146.0,41.0
188400,1145.0,41.0
188500,1146.0,41.0
188600,1146.0,41.0
188700,1147.0,41.0
188800,1146.0,41.0
188900,1142.0,41.0
189000,1143.0,41.0
189100,1147.0,41.0
189300,1145.0,41.0
189400,1148.0,41.0
189500,1146.0,41.0
189600,1147.0,41.0
189700,1148.0,41.0
189800,1149.0,41.0
189900,1148.0,42.0
190000,1150.0,42.0
190100,1147.0,42.0
190200,1152.0,42.0
190400,1147.0,42.0
190500,1146.0,42.0
190600,1149.0,42.0
190700,1146.0,42.0
190800,1149.0,42.0
190900,1147.0,42.0
191000,1145.0,42.0
191100,1150.0,42.0
191300,1147.0,42.0
191400,1150.0,42.0
191600,1149.0,42.0
191700,1150.0,42.0
191800,1151.0,42.0
191900,1147.0,42.0
192000,1151.0,42.0
192100,1149.0,42.0
192200,1148.0,42.0
192300,1146.0,42.0
192400,1146.0,42.0
192500,1149.0,42.0
192700,1145.0,42.0
192800,1153.0,43.0
192900,1150.0,42.0
193000,1148.0,42.0
193100,1152.0,43.0
193200,1145.0,43.0
193300,1149.0,43.0
193400,1153.0,43.0
193500,1162.0,43.0
193600,1187.0,42.0
193800,1228.0,42.0
193900,1232.0,42.0
194000,1240.0,42.0
194100,1238.0,42.0
194200,1239.0,42.0
194300,1224.0,42.0
194400,1230.0,42.0
194500,1226.0,42.0
194600,1222.0,42.0
194700,1216.0,42.0
194800,1220.0,41.0
194900,1219.0,41.0
195100,1227.0,41.0
195200,1226.0,41.0
195300,1229.0,41.0
195400,1227.0,41.0
195500,1264.0,41.0
195600,1250.0,41.0
195700,1208.0,41.0
195800,1226.0,41.0
195900,1213.0,41.0
196000,1195.0,41.0
196100,1203.0,41.0
196200,1176.0,41.0
196400,1175.0,41.0
196500,1164.0,41.0
196600,1170.0,41.0
196700,1161.0,41.0
196800,1163.0,41.0
196900,1160.0,41.0
197000,1157.0,41.0
197100,1155.0,41.0
197200,1159.0,41.0
197300,1155.0,41.0
197400,1160.0,41.0
197500,1161.0,41.0
197600,1153.0,41.0
197700,1155.0,41.0
197800,1155.0,41.0
197900,1150.0,41.0
198000,1148.0,41.0
198200,1159.0,41.0
198400,1207.0,41.0
198500,1244.0,41.0
198600,1237.0,41.0
198700,1243.0,41.0
198800,1233.0,41.0
199000,1256.0,41.0
199100,1212.0,40.0
199200,1216.0,40.0
199300,1222.0,40.0
199400,1224.0,40.0
199500,1221.0,40.0
199600,1227.0,40.0
199700,1228.0,39.0
199900,1225.0,39.0
200000,1228.0,39.0
200100,1230.5,39.0
200200,1232.0,39.0
200300,1235.0,38.0
200400,1232.0,38.0
200500,1235.0,38.0
200600,1236.0,38.0
200700,1268.0,38.0
200800,1239.0,38.0
201000,1204.0,38.0
201100,1243.0,38.0
201200,1232.0,38.0
201300,1217.0,38.0
201400,1206.0,38.0
201500,1198.0,38.0
201600,1196.0,38.0
201700,1182.0,38.0
201800,1183.0,38.0
201900,1168.0,38.0
202000,1168.0,38.0
202100,1169.0,37.0
202200,1165.0,38.0
202400,1162.0,38.0
202500,1163.0,37.0
202600,1167.0,38.0
202700,1168.0,38.0
202800,1169.0,38.0
202900,1168.0,38.0
203000,1164.0,38.0
203100,1165.0,38.0
203200,1164.0,38.0
203300,1168.0,38.0
203400,1164.0,38.0
203600,1164.0,38.0
203700,1167.0,38.0
203800,1163.0,38.0
203900,1159.0,38.0
204000,1164.0,38.0
204100,1160.0,38.0
204200,1160.0,38.0
204300,1157.0,38.0
204400,1162.0,38.0
204500,1156.0,38.0
204600,1156.0,38.0
204700,1160.0,38.0
204900,1148.0,38.0
205000,1153.0,38.0
205100,1150.0,38.0
205200,1151.0,38.0
205300,1150.0,38.0
205400,1148.0,38.0
205500,1147.0,38.0
205600,1146.0,38.0
205700,1142.0,38.0
205800,1146.0,38.0
206000,1151.0,38.0
206100,1155.0,38.0
206200,1155.0,38.0
206300,1157.0,38.0
206400,1193.0,38.0
206500,1230.0,38.0
206700,1248.0,38.0
206800,1238.0,37.0
206900,1235.0,37.0
207000,1233.0,37.0
207100,1230.0,37.0
207200,1219.0,37.0
207300,1217.0,37.0
207500,1204.0,37.0
207600,1209.0,37.0
207700,1219.0,37.0
207800,1205.0,36.0
207900,1182.0,36.0
208000,1212.0,36.0
208100,1219.0,36.0
208200,1237.0,36.0
208400,1237.0,36.0
208500,1243.0,36.0
208600,1248.0,36.0
208700,1244.0,35.0
208800,1237.0,35.0
208900,1240.0,35.0
209000,1221.0,35.0
209100,1206.0,35.0
209200,1205.0,35.0
209300,1199.0,35.0
209400,1192.0,35.0
209500,1201.0,35.0
209600,1241.0,35.0
209700,1245.0,35.0
209800,1250.0,34.0
209900,1252.0,34.0
210000,1248.0,34.0
210200,1243.0,34.0
210300,1222.0,34.0
210400,1239.0,34.0
210500,1230.0,33.0
210600,1240.0,33.0
210700,1228.0,33.0
210800,1233.0,33.0
210900,1236.0,33.0
211000,1238.0,32.0
211100,1239.0,32.0
211200,1239.0,32.0
211300,1236.0,32.0
211400,1241.0,32.0
211500,1236.0,31.0
211600,1239.0,31.0
211800,1239.0,31.0
211900,1236.0,31.0
212000,1239.0,31.0
212100,1243.0,30.0
212200,1249.0,30.0
212300,1243.0,30.0
212400,1246.0,30.0
212500,1240.0,30.0
212600,1281.0,30.0
212700,1220.0,30.0
212800,1209.0,29.0
212900,1242.0,29.0
213000,1238.0,29.0
213100,1184.0,29.0
213200,1195.0,29.0
213400,1198.0,29.0
213500,1174.0,29.0
213600,1175.0,29.0
213700,1177.0,29.0
213800,1167.0,29.0
213900,1174.0,29.0
214000,1167.0,29.0
214100,1167.0,29.0
214300,1164.0,29.0
214400,1159.0,29.0
214500,1163.0,29.0
214600,1156.0,29.0
214700,1159.0,29.0
214800,1159.0,29.0
214900,1156.0,29.0
215000,1157.0,29.0
215100,1150.0,28.0
215300,1150.0,28.0
215400,1144.0,28.0
215500,1145.0,28.0
215600,1143.0,28.0
215700,1143.0,28.0
215800,1150.0,28.0
215900,1199.0,28.0
216000,1223.0,28.0
216100,1244.0,28.0
216300,1258.0,28.0
216400,1246.0,28.0
216500,1239.0,27.0
216700,1224.0,27.0
216800,1237.0,27.0
216900,1227.0,27.0
217000,1242.0,27.0
217100,1219.0,26.0
217200,1223.0,26.0
217300,1232.0,26.0
217400,1224.0,26.0
217500,1239.0,26.0
217700,1274.0,25.0
217800,1252.0,25.0
217900,1210.0,25.0
218000,1234.0,25.0
218100,1232.0,25.0
218200,1243.0,25.0
218300,1257.0,25.0
218400,1231.0,24.0
218500,1242.0,24.0
218700,1256.0,24.0
218800,1207.0,24.0
218900,1237.0,24.0
219000,1225.0,23.0
219100,1226.0,23.0
219200,1234.0,23.0
219300,1224.0,23.0
219400,1225.0,22.0
219500,1223.0,22.0
219600,1183.0,22.0
219700,1156.0,22.0
219800,1075.0,21.0
219900,982.0,21.0
220000,873.0,21.0
220200,950.0,21.0
220300,1115.0,20.0
220400,1152.0,20.0
220500,1184.0,20.0
220600,1181.0,20.0
220700,1150.0,20.0
220800,1136.0,20.0
220900,1118.0,20.0
221000,1107.0,20.0
221200,1091.0,19.0
221300,1086.0,19.0
221400,1065.0,19.0
221500,1035.0,19.0
221600,1026.0,18.0
221700,1006.0,18.0
221800,985.0,18.0
222000,965.0,17.0
222100,961.0,17.0
222200,962.0,16.0
222300,961.0,16.0
222400,957.0,15.0
222500,962.0,15.0
222600,962.0,15.0
222700,960.0,14.0
222800,958.0,14.0
222900,952.0,13.0
223000,950.0,13.0
223100,947.0,13.0
223300,942.0,12.0
223400,938.0,12.0
223500,932.0,12.0
223600,931.0,12.0
223700,935.0,12.0
223800,939.0,12.0
223900,966.0,12.0
224000,1007.0,11.0
224100,1151.0,11.0
224200,1221.0,11.0
224300,1412.0,12.0
224400,1472.0,12.0
224500,1526.0,12.0
224600,1544.0,12.0
224700,1568.0,13.0
224800,1580.0,13.0
224900,1583.0,13.0
225000,1573.0,13.0
225200,1570.0,14.0
225300,1558.0,14.0
225400,1541.0,15.0
225500,1518.0,15.0
225700,1500.0,15.0
225800,1470.0,16.0
225900,1458.0,16.0
226000,1432.0,16.0
226100,1396.0,17.0
226200,1353.0,17.0
226300,1320.0,17.0
226500,1276.0,18.0
226600,1252.0,18.0
226700,1244.0,18.0
226800,1232.0,18.0
226900,1233.0,19.0
227000,1232.0,19.0
227100,1223.0,19.0
227200,1232.0,19.0
227300,1222.0,20.0
227400,1227.0,20.0
227500,1219.0,20.0
227600,1220.0,20.0
227700,1218.0,20.0
227800,1206.0,20.0
228000,1198.0,21.0
228100,1197.0,21.0
228200,1181.0,21.0
228300,1174.0,21.0
228400,1174.0,21.0
228500,1172.0,21.0
228600,1174.0,21.0
228700,1171.0,22.0
228800,1173.0,22.0
228900,1174.0,22.0
229000,1190.0,22.0
229100,1192.0,22.0
229300,1194.0,23.0
229400,1189.0,23.0
229500,1193.0,23.0
229600,1190.0,23.0
229700,1200.0,24.0
229800,1199.0,24.0
229900,1194.0,24.0
230000,1203.0,24.0
230100,1201.0,24.0
230200,1204.0,25.0
230300,1205.0,25.0
230500,1214.0,25.0
230600,1214.0,26.0
230700,1220.0,26.0
230800,1232.0,26.0
230900,1241.0,27.0
231000,1259.0,27.0
231100,1258.0,27.0
231200,1271.0,28.0
231300,1269.0,28.0
231400,1262.0,28.0
231500,1269.0,29.0
231700,1261.5,29.0
231900,1255.0,29.0
232000,1260.0,30.0
232100,1250.0,30.0
232200,1253.0,30.0
232300,1258.0,31.0
232400,1273.0,31.0
232500,1268.0,31.0
232600,1294.0,32.0
232800,1280.0,32.0
232900,1311.0,32.0
233000,1299.0,33.0
233100,1318.0,33.0
233200,1320.0,33.0
233300,1330.0,34.0
233400,1334.0,34.0
233500,1369.0,34.0
233600,1358.0,34.0
233700,1401.0,35.0
233800,1389.0,35.0
233900,1421.0,35.0
234100,1401.0,36.0
234200,1457.0,36.0
234300,1479.0,36.0
234400,1478.0,37.0
234500,1495.0,37.0
234700,1502.0,37.0
234800,1534.0,38.0
234900,1538.0,38.0
235000,1563.0,39.0
235100,1567.0,39.0
235200,1579.0,39.0
235300,1569.0,40.0
235400,1575.0,40.0
235500,1556.0,40.0
235600,1545.0,41.0
235700,1517.0,41.0
235800,1504.0,41.0
235900,1492.0,41.0
236000,1451.0,42.0
236100,1450.0,42.0
236200,1428.0,42.0
236400,1408.0,42.0
236500,1410.0,42.0
236600,1402.0,43.0
236700,1396.0,43.0
236800,1410.0,43.0
236900,1388.0,43.0
237000,1414.0,43.0
237100,1383.0,43.0
237200,1399.0,43.0
237300,1392.0,44.0
237400,1403.0,44.0
237500,1414.0,44.0
237600,1391.0,44.0
237700,1409.0,44.0
237800,1403.0,45.0
237900,1405.0,45.0
238100,1412.0,45.0
238200,1393.0,45.0
238300,1401.0,46.0
238400,1406.0,46.0
238600,1397.0,46.0
238700,1399.0,46.0
238800,1396.0,46.0
238900,1403.0,46.0
239000,1395.0,46.0
239100,1397.0,46.0
239200,1398.0,47.0
239300,1391.0,47.0
239400,1394.0,47.0
239500,1415.0,47.0
239600,1388.0,47.0
239700,1412.0,47.0
239900,1407.0,48.0
240000,1394.0,48.0
240100,1395.0,48.0
240200,1375.0,48.0
240300,1366.0,48.0
240400,1351.0,48.0
240500,1322.0,48.0
240600,1298.0,48.0
240700,1269.0,48.0
240800,1251.0,48.0
240900,1220.0,48.0
241000,1199.0,48.0
241100,1185.0,48.0
241200,1171.0,48.0
241400,1160.0,48.0
241500,1159.0,48.0
241600,1144.0,48.0
241700,1142.0,48.0
241800,1159.0,48.0
241900,1161.0,48.0
242000,1167.0,49.0
242100,1192.0,49.0
242200,1226.0,49.0
242400,1258.0,49.0
242500,1300.0,49.0
242600,1313.0,49.0
242700,1318.0,49.0
242800,1333.0,50.0
242900,1351.0,50.0
243000,1341.0,50.0
243100,1347.0,50.0
243200,1357.0,50.0
243300,1356.0,50.0
243400,1369.0,50.0
243500,1362.0,51.0
243600,1376.0,51.0
243700,1371.0,51.0
243800,1380.0,51.0
243900,1380.0,51.0
244000,1362.0,51.0
244200,1356.0,51.0
244300,1323.0,51.0
244500,1304.0,52.0
244600,1273.0,51.0
244700,1242.0,51.0
244800,1228.0,52.0
244900,1214.0,52.0
245000,1205.0,52.0
245200,1196.0,52.0
245300,1189.0,52.0
245400,1184.0,52.0
245500,1180.0,52.0
245600,1180.0,52.0
245800,1185.0,52.0
245900,1180.0,52.0
246000,1179.0,52.0
246100,1183.0,52.0
246200,1178.0,52.0
246300,1183.0,52.0
246500,1178.0,52.0
246600,1175.0,52.0
246700,1183.0,53.0
246800,1174.0,53.0
246900,1178.0,53.0
247000,1181.0,53.0
247100,1180.0,53.0
247200,1177.0,53.0
247300,1180.0,53.0
247400,1187.0,53.0
247500,1209.0,53.0
247600,1214.0,53.0
247700,1208.0,53.0
247800,1210.0,53.0
247900,1226.0,53.0
248100,1224.0,53.0
248200,1213.0,53.0
248300,1235.0,52.0
248400,1206.0,52.0
248500,1217.0,52.0
248600,1232.0,52.0
248700,1217.0,52.0
248800,1221.0,52.0
248900,1224.0,52.0
249000,1227.0,52.0
249100,1227.0,52.0
249200,1227.0,52.0
249300,1230.0,51.0
249400,1232.0,51.0
249500,1227.0,51.0
249600,1235.0,51.0
249700,1232.0,51.0
249800,1240.0,51.0
250000,1240.5,51.0
250200,1234.0,51.0
250300,1235.0,51.0
250400,1210.0,51.0
250500,1219.0,51.0
250600,1197.0,51.0
250800,1197.0,51.0
250900,1193.0,51.0
251000,1193.0,51.0
251100,1184.0,51.0
251200,1196.0,51.0
251300,1188.0,51.0
251400,1197.0,51.0
251500,1194.0,51.0
251600,1202.0,51.0
251700,1211.0,51.0
251800,1206.0,51.0
251900,1212.0,51.0
252000,1217.0,51.0
252100,1210.0,51.0
252300,1209.0,52.0
252400,1206.0,52.0
252500,1204.0,52.0
252600,1197.0,52.0
252700,1191.0,52.0
252800,1193.0,52.0
252900,1208.0,52.0
253000,1226.0,52.0
253200,1212.0,52.0
253300,1219.0,52.0
253400,1222.0,52.0
253500,1211.0,52.0
253600,1212.0,52.0
253700,1207.0,52.0
253800,1205.0,52.0
253900,1202.0,52.0
254000,1193.0,51.0
254100,1192.0,51.0
254300,1185.0,51.0
254400,1188.0,51.0
254500,1191.0,51.0
254600,1211.0,51.0
254700,1228.0,51.0
254800,1221.0,51.0
254900,1231.0,51.0
255000,1230.0,51.0
255100,1231.0,51.0
255200,1216.0,51.0
255300,1225.0,51.0
255400,1225.0,51.0
255600,1224.0,51.0
255700,1224.0,50.0
255800,1236.0,50.0
255900,1224.0,50.0
256000,1229.0,50.0
256100,1234.0,50.0
256200,1230.0,50.0
256300,1229.0,50.0
256500,1234.0,49.0
256600,1236.0,49.0
256700,1237.0,49.0
256800,1270.0,49.0
256900,1213.0,49.0
257000,1242.0,49.0
257100,1210.0,49.0
257300,1226.0,49.0
257400,1209.0,49.0
257500,1218.0,49.0
257600,1206.0,49.0
257700,1208.0,49.0
257800,1199.0,50.0
257900,1201.0,50.0
258000,1197.0,50.0
258100,1196.0,50.0
258300,1193.0,50.0
258400,1187.0,50.0
258500,1192.0,50.0
258700,1193.0,50.0
258900,1187.0,50.0
259000,1183.0,50.0
259100,1191.0,51.0
259200,1177.0,51.0
259300,1176.0,51.0
259400,1181.0,51.0
259600,1197.0,50.0
259700,1226.0,50.0
259800,1243.0,51.0
259900,1237.0,50.0
260000,1219.0,50.0
260100,1242.0,50.0
260200,1242.0,50.0
260300,1218.0,50.0
260400,1225.0,50.0
260600,1223.0,50.0
260700,1211.0,50.0
260800,1215.0,50.0
260900,1198.0,50.0
261000,1189.0,50.0
261100,1195.0,50.0
261200,1176.0,50.0
261300,1176.0,50.0
261500,1165.0,50.0
261600,1163.0,49.0
261700,1157.0,49.0
261800,1156.0,49.0
261900,1157.0,49.0
262000,1183.0,49.0
262100,1206.0,49.0
262200,1234.0,49.0
262300,1248.0,49.0
262400,1232.0,49.0
262500,1249.0,49.0
262600,1230.0,49.0
262700,1254.0,48.0
262800,1237.0,48.0
262900,1211.0,48.0
263000,1218.0,48.0
263100,1201.0,48.0
263300,1195.0,48.0
263400,1176.0,48.0
263500,1178.0,48.0
263600,1164.0,48.0
263700,1159.0,48.0
263800,1157.0,48.0
263900,1154.0,48.0
264000,1156.0,48.0
264100,1155.0,48.0
264200,1165.0,48.0
264300,1178.0,48.0
264400,1221.0,48.0
264500,1238.0,48.0
264600,1243.0,47.0
264700,1238.0,47.0
264800,1234.0,47.0
264900,1232.0,47.0
265000,1225.0,47.0
265100,1232.0,47.0
265200,1237.0,47.0
265300,1233.0,47.0
265400,1231.0,46.0
265500,1227.0,46.0
265700,1224.0,46.0
265800,1229.0,46.0
265900,1228.0,46.0
266000,1232.0,46.0
266100,1219.0,46.0
266200,1223.0,46.0
266300,1221.0,45.0
266400,1222.0,45.0
266500,1206.0,45.0
266700,1207.0,45.0
266800,1193.0,45.0
266900,1189.0,45.0
267000,1177.0,45.0
267100,1178.0,45.0
267200,1167.0,45.0
267300,1165.0,45.0
267400,1163.0,45.0
267500,1155.0,45.0
267600,1156.0,45.0
267700,1155.0,45.0
267800,1152.0,45.0
267900,1156.0,45.0
268100,1154.0,45.0
268200,1150.0,45.0
268300,1151.0,44.0
268400,1149.0,44.0
268500,1153.0,44.0
268600,1151.0,44.0
268700,1146.0,44.0
268800,1154.0,44.0
268900,1148.0,44.0
269000,1155.0,44.0
269100,1150.0,44.0
269200,1150.0,44.0
269300,1153.0,44.0
269500,1149.0,44.0
269600,1152.0,44.0
269700,1153.0,44.0
269800,1152.0,44.0
269900,1155.0,44.0
270000,1161.0,44.0
270100,1167.0,44.0
270200,1166.0,44.0
270400,1169.0,45.0
270500,1175.0,45.0
270600,1173.0,45.0
270700,1182.0,45.0
270800,1181.0,45.0
270900,1179.0,45.0
271000,1183.0,45.0
271100,1178.0,45.0
271200,1172.0,45.0
271300,1178.0,45.0
271500,1168.0,45.0
271600,1168.0,45.0
271700,1175.0,45.0
271800,1169.0,46.0
271900,1167.0,46.0
272000,1173.0,46.0
272100,1166.0,46.0
272200,1174.0,46.0
272300,1169.0,46.0
272400,1174.0,46.0
272500,1172.0,46.0
272700,1164.0,46.0
272800,1168.0,46.0
272900,1177.0,46.0
273000,1177.0,47.0
273200,1173.0,47.0
273300,1185.0,47.0
273400,1179.0,47.0
273500,1183.0,47.0
273600,1189.0,47.0
273700,1202.0,47.0
273800,1190.0,47.0
273900,1200.0,47.0
274100,1203.0,47.0
274200,1206.0,48.0
274300,1202.0,48.0
274400,1210.0,48.0
274500,1207.0,48.0
274600,1207.0,48.0
274700,1215.0,48.0
274800,1213.0,48.0
274900,1212.0,49.0
275100,1221.0,49.0
275200,1212.0,49.0
275300,1205.0,49.0
275400,1212.0,49.0
275500,1223.0,49.0
275600,1209.0,49.0
275700,1215.0,49.0
275800,1215.0,50.0
276000,1217.0,50.0
276100,1212.5,50.0
276300,1215.0,50.0
276400,1216.0,50.0
276500,1224.0,50.0
276600,1227.0,50.0
276700,1228.0,50.0
276800,1240.0,51.0
276900,1249.0,51.0
277000,1260.0,51.0
277100,1264.0,51.0
277200,1271.0,51.0
277300,1277.0,51.0
277400,1283.0,52.0
277500,1287.0,52.0
277600,1299.0,52.0
277700,1295.0,52.0
277800,1304.0,52.0
278000,1312.0,53.0
278100,1314.0,53.0
278200,1311.0,53.0
278300,1321.0,53.0
278400,1324.0,53.0
278500,1324.0,53.0
278600,1325.0,53.0
278700,1322.0,54.0
278800,1324.0,54.0
278900,1319.0,54.0
279100,1313.0,54.0
279200,1300.0,54.0
279300,1304.0,54.0
279400,1287.0,54.0
279500,1273.0,55.0
279600,1258.0,55.0
279700,1257.0,55.0
279800,1254.0,55.0
279900,1251.0,55.0
280000,1250.0,55.0
280100,1255.0,55.0
280200,1255.0,55.0
280400,1261.0,55.0
280500,1264.0,55.0
280600,1265.0,56.0
280700,1271.0,56.0
280800,1281.0,56.0
280900,1275.0,56.0
281000,1272.0,56.0
281100,1289.0,56.0
281200,1286.0,56.0
281300,1287.0,56.0
281400,1289.0,57.0
281600,1296.0,57.0
281800,1300.0,57.0
281900,1299.0,57.0
282000,1300.0,57.0
282100,1297.0,57.0
282200,1299.0,57.0
282300,1299.0,57.0
282400,1295.0,57.0
282500,1294.0,58.0
282600,1298.0,58.0
282700,1295.0,58.0
282800,1290.0,58.0
282900,1289.0,58.0
283000,1287.0,58.0
283200,1285.0,58.0
283300,1289.0,58.0
283400,1288.0,58.0
283500,1286.0,58.0
283600,1284.0,58.0
283700,1276.0,58.0
283800,1269.0,59.0
283900,1267.0,59.0
284000,1258.0,59.0
284200,1252.0,58.0
284300,1250.0,58.0
284400,1249.0,59.0
284500,1242.0,58.0
284600,1249.0,58.0
284700,1243.0,58.0
284800,1243.0,58.0
284900,1245.0,58.0
285000,1245.0,58.0
285100,1242.0,58.0
285200,1243.0,58.0
285300,1250.0,58.0
285500,1249.0,58.0
285600,1252.0,58.0
285700,1250.0,58.0
285800,1251.0,58.0
285900,1251.0,58.0
286000,1252.0,58.0
286100,1255.0,58.0
286200,1257.0,59.0
286300,1260.0,59.0
286400,1265.0,59.0
286500,1267.0,59.0
286600,1267.0,59.0
286800,1268.0,59.0
286900,1270.0,59.0
287000,1270.0,59.0
287100,1278.0,59.0
287200,1282.0,59.0
287300,1284.0,59.0
287400,1284.0,59.0
287500,1291.0,60.0
287700,1292.0,60.0
287800,1292.0,60.0
287900,1300.0,60.0
288000,1296.0,60.0
288100,1298.0,60.0
288200,1310.0,60.0
288300,1302.0,60.0
288400,1305.0,60.0
288500,1318.0,60.0
288600,1318.0,60.0
288700,1313.0,61.0
288800,1321.0,61.0
289000,1320.0,61.0
289100,1314.0,61.0
289200,1318.0,61.0
289300,1311.0,61.0
289400,1319.0,61.0
289500,1314.0,61.0
289600,1314.0,61.0
289800,1313.0,61.0
289900,1311.0,61.0
290000,1309.0,61.0
290100,1314.0,61.0
290200,1309.0,61.0
290300,1316.0,61.0
290400,1315.0,61.0
290500,1319.0,61.0
290600,1313.0,62.0
290700,1313.0,61.0
290800,1314.0,61.0
290900,1310.0,61.0
291000,1312.0,61.0
291100,1307.0,61.0
291200,1307.0,61.0
291300,1309.0,61.0
291400,1309.0,61.0
291500,1310.0,61.0
291600,1312.0,62.0
291700,1314.0,62.0
291800,1317.0,62.0
291900,1318.0,62.0
292000,1319.0,62.0
292100,1316.0,62.0
292200,1315.0,62.0
292400,1320.0,62.0
292500,1320.0,62.0
292600,1324.0,62.0
292700,1321.0,62.0
292900,1324.0,62.0
293000,1326.0,62.0
293100,1324.0,62.0
293200,1321.0,62.0
293300,1318.0,62.0
293400,1323.0,62.0
293600,1325.0,63.0
293700,1322.0,63.0
293800,1322.0,63.0
293900,1324.0,63.0
294000,1322.0,63.0
294100,1318.0,63.0
294200,1320.0,63.0
294300,1319.0,63.0
294500,1315.0,62.0
294600,1314.0,63.0
294700,1316.0,62.0
294800,1316.0,62.0
295000,1315.0,62.0
295100,1315.0,62.0
295200,1315.0,62.0
295300,1318.0,62.0
295400,1316.0,62.0
295500,1313.0,62.0
295600,1316.0,62.0
295700,1314.0,62.0
295800,1314.0,62.0
295900,1317.0,62.0
296100,1314.0,62.0
296200,1314.0,62.0
296300,1314.0,62.0
296400,1310.0,62.0
296500,1308.0,62.0
296600,1308.0,62.0
296700,1311.0,62.0
296800,1306.0,62.0
296900,1310.0,62.0
297100,1307.0,62.0
297200,1305.0,62.0
297300,1303.0,62.0
297400,1309.0,62.0
297500,1302.0,62.0
297600,1306.0,62.0
297700,1303.0,62.0
297800,1304.0,62.0
297900,1302.0,61.0
298000,1304.0,61.0
298100,1300.0,61.0
298300,1301.0,61.0
298400,1307.0,61.0
298500,1300.0,61.0
298600,1298.0,61.0
298700,1298.0,61.0
298800,1298.0,61.0
298900,1292.0,61.0
299000,1294.0,61.0
299100,1286.0,61.0
299200,1275.0,61.0
299400,1272.0,61.0
299500,1290.0,61.0
299600,1263.0,60.0
299700,1282.0,60.0
299800,1265.0,60.0
299900,1272.0,60.0
300000,1272.0,60.0
300100,1269.0,60.0
300200,1268.0,60.0
300300,1261.0,59.0
300400,1259.0,59.0
300500,1262.0,59.0
300600,1275.0,59.0
300700,1278.0,59.0
300800,1263.0,59.0
300900,1269.0,58.0
301000,1261.0,58.0
301100,1260.0,58.0
301200,1259.0,58.0
301300,1251.0,58.0
301400,1252.0,58.0
301500,1247.0,57.0
301600,1241.0,57.0
301800,1243.0,57.0
301900,1239.0,57.0
302000,1234.0,57.0
302100,1237.0,57.0
302200,1237.0,56.0
302300,1233.0,56.0
302400,1236.0,56.0
302500,1225.0,56.0
302600,1232.0,56.0
302700,1227.0,56.0
302800,1230.0,56.0
302900,1261.0,55.0
303000,1256.0,55.0
303100,1223.0,55.0
303200,1236.0,55.0
303300,1236.0,55.0
303500,1238.0,55.0
303600,1232.0,55.0
303700,1234.0,55.0
303800,1230.0,55.0
303900,1231.0,55.0
304000,1232.0,55.0
304100,1233.0,55.0
304200,1236.0,55.0
304300,1236.0,55.0
304400,1239.0,55.0
304500,1241.0,55.0
304600,1235.0,55.0
304700,1233.0,55.0
304800,1239.0,56.0
304900,1228.0,56.0
305100,1226.0,56.0
305200,1226.0,56.0
305300,1223.0,56.0
305400,1222.0,56.0
305500,1220.0,56.0
305600,1226.0,56.0
305700,1221.0,56.0
305800,1217.0,55.0
305900,1231.0,55.0
306100,1223.0,55.0
306200,1222.0,55.0
306300,1222.0,55.0
306400,1219.0,55.0
306500,1222.0,55.0
306600,1219.0,55.0
306700,1221.0,55.0
306800,1225.0,55.0
306900,1227.0,55.0
307000,1230.0,55.0
307100,1231.0,55.0
307200,1232.0,55.0
307300,1221.0,55.0
307400,1221.0,54.0
307500,1222.0,54.0
307600,1233.0,54.0
307700,1236.0,54.0
307800,1234.0,54.0
307900,1236.0,53.0
308000,1234.0,54.0
308200,1240.0,53.0
308300,1236.0,53.0
308400,1239.0,53.0
308500,1240.0,53.0
308600,1238.0,53.0
308700,1238.0,53.0
308800,1236.0,52.0
308900,1240.0,52.0
309000,1240.0,52.0
309100,1243.0,52.0
309200,1239.0,52.0
309300,1242.0,52.0
309400,1242.0,52.0
309500,1269.0,52.0
309600,1239.0,52.0
309700,1232.0,51.0
309800,1250.0,51.0
309900,1242.0,51.0
310100,1243.0,51.0
310200,1239.0,51.0
310300,1234.0,51.0
310400,1241.0,51.0
310500,1248.0,51.0
310600,1254.0,51.0
310700,1238.0,51.0
310800,1249.0,51.0
310900,1237.0,50.0
311000,1234.0,50.0
311100,1231.0,50.0
311200,1227.0,50.0
311300,1221.0,50.0
311400,1214.0,50.0
311600,1206.0,50.0
311700,1207.0,50.0
311800,1199.0,50.0
311900,1190.0,50.0
312000,1191.0,50.0
312100,1182.0,50.0
312200,1184.0,50.0
312300,1183.0,50.0
312400,1183.0,50.0
312500,1181.0,50.0
312700,1179.0,50.0
312800,1181.0,50.0
312900,1174.0,50.0
313000,1178.0,50.0
313100,1186.0,50.0
313200,1175.0,50.0
313300,1178.0,50.0
313400,1189.0,50.0
313500,1180.0,50.0
313600,1188.0,50.0
313800,1196.0,51.0
313900,1209.0,51.0
314000,1206.0,51.0
314100,1204.0,51.0
314200,1210.0,51.0
314300,1224.0,51.0
314400,1227.0,51.0
314500,1222.0,51.0
314600,1234.0,52.0
314700,1240.0,52.0
314900,1230.0,52.0
315000,1238.0,52.0
315100,1240.0,52.0
315200,1240.0,52.0
315300,1246.0,52.0
315400,1246.0,52.0
315500,1248.0,52.0
315600,1254.0,52.0
315700,1250.0,53.0
315800,1245.0,53.0
315900,1233.0,53.0
316000,1222.0,53.0
316100,1220.0,53.0
316200,1211.0,53.0
316300,1202.0,53.0
316400,1203.0,53.0
316500,1197.0,53.0
316600,1194.0,53.0
316700,1198.0,53.0
316800,1195.0,53.0
316900,1192.0,53.0
317000,1182.0,53.0
317200,1194.0,53.0
317300,1188.0,53.0
317400,1184.0,52.0
317500,1188.0,52.0
317600,1185.0,52.0
317700,1184.0,52.0
317800,1189.0,52.0
317900,1204.0,52.0
318100,1209.0,52.0
318200,1231.0,52.0
318300,1229.0,52.0
318400,1230.0,52.0
318500,1219.0,52.0
318600,1234.0,52.0
318700,1206.0,51.0
318900,1224.0,51.0
319000,1225.0,51.0
319100,1225.0,51.0
319200,1228.0,51.0
319300,1230.0,51.0
319400,1227.0,51.0
319500,1245.0,50.0
319600,1240.0,50.0
319800,1238.0,50.0
319900,1237.0,50.0
320000,1234.0,50.0
320100,1233.0,50.0
320200,1223.0,49.0
320300,1230.0,49.0
320400,1229.0,49.0
320500,1229.0,49.0
320600,1230.0,49.0
320700,1233.0,49.0
320800,1233.0,49.0
321000,1228.0,48.0
321100,1232.0,48.0
321200,1233.0,48.0
321300,1233.0,48.0
321400,1235.0,48.0
321500,1235.0,48.0
321600,1236.0,48.0
321700,1239.0,47.0
321800,1238.0,47.0
321900,1237.0,47.0
322000,1237.0,47.0
322200,1235.0,47.0
322300,1234.0,47.0
322400,1238.0,47.0
322500,1236.0,46.0
322600,1243.0,46.0
322700,1250.0,46.0
322800,1246.0,46.0
322900,1250.0,46.0
323000,1249.0,46.0
323100,1247.0,46.0
323200,1255.0,46.0
323300,1240.0,46.0
323400,1241.0,46.0
323500,1233.0,46.0
323600,1230.0,45.0
323700,1215.0,45.0
323900,1213.0,45.0
324000,1196.0,45.0
324100,1194.0,45.0
324200,1187.0,45.0
324300,1184.0,45.0
324400,1179.0,45.0
324500,1180.0,45.0
324600,1177.0,45.0
324700,1176.0,45.0
324900,1174.0,45.0
325000,1173.0,45.0
325100,1174.0,45.0
325200,1173.0,45.0
325300,1172.0,45.0
325400,1188.0,45.0
325500,1185.0,46.0
325600,1193.0,46.0
325700,1198.0,46.0
325800,1196.0,46.0
325900,1205.0,46.0
326000,1207.0,46.0
326100,1210.0,46.0
326200,1213.0,47.0
326300,1213.0,47.0
326400,1217.0,47.0
326500,1223.0,47.0
326600,1220.0,47.0
326700,1232.0,47.0
326800,1238.0,47.0
327000,1240.0,47.0
327100,1238.0,48.0
327200,1247.0,48.0
327300,1243.0,48.0
327400,1248.0,48.0
327500,1249.0,48.0
327700,1238.0,48.0
327800,1229.0,48.0
327900,1225.0,49.0
328000,1210.0,49.0
328100,1194.0,49.0
328200,1198.0,49.0
328300,1201.0,49.0
328400,1212.0,49.0
328500,1210.0,49.0
328600,1207.0,49.0
328700,1212.0,48.0
328800,1231.0,48.0
328900,1225.0,48.0
329000,1212.0,48.0
329100,1219.0,48.0
329300,1203.0,48.0
329400,1206.0,48.0
329500,1193.0,48.0
329600,1185.0,48.0
329700,1187.0,48.0
329800,1184.0,48.0
329900,1177.0,49.0
330000,1178.0,49.0
330100,1194.0,49.0
330200,1183.0,49.0
330300,1190.0,49.0
330400,1200.0,49.0
330500,1190.0,49.0
330600,1197.0,49.0
330700,1205.0,49.0
330800,1205.0,49.0
330900,1213.0,49.0
331000,1211.0,50.0
331100,1214.0,50.0
331200,1218.0,50.0
331300,1222.0,50.0
331400,1224.0,50.0
331600,1227.0,50.0
331700,1228.0,50.0
331800,1228.0,50.0
331900,1229.0,50.0
332000,1230.0,51.0
332100,1230.0,51.0
332200,1232.0,51.0
332300,1237.0,51.0
332400,1238.0,51.0
332500,1240.0,51.0
332600,1235.0,51.0
332800,1229.0,51.0
332900,1212.0,51.0
333000,1204.0,51.0
333100,1202.0,51.0
333200,1193.0,51.0
333300,1192.0,52.0
333500,1195.0,52.0
333600,1194.0,52.0
333700,1198.0,52.0
333800,1197.0,52.0
333900,1200.0,52.0
334100,1201.0,52.0
334200,1197.0,52.0
334300,1199.0,52.0
334400,1197.0,52.0
334500,1204.0,52.0
334600,1206.0,53.0
334700,1209.0,53.0
334800,1213.0,53.0
334900,1217.0,53.0
335100,1222.0,53.0
335200,1223.0,53.0
335300,1231.0,53.0
335400,1231.0,53.0
335500,1238.0,54.0
335600,1239.0,54.0
335800,1241.0,54.0
335900,1246.0,54.0
336000,1252.0,54.0
336100,1256.0,54.0
336200,1255.0,54.0
336300,1262.0,55.0
336400,1266.0,55.0
336500,1266.0,55.0
336600,1267.0,55.0
336800,1281.0,55.0
336900,1287.0,56.0
337000,1283.0,56.0
337100,1292.0,56.0
337200,1292.0,56.0
337300,1298.0,56.0
337400,1309.0,56.0
337500,1314.0,56.0
337600,1314.0,57.0
337700,1319.0,57.0
337800,1317.0,57.0
337900,1322.0,57.0
338100,1330.0,57.0
338200,1335.0,57.0
338300,1340.0,57.0
338400,1345.0,58.0
338500,1342.0,58.0
338700,1348.0,58.0
338800,1351.0,58.0
338900,1349.0,58.0
339000,1349.0,58.0
339100,1350.0,58.0
339200,1347.0,59.0
339300,1348.0,59.0
339400,1344.0,59.0
339500,1343.0,59.0
339600,1333.0,59.0
339700,1327.0,59.0
339800,1319.0,59.0
340000,1306.0,59.0
340100,1300.0,59.0
340200,1293.0,59.0
340300,1286.0,60.0
340400,1280.0,60.0
340500,1279.0,60.0
340600,1276.0,60.0
340700,1278.0,60.0
340800,1276.0,60.0
341000,1278.0,60.0
341100,1279.0,60.0
341200,1282.0,60.0
341300,1275.0,60.0
341400,1281.0,60.0
341500,1279.0,60.0
341600,1281.0,60.0
341700,1281.0,60.0
341800,1278.0,60.0
341900,1274.0,60.0
342100,1278.0,60.0
342200,1272.0,60.0
342300,1267.0,60.0
342400,1284.0,60.0
342500,1275.0,60.0
342600,1266.0,60.0
342700,1268.0,60.0
342800,1271.0,60.0
342900,1258.0,60.0
343000,1272.0,59.0
343100,1239.0,59.0
343200,1247.0,59.0
343300,1228.0,59.0
343400,1232.0,59.0
343600,1250.0,59.0
343700,1241.0,59.0
343800,1239.0,58.0
343900,1242.0,58.0
344000,1240.0,58.0
344100,1235.0,58.0
344200,1240.0,58.0
344300,1232.0,58.0
344400,1234.0,57.0
344500,1233.0,57.0
344600,1230.0,57.0
344700,1228.0,57.0
344800,1227.0,57.0
344900,1226.0,57.0
345000,1227.0,56.0
345100,1230.0,56.0
345200,1229.0,56.0
345300,1233.0,56.0
345400,1235.0,56.0
345600,1236.0,56.0
345700,1260.0,56.0
345800,1242.0,55.0
345900,1223.0,55.0
346000,1242.0,55.0
346100,1225.0,55.0
346200,1235.0,55.0
346300,1227.0,55.0
346400,1240.0,55.0
346500,1238.0,55.0
346600,1245.0,55.0
346700,1242.0,55.0
346800,1247.0,55.0
346900,1248.0,55.0
347000,1249.0,55.0
347100,1260.0,56.0
347200,1255.0,56.0
347300,1265.0,56.0
347500,1262.0,56.0
347600,1266.0,56.0
347700,1266.0,56.0
347800,1269.0,56.0
347900,1271.0,56.0
348000,1270.0,56.0
348100,1282.0,56.0
348200,1282.0,57.0
348300,1287.0,57.0
348400,1287.0,57.0
348600,1288.0,57.0
348700,1288.0,57.0
348800,1286.0,57.0
348900,1281.0,57.0
349000,1266.0,57.0
349100,1255.0,57.0
349200,1253.0,57.0
349300,1260.0,57.0
349500,1253.0,57.0
349600,1252.0,57.0
349700,1249.0,57.0
349800,1219.0,57.0
349900,1253.0,57.0
350000,1231.0,57.0
350100,1242.0,57.0
350200,1216.0,56.0
350400,1223.0,56.0
350500,1234.0,56.0
350600,1227.0,56.0
350700,1227.0,56.0
350800,1230.0,56.0
350900,1227.0,56.0
351000,1223.0,56.0
351100,1229.0,56.0
351200,1227.0,56.0
351300,1229.0,55.0
351400,1227.0,55.0
351500,1230.0,55.0
351700,1229.0,55.0
351800,1232.0,55.0
351900,1233.0,55.0
352000,1233.0,55.0
352100,1236.0,55.0
352200,1236.0,55.0
352300,1231.0,54.0
352400,1234.0,54.0
352500,1233.0,54.0
352600,1236.0,54.0
352700,1240.0,54.0
352800,1237.0,54.0
352900,1239.0,54.0
353000,1236.0,54.0
353100,1236.0,54.0
353300,1237.0,53.0
353400,1236.0,53.0
353500,1240.0,53.0
353600,1239.0,53.0
353700,1243.0,53.0
353800,1240.0,53.0
354000,1244.0,53.0
354100,1243.0,53.0
354300,1241.0,53.0
354400,1240.0,53.0
354500,1243.0,53.0
354600,1241.0,52.0
354700,1242.0,52.0
354800,1241.0,52.0
354900,1246.0,52.0
355000,1243.0,52.0
355100,1245.0,52.0
355200,1244.0,52.0
355300,1245.0,52.0
355400,1245.0,52.0
355500,1246.0,52.0
355600,1246.0,51.0
355800,1244.0,51.0
355900,1245.0,51.0
356000,1241.0,51.0
356100,1243.0,51.0
356200,1242.0,51.0
356300,1244.0,51.0
356400,1242.0,51.0
356500,1246.0,51.0
356600,1245.0,50.0
356700,1246.0,50.0
356800,1259.0,50.0
356900,1273.0,50.0
357000,1236.0,50.0
357100,1239.0,50.0
357200,1249.0,50.0
357300,1228.0,50.0
357400,1234.0,50.0
357500,1217.0,50.0
357600,1216.0,50.0
357700,1208.0,50.0
357800,1209.0,50.0
358000,1195.0,50.0
358100,1193.0,50.0
358200,1194.0,50.0
358300,1190.0,50.0
358400,1186.0,50.0
358500,1187.0,50.0
358600,1183.0,50.0
358700,1182.0,50.0
358800,1184.0,50.0
358900,1182.0,50.0
359000,1183.0,50.0
359100,1179.0,50.0
359200,1173.0,50.0
359300,1174.0,50.0
359400,1173.0,50.0
359600,1174.0,50.0
359700,1170.0,51.0
359800,1173.0,51.0
359900,1173.0,51.0
360000,1170.0,51.0
360100,1174.0,51.0
360200,1170.0,51.0
360300,1170.0,51.0
360400,1169.0,51.0
360500,1167.0,51.0
360700,1167.0,50.0
360800,1166.0,51.0
360900,1169.0,51.0
361000,1167.0,51.0
361100,1166.0,51.0
361200,1165.0,51.0
361300,1166.0,51.0
361400,1166.0,51.0
361500,1167.0,51.0
361600,1171.0,51.0
361700,1168.0,51.0
361800,1169.0,51.0
362000,1171.0,51.0
362100,1171.0,51.0
362200,1168.0,51.0
362300,1168.0,51.0
362400,1173.0,51.0
362500,1171.0,51.0
362600,1169.0,51.0
362700,1169.0,51.0
362800,1167.0,51.0
362900,1165.0,51.0
363000,1164.0,51.0
363100,1167.0,51.0
363200,1162.0,51.0
363300,1166.0,51.0
363400,1171.0,51.0
363600,1164.0,51.0
363700,1169.0,51.0
363800,1171.0,51.0
363900,1168.0,51.0
364000,1172.0,51.0
364100,1171.0,51.0
364200,1174.0,51.0
364300,1171.0,51.0
364400,1170.0,51.0
364500,1165.0,51.0
364600,1170.0,51.0
364700,1192.0,51.0
364800,1207.0,51.0
364900,1216.0,51.0
365000,1233.0,51.0
365100,1222.0,51.0
365200,1217.0,51.0
365300,1212.0,51.0
365400,1206.0,51.0
365600,1245.0,51.0
365700,1203.0,50.0
365800,1235.0,50.0
365900,1228.0,50.0
366100,1219.0,50.0
366200,1223.0,50.0
366300,1226.0,49.0
366400,1227.0,49.0
366500,1227.0,49.0
366600,1231.0,49.0
366700,1227.0,49.0
366900,1231.0,49.0
367000,1230.0,48.0
367100,1230.0,48.0
367200,1247.0,48.0
367300,1239.0,48.0
367400,1237.0,48.0
367500,1232.0,47.0
367600,1230.0,47.0
367700,1226.0,47.0
367800,1227.0,47.0
367900,1223.0,47.0
368000,1221.0,46.0
368100,1225.0,46.0
368200,1218.0,46.0
368300,1216.0,45.0
368400,1219.0,45.0
368500,1217.0,44.0
368600,1218.0,44.0
368800,1218.0,44.0
368900,1212.0,43.0
369000,1223.0,43.0
369100,1221.0,43.0
369200,1227.0,42.0
369300,1232.0,42.0
369400,1229.0,42.0
369500,1232.0,41.0
369600,1228.0,41.0
369700,1234.0,40.0
369800,1233.0,40.0
369900,1237.0,40.0
370000,1244.0,40.0
370100,1245.0,39.0
370200,1249.0,39.0
370300,1248.0,39.0
370500,1250.0,39.0
370600,1247.0,39.0
370700,1250.0,39.0
370800,1243.0,38.0
370900,1246.0,38.0
371000,1243.0,38.0
371100,1247.0,38.0
371300,1247.0,38.0
371400,1243.0,37.0
371500,1248.0,37.0
371600,1242.0,37.0
371700,1250.0,37.0
371800,1244.0,37.0
371900,1247.0,37.0
372000,1244.0,36.0
372100,1247.0,36.0
372200,1245.0,36.0
372300,1247.0,36.0
372500,1243.0,36.0
372600,1243.0,35.0
372700,1246.0,35.0
372800,1243.0,35.0
372900,1243.0,35.0
373000,1241.0,34.0
373100,1239.0,34.0
373200,1240.0,34.0
373300,1239.0,34.0
373400,1241.0,34.0
373600,1238.0,33.0
373700,1240.0,33.0
373800,1232.0,32.0
373900,1229.0,32.0
374000,1232.0,32.0
374100,1233.0,31.0
374200,1227.0,31.0
374300,1228.0,31.0
374400,1228.0,30.0
374500,1227.0,30.0
374600,1225.0,30.0
374700,1224.0,29.0
374900,1224.0,28.0
375000,1218.0,28.0
375100,1219.0,28.0
375200,1216.0,27.0
375300,1211.0,26.0
375400,1213.0,26.0
375500,1216.0,25.0
375600,1218.0,25.0
375700,1222.0,24.0
375800,1209.0,24.0
375900,1210.0,23.0
376000,1210.0,23.0
376100,1207.0,22.0
376200,1207.0,22.0
376400,1193.5,21.0
376600,1168.0,20.0
376700,1067.0,19.0
376800,984.0,19.0
376900,1043.0,19.0
377000,1133.0,19.0
377100,1150.0,18.0
377200,1154.0,18.0
377300,1143.0,18.0
377400,1117.0,17.0
377500,1097.0,17.0
377600,1076.0,17.0
377700,1039.0,16.0
377800,1029.0,16.0
377900,1004.0,15.0
378000,998.0,15.0
378100,982.0,14.0
378200,954.0,14.0
378300,946.0,14.0
378500,936.0,13.0
378600,940.0,13.0
378700,936.5,12.0
378900,926.0,12.0
379000,921.0,11.0
379100,914.0,11.0
379200,908.0,11.0
379300,900.0,11.0
379400,892.0,10.0
379500,884.0,10.0
379600,878.0,10.0
379700,868.0,10.0
379800,867.0,10.0
379900,867.0,10.0
380000,872.0,10.0
380100,874.0,9.0
380200,886.0,9.0
380300,905.0,9.0
380400,925.0,9.0
380500,955.0,9.0
380700,977.0,9.0
380800,1024.0,9.0
380900,1058.0,9.0
381000,1075.0,10.0
381100,1082.0,10.0
381200,1083.0,10.0
381300,1088.0,10.0
381400,1091.0,10.0
381500,1098.0,10.0
381700,1103.0,10.0
381800,1105.0,10.0
381900,1099.0,10.0
382000,1095.0,10.0
382100,1064.0,10.0
382200,1046.0,10.0
382300,1004.0,10.0
382400,993.0,10.0
382500,958.0,9.0
382600,927.0,9.0
382800,842.5,8.5
383000,788.0,8.0
383100,753.0,7.0
383200,734.0,7.0
383300,727.0,6.0
383400,718.0,6.0
383500,712.0,5.0
383600,681.0,5.0
383700,656.0,4.0
383800,655.0,4.0
383900,628.0,3.0
384000,627.0,3.0
384100,621.0,3.0
384200,626.0,2.0
384300,624.0,2.0
384400,632.0,2.0
384500,643.0,1.0
384600,646.0,0.0
384700,666.0,0.0
384800,665.0,0.0
384900,679.0,0.0
385000,671.0,0.0
385100,678.0,0.0
385200,669.0,0.0
385300,680.0,0.0
385400,681.0,0.0
385600,670.0,0.0
385700,667.0,0.0
385800,662.0,0.0
385900,669.0,0.0
386000,667.0,0.0
386100,687.0,0.0
386200,712.0,0.0
386300,743.0,0.0
386400,762.0,0.0
386500,812.0,0.0
386600,839.0,0.0
386700,842.0,0.0
386800,856.0,0.0
387000,834.0,0.0
387100,827.0,2.0
387200,814.0,2.0
387300,810.0,2.0
387400,813.0,2.0
387500,814.0,2.0
387600,817.0,2.0
387700,799.0,2.0
387900,792.0,2.0
388000,783.0,2.0
388100,768.0,2.0
388200,751.0,2.0
388300,723.0,1.0
388400,693.0,1.0
388500,676.0,0.0
388600,685.0,1.0
388800,728.0,1.0
388900,839.0,2.0
389000,970.0,2.0
389100,1216.0,2.0
389200,1413.0,3.0
389300,1471.0,3.0
389400,1527.0,4.0
389500,1540.0,5.0
389600,1549.0,6.0
389700,1564.0,6.0
389800,1586.0,7.0
389900,1592.0,8.0
390000,1628.0,8.0
390100,1672.0,9.0
390200,1699.0,10.0
390400,1747.0,10.0
390500,1803.0,11.0
390600,1827.0,12.0
390700,1822.0,12.0
390800,1775.0,13.0
390900,1736.0,14.0
391000,1731.0,14.0
391100,1726.0,15.0
391200,1719.0,16.0
391300,1687.0,16.0
391500,1648.0,17.0
391600,1608.0,18.0
391700,1595.0,18.0
391800,1554.0,18.0
391900,1510.0,19.0
392000,1484.0,19.0
392100,1423.0,20.0
392200,1370.0,20.0
392300,1354.0,20.0
392400,1369.0,21.0
392500,1388.0,21.0
392600,1393.0,22.0
392700,1392.0,23.0
392800,1401.0,23.0
392900,1408.0,23.0
393000,1403.0,24.0
393100,1410.0,24.0
393200,1424.0,25.0
393400,1467.0,25.0
393500,1472.0,26.0
393600,1517.0,26.0
393700,1571.0,27.0
393800,1569.0,27.0
393900,1592.0,28.0
394000,1603.0,28.0
394200,1603.0,29.0
394300,1604.0,30.0
394400,1616.0,30.0
394500,1609.0,31.0
394600,1609.0,31.0
394700,1596.0,32.0
394800,1599.0,32.0
394900,1599.0,33.0
395100,1601.0,33.0
395200,1590.0,34.0
395300,1602.0,34.0
395400,1588.0,35.0
395500,1603.0,35.0
395600,1579.0,36.0
395700,1606.0,36.0
395800,1577.0,36.0
395900,1578.0,37.0
396000,1589.0,37.0
396100,1574.0,38.0
396200,1588.0,38.0
396300,1578.0,38.0
396400,1580.0,39.0
396500,1576.0,39.0
396600,1576.0,39.0
396700,1576.0,40.0
396800,1568.0,40.0
396900,1562.0,40.0
397100,1569.0,41.0
397200,1562.0,42.0
397300,1554.0,42.0
397400,1550.0,42.0
397500,1538.0,42.0
397600,1518.0,43.0
397700,1499.0,43.0
397800,1474.0,43.0
397900,1458.0,43.0
398000,1404.0,43.0
398100,1380.0,43.0
398200,1338.0,43.0
398300,1308.0,44.0
398400,1295.0,44.0
398500,1272.0,44.0
398600,1231.0,43.0
398800,1240.0,43.0
398900,1255.0,43.0
399000,1240.0,43.0
399100,1215.0,43.0
399200,1228.0,42.0
399300,1202.0,42.0
399400,1192.0,42.0
399600,1186.5,42.0
399800,1171.0,41.0
399900,1172.0,41.0
400000,1170.0,40.0
400100,1178.0,40.0
400200,1176.0,40.0
400300,1184.0,39.0
400400,1186.0,39.0
400500,1183.0,38.0
400600,1187.0,38.0
400700,1189.0,38.0
400900,1193.0,37.0
401000,1202.0,37.0
401100,1204.0,36.0
401200,1201.0,36.0
401300,1199.0,35.0
401400,1200.0,35.0
401500,1202.0,35.0
401600,1196.0,34.0
401700,1198.0,34.0
401800,1189.0,33.0
401900,1186.0,32.0
402000,1180.0,32.0
402100,1185.0,31.0
402200,1180.0,30.0
402300,1184.0,30.0
402400,1186.0,29.0
402500,1186.0,28.0
402600,1194.0,27.0
402800,1189.0,27.0
402900,1200.0,26.0
403000,1207.0,25.0
403100,1223.0,25.0
403200,1232.0,24.0
403300,1230.0,24.0
403400,1223.0,23.0
403500,1214.0,23.0
403700,1204.0,22.0
403800,1211.0,22.0
403900,1217.0,21.0
404000,1211.0,21.0
404100,1141.0,21.0
404200,1042.0,20.0
404400,1027.0,20.0
404500,1098.0,20.0
404600,1184.0,20.0
404700,1197.0,20.0
404800,1195.0,20.0
404900,1189.0,20.0
405000,1210.0,20.0
405100,1270.0,20.0
405200,1360.0,20.0
405300,1402.0,20.0
405400,1481.0,20.0
405500,1528.0,20.0
405600,1609.0,20.0
405700,1664.0,21.0
405800,1739.0,21.0
405900,1762.0,21.0
406000,1791.0,22.0
406200,1799.0,22.0
406300,1807.0,22.0
406400,1810.0,23.0
406500,1794.0,23.0
406600,1769.0,23.0
406700,1757.0,24.0
406800,1751.0,24.0
406900,1731.0,25.0
407000,1719.0,25.0
407100,1690.0,26.0
407200,1671.0,26.0
407300,1644.0,27.0
407400,1615.0,27.0
407500,1585.0,28.0
407600,1521.0,28.0
407700,1479.0,28.0
407800,1422.0,29.0
408000,1420.0,29.0
408100,1423.0,30.0
408300,1419.0,30.0
408400,1415.0,31.0
408600,1416.0,31.5
408700,1420.0,32.0
408800,1434.0,33.0
409000,1438.0,33.0
409100,1436.0,33.0
409200,1456.0,34.0
409300,1482.0,34.0
409400,1507.0,35.0
409500,1497.0,35.0
409600,1522.0,35.0
409700,1532.0,36.0
409900,1519.0,36.5
410100,1546.0,37.0
410200,1533.0,38.0
410300,1543.0,38.0
410400,1532.0,38.0
410500,1541.0,39.0
410600,1538.0,39.0
410700,1540.0,40.0
410800,1530.0,40.0
410900,1530.0,41.0
411000,1528.0,41.0
411200,1521.0,41.0
411300,1523.0,42.0
411400,1512.0,42.0
411500,1495.0,42.0
411600,1492.0,43.0
411700,1475.0,43.0
411800,1476.0,43.0
411900,1457.0,44.0
412000,1440.0,44.0
412100,1447.0,44.0
412300,1437.0,44.0
412400,1424.0,45.0
412500,1430.0,45.0
412600,1415.0,45.0
412700,1421.0,45.0
412800,1422.0,45.0
412900,1393.0,46.0
413000,1402.0,46.0
413100,1371.0,46.0
413300,1331.0,47.0
413400,1323.0,47.0
413500,1287.0,47.0
413600,1253.0,47.0
413700,1247.0,47.0
413800,1229.0,47.0
413900,1225.0,47.0
414000,1213.0,47.0
414100,1205.0,48.0
414200,1203.0,48.0
414300,1201.0,48.0
414400,1207.0,48.0
414500,1205.0,48.0
414600,1217.0,48.0
414800,1210.0,48.0
414900,1207.0,49.0
415000,1224.0,49.0
415100,1226.0,49.0
415200,1211.0,49.0
415300,1207.0,49.0
415500,1206.0,49.0
415600,1215.0,49.0
415700,1205.0,50.0
415800,1213.0,50.0
415900,1207.0,50.0
416000,1198.0,50.0
416100,1200.0,50.0
416200,1191.0,50.0
416300,1185.0,50.0
416400,1181.0,50.0
416500,1186.0,50.0
416600,1176.0,50.0
416800,1170.0,50.0
416900,1170.0,50.0
417000,1160.0,50.0
417100,1156.0,50.0
417200,1152.0,50.0
417300,1146.0,50.0
417400,1149.0,50.0
417500,1144.0,50.0
417600,1151.0,50.0
417700,1145.0,50.0
417900,1145.0,50.0
418000,1146.0,50.0
418100,1144.0,50.0
418200,1145.0,50.0
418300,1143.0,50.0
418400,1144.0,50.0
418500,1145.0,50.0
418600,1141.0,50.0
418700,1143.0,50.0
418800,1152.0,50.0
418900,1141.0,50.0
419000,1145.0,50.0
419100,1150.0,50.0
419200,1143.0,50.0
419300,1143.0,50.0
419400,1146.0,50.0
419500,1138.0,50.0
419600,1163.0,50.0
419800,1187.0,50.0
419900,1233.0,50.0
420000,1223.0,50.0
420100,1231.0,50.0
420200,1232.0,50.0
420300,1233.0,50.0
420400,1211.0,49.0
420500,1223.0,49.0
420700,1199.0,49.0
420800,1203.0,49.0
420900,1238.0,49.0
421000,1233.0,49.0
421100,1224.0,48.0
421200,1217.0,48.0
421300,1218.0,48.0
421500,1211.0,47.0
421600,1207.0,47.0
421700,1208.0,47.0
421800,1210.0,47.0
421900,1209.0,46.0
422100,1210.0,45.5
422300,1213.0,45.0
422400,1211.0,45.0
422500,1217.0,44.0
422600,1222.0,44.0
422700,1210.0,44.0
422800,1224.0,43.0
422900,1215.0,43.0
423000,1216.0,42.0
423100,1218.0,42.0
423200,1216.0,41.0
423400,1218.0,41.0
423500,1218.0,40.0
423600,1223.0,40.0
423700,1222.0,39.0
423800,1214.0,39.0
423900,1224.0,39.0
424000,1214.0,38.0
424100,1229.0,38.0
424200,1218.0,37.0
424300,1233.0,37.0
424500,1221.0,36.0
424600,1237.0,36.0
424700,1229.0,35.0
424900,1234.5,34.5
425100,1234.0,34.0
425200,1244.0,34.0
425300,1241.0,33.0
425400,1244.0,33.0
425500,1238.0,33.0
425600,1238.0,32.0
425700,1239.0,32.0
425800,1233.0,32.0
425900,1241.0,31.0
426000,1232.0,31.0
426100,1240.0,30.0
426300,1231.0,30.0
426400,1228.0,30.0
426500,1225.0,29.0
426600,1222.0,28.0
426700,1224.0,28.0
426800,1216.0,28.0
426900,1218.0,27.0
427000,1216.0,26.0
427100,1226.0,26.0
427200,1232.0,26.0
427300,1234.0,25.0
427400,1239.0,25.0
427600,1238.5,24.5
427800,1236.0,24.0
427900,1234.0,23.0
428000,1226.0,23.0
428100,1224.0,23.0
428200,1221.0,22.0
428300,1213.0,22.0
428400,1205.0,21.0
428500,1190.0,21.0
428600,1172.0,20.0
428700,1089.0,20.0
428800,996.0,19.0
429000,869.0,19.0
429100,925.0,18.0
429200,994.0,18.0
429300,1126.0,17.0
429400,1170.0,17.0
429500,1153.0,16.0
429600,1133.0,16.0
429700,1106.0,15.0
429800,1086.0,15.0
429900,1074.0,15.0
430100,1056.0,15.0
430200,1030.0,14.0
430300,1020.0,14.0
430500,1009.0,14.0
430600,994.0,14.0
430700,983.0,14.0
430800,977.0,14.0
430900,983.0,14.0
431000,992.0,14.0
431100,997.0,14.0
431200,1002.0,14.0
431300,998.0,13.0
431400,1022.0,13.0
431500,1049.0,13.0
431600,1089.0,13.0
431700,1163.0,12.0
431900,1203.0,12.0
432000,1212.0,12.0
432100,1221.0,12.0
432200,1230.0,12.0
432300,1237.0,12.0
432400,1266.0,12.0
432500,1315.0,12.0
432600,1331.0,12.0
432700,1362.0,12.0
432800,1365.0,12.0
432900,1361.0,12.0
433000,1350.0,12.0
433100,1346.0,12.0
433200,1366.0,12.0
433300,1397.0,13.0
433400,1419.0,13.0
433500,1485.0,13.0
433600,1527.0,14.0
433700,1533.0,14.0
433800,1555.0,14.0
434000,1566.0,15.0
434100,1569.0,15.0
434200,1560.0,16.0
434300,1545.0,16.0
434400,1523.0,17.0
434500,1505.0,17.0
434600,1466.0,17.0
434700,1434.0,18.0
434800,1383.0,18.0
434900,1339.0,18.0
435000,1317.0,19.0
435100,1306.0,19.0
435200,1294.0,19.0
435300,1275.0,20.0
435400,1271.0,20.0
435500,1253.0,20.0
435600,1236.0,20.0
435700,1227.0,21.0
435900,1206.0,21.0
436000,1194.0,21.0
436100,1179.0,21.0
436200,1174.0,21.0
436300,1167.0,21.0
436500,1153.0,21.0
436600,1154.0,21.0
436700,1146.0,21.0
436800,1160.0,21.0
436900,1168.0,21.0
437000,1156.0,21.0
437100,1146.0,21.0
437300,1174.0,21.0
437400,1187.0,21.0
437500,1183.0,21.0
437600,1151.0,21.0
437700,1115.0,21.0
437800,1059.0,21.0
437900,1031.0,21.0
438100,974.0,21.0
438200,926.0,21.0
438300,955.0,20.0
438400,992.0,20.0
438500,996.0,20.0
438700,1017.0,20.0
438800,1021.0,20.0
438900,1020.0,20.0
439000,1024.0,20.0
439100,1001.0,20.0
439200,1005.0,20.0
439300,1000.0,20.0
439400,994.0,20.0
439500,989.0,20.0
439600,993.0,20.0
439700,997.0,19.0
439800,999.0,19.0
440000,1011.0,19.0
440200,991.0,19.0
440300,993.0,19.0
440400,987.0,18.0
440500,984.0,18.0
440600,975.0,18.0
440700,975.0,18.0
440800,984.0,17.0
440900,989.0,17.0
441000,989.0,17.0
441100,977.0,17.0
441200,989.0,17.0
441300,978.0,16.0
441400,977.0,16.0
441500,979.0,16.0
441600,970.0,16.0
441700,987.0,16.0
441800,982.0,16.0
441900,980.0,15.0
442000,979.0,15.0
442100,978.0,15.0
442200,979.0,15.0
442300,972.0,15.0
442400,950.0,15.0
442500,956.0,15.0
442600,953.0,15.0
442800,941.0,15.0
442900,945.0,14.0
443000,933.0,14.0
443100,936.0,14.0
443200,921.0,14.0
443300,922.0,14.0
443400,914.0,14.0
443500,917.0,14.0
443600,921.0,14.0
443700,926.0,14.0
443800,935.0,14.0
443900,1017.0,13.0
444000,1187.0,13.0
444100,1289.0,13.0
444200,1447.0,14.0
444300,1501.0,14.0
444500,1521.0,14.0
444600,1538.0,14.0
444700,1551.0,14.0
444800,1555.0,15.0
444900,1549.0,15.0
445000,1512.0,15.0
445100,1483.0,15.0
445200,1429.0,16.0
445300,1394.0,16.0
445500,1366.0,16.0
445600,1342.0,16.0
445700,1328.0,16.0
445800,1297.0,17.0
445900,1260.0,17.0
446000,1239.0,17.0
446100,1218.0,17.0
446200,1215.0,17.0
446300,1205.0,17.0
446400,1204.0,18.0
446500,1199.0,18.0
446700,1184.0,18.0
446800,1183.0,18.0
446900,1202.0,18.0
447000,1196.0,18.0
447100,1211.0,18.0
447200,1191.0,18.0
447300,1178.0,18.0
447400,1144.0,17.0
447500,1127.0,17.0
447700,1054.0,17.0
447800,1002.0,17.0
447900,992.0,17.0
448000,956.0,17.0
448100,945.0,16.0
448300,928.0,16.0
448400,954.0,16.0
448500,952.0,16.0
448600,964.0,16.0
448700,967.0,16.0
448800,962.0,16.0
448900,971.0,15.0
449000,947.0,15.0
449200,951.0,15.0
449300,968.0,15.0
449400,1014.0,15.0
449500,1066.0,15.0
449600,1123.0,15.0
449700,1194.0,15.0
449900,1251.0,15.0
450000,1278.0,15.0
450100,1301.0,15.0
450200,1316.0,15.0
450300,1332.0,15.0
450400,1364.0,15.0
450600,1387.0,15.0
450700,1407.0,15.0
450800,1408.0,16.0
450900,1416.0,16.0
451000,1422.0,16.0
451100,1431.0,16.0
451200,1443.0,16.0
451300,1448.0,17.0
451500,1455.0,17.0
451600,1449.0,17.0
451700,1440.0,18.0
451800,1436.0,18.0
451900,1425.0,18.0
452000,1411.0,18.0
452100,1387.0,19.0
452200,1362.0,19.0
452300,1348.0,19.0
452500,1304.0,19.0
452600,1257.0,20.0
452700,1235.0,20.0
452800,1234.0,20.0
452900,1216.0,20.0
453000,1222.0,21.0
453200,1220.0,21.0
453300,1213.0,21.0
453400,1219.0,21.0
453500,1209.0,22.0
453600,1206.0,22.0
453700,1197.0,22.0
453900,1191.0,22.0
454000,1178.0,23.0
454100,1185.0,23.0
454200,1168.0,23.0
454300,1173.0,23.0
454400,1170.0,23.0
454500,1157.0,23.0
454600,1180.0,23.0
454700,1152.0,23.0
454900,1176.0,23.0
455000,1142.0,24.0
455100,1154.0,23.0
455200,1155.0,24.0
455300,1189.0,24.0
455400,1220.0,24.0
455600,1228.0,23.0
455700,1190.0,23.0
455800,1162.0,23.0
455900,1186.0,23.0
456000,1168.0,23.0
456100,1104.0,23.0
456200,1065.0,23.0
456400,936.0,23.0
456500,1007.0,22.0
456600,1079.0,22.0
456700,1089.0,22.0
456800,1089.0,22.0
456900,1064.0,22.0
457000,1002.0,21.0
457100,974.0,21.0
457300,933.0,21.0
457400,926.0,21.0
457500,928.0,21.0
457600,940.0,20.0
457700,956.0,20.0
457800,966.0,20.0
457900,980.0,20.0
458000,987.0,20.0
458100,1002.0,19.0
458200,1007.0,19.0
458300,987.0,19.0
458500,974.0,19.0
458600,977.0,18.0
458700,976.0,18.0
458800,978.0,18.0
458900,980.0,17.0
459000,984.0,17.0
459100,991.0,17.0
459200,987.0,17.0
459300,986.0,17.0
459400,983.0,16.0
459500,970.0,16.0
459700,956.0,16.0
459800,952.0,15.0
459900,951.0,15.0
460000,937.0,15.0
460100,939.0,15.0
460200,935.0,14.0
460300,927.0,14.0
460400,922.0,14.0
460500,919.0,14.0
460600,930.0,14.0
460700,914.0,13.0
460800,919.0,13.0
460900,906.0,13.0
461000,906.0,13.0
461100,916.0,13.0
461200,916.0,12.0
461400,916.0,12.0
461500,906.0,12.0
461600,902.0,12.0
461700,905.0,12.0
461800,895.0,12.0
461900,900.0,11.0
462000,897.0,11.0
462100,880.0,11.0
462200,873.0,10.0
462300,871.0,10.0
462400,866.0,10.0
462500,862.0,10.0
462600,851.0,9.0
462800,849.0,9.0
462900,837.0,9.0
463000,833.0,9.0
463100,822.0,8.0
463200,812.0,8.0
463300,806.0,8.0
463400,799.0,8.0
463500,789.0,8.0
463600,787.0,8.0
463700,782.0,8.0
463800,781.0,8.0
463900,779.0,8.0
464000,774.0,8.0
464100,776.0,8.0
464200,772.0,8.0
464300,778.0,8.0
464400,786.0,8.0
464500,792.0,8.0
464600,789.0,8.0
464700,795.0,8.0
464800,787.0,8.0
464900,790.0,8.0
465000,778.0,8.0
465200,774.0,8.0
465300,773.0,8.0
465400,778.0,8.0
465500,780.0,8.0
465600,783.0,8.0
465700,778.0,7.0
465800,778.0,7.0
465900,779.0,7.0
466000,781.0,7.0
466100,780.0,7.0
466200,780.0,7.0
466300,777.0,7.0
466400,766.0,7.0
466500,770.0,7.0
466600,769.0,7.0
466700,767.0,7.0
466900,767.0,7.0
467000,770.0,7.0
467100,770.0,7.0
467200,769.0,7.0
467300,776.0,7.0
467400,775.0,7.0
467500,780.0,7.0
467600,774.0,7.0
467700,778.0,7.0
467800,773.0,7.0
467900,768.0,7.0
468000,771.0,7.0
468100,763.0,7.0
468200,752.0,7.0
468300,745.0,6.0
468500,730.0,6.0
468600,707.0,6.0
468700,693.0,6.0
468800,677.0,6.0
468900,670.0,5.0
469000,659.0,5.0
469100,657.0,5.0
469200,643.0,5.0
469300,649.0,5.0
469400,651.0,5.0
469500,675.0,5.0
469600,683.0,5.0
469700,687.0,6.0
469800,691.0,6.0
469900,687.0,6.0
470100,691.0,6.0
470200,695.0,6.0
470300,696.0,6.0
470400,695.0,6.0
470500,697.0,6.0
470600,699.0,6.0
470700,693.0,6.0
470800,698.0,6.0
470900,702.0,6.0
471000,707.0,6.0
471100,701.0,6.0
471300,699.0,6.0
471400,697.0,6.0
471500,697.0,6.0
471600,696.0,6.0
471700,707.0,6.0
471800,701.0,6.0
471900,706.0,6.0
472000,704.0,6.0
472100,708.0,6.0
472200,711.0,6.0
472300,710.0,6.0
472400,707.0,6.0
472500,704.0,6.0
472600,701.0,6.0
472700,698.0,6.0
472800,699.0,6.0
472900,699.0,6.0
473000,695.0,6.0
473100,695.0,6.0
473200,702.0,6.0
473300,698.0,6.0
473400,706.0,6.0
473500,709.0,6.0
473700,706.0,6.0
473800,702.0,6.0
473900,691.0,6.0
474000,696.0,6.0
474100,695.0,6.0
474200,698.0,6.0
474300,693.0,6.0
474400,689.0,6.0
474500,689.0,6.0
474600,687.0,6.0
474700,692.0,6.0
474900,696.5,6.0
475100,696.0,6.0
475200,688.0,6.0
475300,671.0,6.0
475400,669.0,6.0
475500,668.0,6.0
475600,673.0,6.0
475700,686.0,6.0
475800,688.0,6.0
475900,697.0,6.0
476000,709.0,6.0
476200,716.5,6.0
476400,721.0,6.0
476500,721.0,6.0
476600,706.0,6.0
476700,712.0,6.0
476800,694.0,6.0
476900,696.0,5.0
477000,681.0,5.0
477100,681.0,5.0
477200,684.0,5.0
477300,675.0,5.0
477400,680.0,5.0
477500,701.0,5.0
477600,744.0,4.0
477700,777.0,4.0
477800,809.0,4.0
478000,841.0,4.0
478100,841.0,4.0
478200,849.0,4.0
478300,848.0,4.0
478400,828.0,4.0
478500,826.0,4.0
478600,821.0,4.0
478800,822.0,4.0
478900,821.0,4.0
479000,825.0,4.0
479100,829.0,4.0
479200,823.0,4.0
479300,812.0,4.0
479400,801.0,4.0
479500,791.0,4.0
479600,791.0,4.0
479700,801.0,4.0
479800,821.0,4.0
480000,830.0,4.0
480100,836.0,4.0
480200,837.0,4.0
480300,845.0,4.0
480400,844.0,4.0
480500,843.0,4.0
480600,834.0,4.0
480800,825.0,4.0
480900,819.0,4.0
481000,818.0,4.0
481100,818.0,4.0
481200,811.0,4.0
481300,799.0,4.0
481400,793.0,4.0
481500,789.0,4.0
481600,801.0,4.0
481700,808.0,4.0
481800,830.0,4.0
481900,831.0,4.0
482000,816.0,4.0
482100,798.0,3.0
482200,785.0,3.0
482300,757.0,3.0
482400,756.0,3.0
482500,763.0,2.0
482600,778.0,2.0
482800,791.0,2.0
482900,804.0,2.0
483000,816.0,2.0
483100,818.0,2.0
483200,826.0,2.0
483300,825.0,2.0
483400,814.0,1.0
483500,823.0,1.0
483700,825.0,1.0
483800,826.0,0.0
483900,832.0,0.0
484000,830.0,0.0
484100,833.0,0.0
484200,831.0,0.0
484300,833.0,0.0
484400,838.0,0.0
484500,829.0,0.0
484600,814.0,0.0
484700,789.0,0.0
484800,774.0,0.0
484900,753.0,0.0
485000,737.0,0.0
485100,715.0,0.0
485200,708.0,0.0
485400,721.0,0.0
485500,766.0,0.0
485600,814.0,0.0
485700,837.0,0.0
485800,873.0,0.0
485900,891.0,0.0
486000,907.0,0.0
486100,900.0,0.0
486200,883.0,0.0
486300,885.0,0.0
486400,870.0,0.0
486500,854.0,0.0
486700,827.0,0.0
486800,825.0,0.0
486900,816.0,0.0
487000,812.0,0.0
487100,798.0,0.0
487200,788.0,0.0
487300,792.0,0.0
487400,788.0,0.0
487600,779.0,0.0
487700,784.0,0.0
487800,773.0,0.0
487900,778.0,0.0
488000,776.0,0.0
488100,778.0,0.0
488300,773.0,0.0
488400,780.0,0.0
488500,784.0,0.0
488600,773.0,0.0
488700,774.0,0.0
488800,767.0,0.0
489000,753.0,0.0
489100,747.0,0.0
489200,739.0,0.0
489300,733.0,0.0
489400,733.0,0.0
489500,726.0,0.0
489600,711.0,0.0
489700,712.0,0.0
489800,710.0,0.0
489900,700.0,0.0
490000,701.0,0.0
490100,697.0,0.0
490200,701.0,0.0
490300,702.0,0.0
