timestamp,RPM,Speed
0.0,1851.0,0.0
400.0,1837.5,0.0
700.0,1837.0,0.0
900.0,1831.5,0.0
1100.0,1827.4,0.0
1200.0,1822.5,0.0
1400.0,1819.857142857143,0.0
1500.0,1814.5,0.0
1600.0,1810.6666666666667,0.0
1700.0,1806.5,0.0
1800.0,1803.6363636363637,0.0
1900.0,1801.25,0.0
2000.0,1799.1538461538462,0.0
2100.0,1795.857142857143,0.0
2200.0,1790.0,0.0
2300.0,1781.1875,0.0
2500.0,1732.578947368421,0.0
2600.0,1708.85,0.0
2700.0,1684.7619047619048,0.0
2900.0,1625.9166666666667,0.16666666666666666
3100.0,1574.6296296296296,0.4444444444444444
3300.0,1531.1,0.7333333333333333
3500.0,1496.4242424242425,1.0303030303030303
3800.0,1449.2105263157894,1.5526315789473684
4100.0,1409.6976744186047,2.046511627906977
4500.0,1362.48,2.7
4900.0,1325.9473684210527,3.280701754385965
5300.0,1297.109375,3.796875
5900.0,1263.16,4.546666666666667
6600.0,1271.6988636363637,5.454545454545454
7100.0,1288.139175257732,6.298969072164948
7300.0,1289.535,6.61
7400.0,1283.995,6.78
7500.0,1278.595,6.96
7600.0,1273.025,7.14
7700.0,1267.815,7.33
7900.0,1262.775,7.52
8000.0,1257.745,7.72
8100.0,1252.575,7.92
8200.0,1247.415,8.12
8300.0,1242.185,8.32
8400.0,1236.855,8.53
8500.0,1231.555,8.74
8600.0,1226.245,8.96
8800.0,1220.955,9.18
8900.0,1215.995,9.4
9000.0,1211.365,9.63
9100.0,1207.465,9.86
9200.0,1204.42,10.095
9300.0,1202.23,10.335
9400.0,1200.86,10.575
9500.0,1200.7,10.815
9600.0,1201.08,11.065
9700.0,1201.37,11.315
9800.0,1201.55,11.545
9900.0,1201.83,11.785
10100.0,1202.46,12.025
10200.0,1203.15,12.255
10300.0,1203.86,12.495
10400.0,1204.58,12.735
10500.0,1205.43,12.975
10600.0,1206.4,13.205
10700.0,1207.09,13.445
10800.0,1207.76,13.685
10900.0,1208.32,13.925
11000.0,1209.12,14.155
11100.0,1209.78,14.395
11200.0,1210.42,14.635
11400.0,1210.98,14.875
11500.0,1211.73,15.115
11600.0,1212.5,15.355
11700.0,1213.28,15.595
11800.0,1214.17,15.835
11900.0,1215.08,16.075
12000.0,1216.09,16.315
12100.0,1217.17,16.565
12200.0,1218.17,16.815
12300.0,1219.23,17.055
12400.0,1220.17,17.295
12500.0,1221.21,17.535
12700.0,1222.46,17.785
12800.0,1223.73,18.035
12900.0,1225.19,18.285
13000.0,1226.9,18.535
13100.0,1228.46,18.785
13200.0,1230.15,19.035
13300.0,1231.92,19.275
13400.0,1233.67,19.525
13500.0,1235.45,19.775
13600.0,1237.22,20.025
13700.0,1239.02,20.275
13900.0,1241.0,20.525
14000.0,1242.81,20.775
14100.0,1244.65,21.025
14200.0,1246.23,21.275
14300.0,1247.83,21.525
14400.0,1249.59,21.775
14500.0,1251.14,22.015
14600.0,1252.94,22.245
14700.0,1254.62,22.485
14800.0,1256.32,22.715
15000.0,1257.99,22.945
15100.0,1259.57,23.175
15200.0,1261.11,23.405
15300.0,1262.62,23.635
15400.0,1264.19,23.865
15500.0,1265.94,24.095
15600.0,1267.63,24.325
15700.0,1269.32,24.545
15800.0,1270.82,24.765
15900.0,1271.95,24.985
16100.0,1271.94,25.205
16200.0,1270.75,25.425
16300.0,1268.96,25.645
16400.0,1266.69,25.855
16500.0,1264.33,26.055
16600.0,1261.955,26.255
16700.0,1259.665,26.445
16800.0,1257.285,26.635
16900.0,1254.525,26.815
17000.0,1251.465,26.995
17200.0,1248.155,27.175
17300.0,1245.335,27.345
17400.0,1243.145,27.515
17500.0,1241.115,27.665
17600.0,1239.365,27.815
17700.0,1237.725,27.965
17800.0,1236.205,28.105
17900.0,1234.785,28.235
18000.0,1233.265,28.365
18200.0,1232.015,28.485
18300.0,1230.985,28.605
18400.0,1230.235,28.715
18500.0,1229.505,28.815
18600.0,1228.715,28.915
18700.0,1227.925,28.995
18800.0,1226.89,29.07
18900.0,1226.2,29.13
19000.0,1225.325,29.185
19200.0,1224.725,29.235
19300.0,1224.075,29.275
19400.0,1223.475,29.305
19500.0,1222.715,29.325
19600.0,1222.115,29.325
19700.0,1221.515,29.325
19800.0,1220.865,29.315
19900.0,1220.375,29.285
20100.0,1219.455,29.255
20200.0,1218.49,29.22
20300.0,1217.51,29.17
20400.0,1216.59,29.11
20500.0,1215.63,29.04
20600.0,1214.71,28.95
20700.0,1213.91,28.86
20800.0,1213.28,28.76
21000.0,1212.81,28.64
21100.0,1212.37,28.52
21200.0,1211.56,28.39
21300.0,1210.595,28.245
21400.0,1209.585,28.095
21500.0,1208.625,27.945
21600.0,1207.935,27.795
21700.0,1207.435,27.635
21900.0,1206.925,27.475
22000.0,1207.175,27.315
22100.0,1207.735,27.155
22200.0,1208.995,26.995
22300.0,1210.525,26.835
22400.0,1212.215,26.675
22500.0,1214.015,26.515
22600.0,1215.825,26.355
22800.0,1217.765,26.195
22900.0,1219.865,26.035
23000.0,1222.325,25.875
23100.0,1225.265,25.715
23200.0,1228.345,25.545
23300.0,1231.765,25.385
23400.0,1235.265,25.225
23500.0,1239.205,25.065
23700.0,1243.275,24.915
23800.0,1247.305,24.755
23900.0,1251.345,24.605
24000.0,1255.235,24.455
24100.0,1258.925,24.305
24200.0,1262.515,24.165
24300.0,1266.055,24.025
24400.0,1269.615,23.895
24500.0,1273.205,23.755
24700.0,1276.725,23.615
24800.0,1279.835,23.485
24900.0,1282.625,23.355
25000.0,1285.285,23.225
25100.0,1287.605,23.105
25200.0,1289.565,22.985
25300.0,1291.285,22.875
25400.0,1292.685,22.765
25500.0,1293.545,22.665
25700.0,1294.455,22.565
25800.0,1295.345,22.485
25900.0,1296.375,22.395
26000.0,1297.285,22.315
26100.0,1298.305,22.235
26200.0,1299.685,22.165
26300.0,1301.205,22.105
26400.0,1303.065,22.045
26600.0,1304.995,21.985
26700.0,1307.235,21.935
26800.0,1309.725,21.885
26900.0,1312.155,21.845
27000.0,1314.815,21.805
27100.0,1317.545,21.775
27200.0,1320.115,21.745
27300.0,1322.955,21.715
27500.0,1325.945,21.695
27600.0,1329.015,21.675
27700.0,1332.155,21.675
27800.0,1335.255,21.675
27900.0,1338.245,21.685
28000.0,1341.175,21.695
28100.0,1344.115,21.705
28200.0,1347.085,21.725
28400.0,1349.685,21.745
28500.0,1351.605,21.765
28600.0,1353.225,21.785
28700.0,1354.675,21.815
28800.0,1355.765,21.845
28900.0,1356.345,21.875
29000.0,1357.015,21.905
29100.0,1357.425,21.945
29200.0,1357.855,21.995
29400.0,1358.025,22.045
29500.0,1358.225,22.085
29600.0,1358.215,22.145
29700.0,1358.195,22.195
29800.0,1358.335,22.245
29900.0,1358.285,22.305
30000.0,1358.32,22.37
30100.0,1358.18,22.44
30200.0,1358.165,22.515
30300.0,1358.185,22.595
30500.0,1358.335,22.685
30600.0,1358.595,22.775
30700.0,1358.995,22.875
30800.0,1359.325,22.985
30900.0,1359.495,23.095
31000.0,1359.865,23.215
31100.0,1360.095,23.345
31200.0,1360.355,23.475
31300.0,1361.065,23.595
31400.0,1361.555,23.725
31500.0,1362.035,23.865
31700.0,1362.785,24.015
31800.0,1363.565,24.175
31900.0,1364.135,24.335
32000.0,1364.375,24.505
32100.0,1364.555,24.675
32200.0,1364.735,24.845
32300.0,1365.225,25.025
32400.0,1365.89,25.21
32500.0,1366.69,25.39
32600.0,1367.42,25.57
32800.0,1367.87,25.74
32900.0,1368.18,25.91
33000.0,1368.52,26.07
33100.0,1368.04,26.23
33200.0,1367.39,26.39
33300.0,1366.14,26.53
33400.0,1364.56,26.67
33500.0,1362.79,26.8
33600.0,1360.96,26.93
33700.0,1359.24,27.06
33900.0,1357.36,27.17
34000.0,1355.22,27.27
34100.0,1352.72,27.37
34200.0,1349.75,27.46
34300.0,1346.5,27.55
34400.0,1343.08,27.62
34500.0,1339.55,27.68
34600.0,1335.69,27.74
34700.0,1331.64,27.78
34800.0,1327.43,27.81
35000.0,1323.25,27.83
35100.0,1319.04,27.84
35200.0,1314.85,27.85
35300.0,1310.59,27.84
35400.0,1306.18,27.82
35500.0,1301.64,27.79
35600.0,1297.13,27.75
35700.0,1292.87,27.7
35800.0,1289.0,27.64
36000.0,1285.44,27.57
36100.0,1281.78,27.49
36200.0,1278.26,27.4
36300.0,1274.72,27.31
36400.0,1271.33,27.2
36500.0,1268.15,27.09
36600.0,1265.18,26.96
36700.0,1262.05,26.82
36800.0,1258.58,26.66
37000.0,1254.91,26.5
37100.0,1251.11,26.33
37200.0,1247.18,26.16
37300.0,1243.05,25.97
37400.0,1238.63,25.77
37500.0,1233.82,25.56
37600.0,1228.82,25.35
37700.0,1223.41,25.12
37800.0,1217.84,24.89
38000.0,1212.25,24.64
38100.0,1206.43,24.39
38200.0,1200.55,24.13
38300.0,1194.66,23.86
38400.0,1188.53,23.59
38500.0,1182.36,23.3
38600.0,1176.21,23.0
38700.0,1170.02,22.69
38900.0,1163.86,22.38
39000.0,1157.66,22.06
39100.0,1151.51,21.74
39200.0,1145.39,21.42
39300.0,1139.26,21.09
39400.0,1133.63,20.76
39500.0,1128.66,20.43
39600.0,1123.92,20.1
39700.0,1119.55,19.77
39900.0,1115.51,19.44
40000.0,1111.94,19.11
40100.0,1108.4,18.78
40200.0,1105.18,18.45
40300.0,1102.07,18.11
40400.0,1099.11,17.77
40500.0,1096.17,17.44
40600.0,1093.27,17.1
40700.0,1090.53,16.77
40900.0,1087.82,16.44
41000.0,1085.18,16.11
41100.0,1082.55,15.78
41200.0,1079.81,15.45
41300.0,1077.21,15.12
41400.0,1074.61,14.79
41500.0,1071.94,14.46
41600.0,1069.31,14.13
41700.0,1066.63,13.8
41800.0,1063.84,13.47
42000.0,1061.17,13.14
42100.0,1058.14,12.81
42200.0,1055.24,12.48
42300.0,1052.6,12.15
42400.0,1049.64,11.83
42500.0,1046.89,11.51
42600.0,1044.24,11.19
42700.0,1041.39,10.87
42800.0,1038.48,10.55
42900.0,1035.68,10.23
43100.0,1033.08,9.91
43200.0,1030.47,9.6
43300.0,1027.81,9.29
43400.0,1025.2,8.98
43500.0,1022.6,8.67
43600.0,1020.0,8.37
43700.0,1017.4,8.07
43800.0,1014.85,7.78
43900.0,1012.24,7.49
44000.0,1009.59,7.21
44200.0,1006.98,6.93
44300.0,1004.18,6.65
44400.0,1001.38,6.38
44500.0,998.63,6.11
44600.0,995.95,5.85
44700.0,993.13,5.59
44800.0,990.21,5.33
44900.0,987.3,5.08
45000.0,984.47,4.84
45100.0,981.67,4.6
45200.0,978.89,4.37
45300.0,976.27,4.14
45500.0,973.49,3.92
45600.0,970.74,3.71
45700.0,968.0,3.5
45800.0,965.35,3.3
45900.0,962.77,3.11
46000.0,960.0,2.92
46100.0,957.21,2.74
46200.0,954.38,2.56
46300.0,951.74,2.39
46400.0,949.3,2.23
46500.0,946.93,2.07
46600.0,944.56,1.92
46800.0,941.9,1.78
46900.0,939.26,1.64
47000.0,936.65,1.51
47100.0,934.29,1.39
47200.0,932.12,1.27
47300.0,930.24,1.15
47400.0,928.57,1.04
47500.0,926.97,0.93
47600.0,925.49,0.83
47700.0,924.27,0.74
47800.0,923.38,0.66
47900.0,922.71,0.58
48000.0,922.17,0.51
48200.0,921.62,0.44
48300.0,921.08,0.38
48400.0,920.54,0.32
48500.0,920.06,0.27
48600.0,919.69,0.22
48700.0,919.41,0.18
48800.0,919.12,0.14
48900.0,918.82,0.11
49000.0,918.51,0.08
49100.0,918.28,0.05
49200.0,918.13,0.03
49300.0,917.97,0.01
49400.0,917.75,0.0
49500.0,917.4,0.0
49600.0,916.96,0.0
49800.0,916.47,0.0
49900.0,915.99,0.0
50000.0,915.48,0.0
50100.0,915.12,0.0
50200.0,914.66,0.0
50300.0,914.23,0.0
50400.0,913.72,0.0
50500.0,913.2,0.0
50600.0,912.7,0.0
50700.0,912.21,0.0
50800.0,911.67,0.0
50900.0,911.1,0.0
51000.0,910.45,0.0
51200.0,909.86,0.0
51300.0,909.3,0.0
51400.0,908.86,0.0
51500.0,908.36,0.0
51600.0,907.72,0.0
51700.0,907.01,0.0
51800.0,906.33,0.0
51900.0,905.7,0.0
52000.0,905.09,0.0
52100.0,904.48,0.0
52200.0,903.81,0.0
52300.0,903.16,0.0
52400.0,902.53,0.0
52600.0,901.88,0.0
52700.0,901.26,0.0
52800.0,900.67,0.0
52900.0,900.21,0.0
53000.0,899.7,0.0
53100.0,899.2,0.0
53200.0,898.64,0.0
53300.0,898.07,0.0
53400.0,897.54,0.0
53500.0,896.84,0.0
53600.0,896.2,0.0
53800.0,895.62,0.0
53900.0,894.98,0.0
54000.0,894.27,0.0
54100.0,893.59,0.0
54200.0,892.91,0.0
54300.0,892.26,0.0
54400.0,891.55,0.0
54500.0,890.88,0.0
54600.0,890.23,0.0
54700.0,889.55,0.0
54900.0,889.0,0.0
55000.0,888.44,0.0
55100.0,887.91,0.0
55200.0,887.31,0.0
55300.0,886.7,0.0
55400.0,886.13,0.0
55500.0,885.67,0.0
55600.0,885.19,0.0
55700.0,884.79,0.0
55800.0,884.39,0.0
56000.0,883.96,0.0
56100.0,883.65,0.0
56200.0,883.24,0.0
56300.0,882.92,0.0
56400.0,882.55,0.0
56500.0,882.27,0.0
56600.0,881.98,0.0
56700.0,881.61,0.0
56800.0,881.25,0.0
57000.0,880.87,0.0
57100.0,880.59,0.0
57200.0,880.28,0.0
57300.0,879.91,0.0
57400.0,879.53,0.0
57500.0,879.17,0.0
57600.0,878.87,0.0
57700.0,878.56,0.0
57800.0,878.23,0.0
58000.0,877.85,0.0
58100.0,877.49,0.0
58200.0,877.14,0.0
58300.0,876.81,0.0
58400.0,876.4,0.0
58500.0,876.16,0.0
58600.0,876.08,0.0
58700.0,875.98,0.0
58800.0,875.74,0.0
59000.0,875.47,0.0
59100.0,875.19,0.0
59200.0,874.97,0.0
59300.0,874.87,0.0
59400.0,874.75,0.0
59500.0,874.56,0.0
59600.0,874.32,0.0
59700.0,874.17,0.0
59900.0,874.06,0.0
60000.0,873.87,0.0
60100.0,873.63,0.0
60200.0,873.37,0.0
60300.0,873.18,0.0
60400.0,872.96,0.0
60500.0,872.74,0.0
60600.0,872.58,0.0
60800.0,872.44,0.0
60900.0,872.35,0.0
61000.0,872.22,0.0
61100.0,872.08,0.0
61200.0,871.97,0.0
61300.0,871.87,0.0
61400.0,871.74,0.0
61600.0,871.56,0.0
61700.0,871.35,0.0
61800.0,871.17,0.0
61900.0,870.95,0.0
62000.0,870.7,0.0
62100.0,870.46,0.0
62200.0,870.15,0.01
62400.0,869.76,0.03
62500.0,869.31,0.05
62600.0,869.07,0.07
62700.0,868.92,0.09
62800.0,868.94,0.11
62900.0,870.06,0.14
63000.0,872.21,0.17
63100.0,876.0,0.21
63300.0,881.66,0.25
63400.0,888.02,0.3
63500.0,895.18,0.36
63600.0,902.52,0.42
63700.0,910.01,0.49
63800.0,917.66,0.56
63900.0,925.44,0.64
64100.0,933.57,0.73
64200.0,942.2,0.82
64300.0,951.01,0.92
64400.0,960.21,1.03
64500.0,969.34,1.15
64600.0,978.21,1.27
64700.0,986.81,1.4
64800.0,995.23,1.54
65000.0,1003.52,1.69
65100.0,1011.75,1.84
65200.0,1019.94,2.0
65300.0,1027.94,2.16
65400.0,1035.75,2.33
65500.0,1043.24,2.51
65600.0,1050.53,2.69
65700.0,1057.11,2.88
65900.0,1063.27,3.08
66000.0,1068.88,3.28
66100.0,1074.01,3.48
66200.0,1078.77,3.69
66300.0,1083.48,3.9
66400.0,1088.32,4.11
66500.0,1093.54,4.32
66600.0,1098.84,4.53
66700.0,1104.17,4.74
66900.0,1109.71,4.95
67000.0,1115.66,5.16
67100.0,1122.07,5.37
67200.0,1129.68,5.58
67300.0,1138.5,5.79
67400.0,1147.92,6.01
67500.0,1158.15,6.23
67600.0,1168.44,6.46
67700.0,1178.64,6.69
67900.0,1188.7,6.92
68000.0,1198.76,7.16
68100.0,1208.66,7.4
68200.0,1218.54,7.64
68300.0,1228.38,7.89
68400.0,1238.31,8.14
68500.0,1248.35,8.39
68600.0,1258.55,8.64
68700.0,1268.84,8.9
68900.0,1279.27,9.16
69000.0,1289.7,9.43
69100.0,1300.12,9.7
69200.0,1310.51,9.97
69300.0,1320.93,10.25
69400.0,1331.48,10.53
69500.0,1341.73,10.81
69600.0,1351.025,11.095
69800.0,1359.335,11.385
69900.0,1367.205,11.685
70000.0,1374.025,11.985
70100.0,1380.595,12.285
70200.0,1386.615,12.585
70300.0,1392.175,12.895
70400.0,1397.105,13.205
70500.0,1401.745,13.515
70600.0,1405.735,13.835
70800.0,1409.645,14.155
70900.0,1413.615,14.475
71000.0,1417.555,14.805
71100.0,1421.515,15.135
71200.0,1425.595,15.465
71300.0,1429.775,15.795
71400.0,1433.865,16.135
71500.0,1438.08,16.475
71600.0,1442.6,16.825
71800.0,1447.245,17.175
71900.0,1452.045,17.525
72000.0,1456.885,17.885
72100.0,1461.895,18.245
72200.0,1467.005,18.605
72300.0,1472.255,18.975
72400.0,1477.695,19.345
72500.0,1483.195,19.715
72700.0,1488.875,20.095
72800.0,1494.955,20.475
72900.0,1501.255,20.855
73000.0,1507.775,21.245
73100.0,1514.565,21.635
73200.0,1521.825,22.035
73300.0,1529.355,22.435
73400.0,1537.015,22.835
73600.0,1544.845,23.225
73700.0,1552.895,23.615
73800.0,1561.025,24.015
73900.0,1569.245,24.415
74000.0,1577.385,24.815
74100.0,1584.355,25.215
74200.0,1590.345,25.615
74300.0,1594.665,26.015
74400.0,1597.035,26.415
74600.0,1598.725,26.805
74700.0,1599.575,27.195
74800.0,1600.245,27.585
74900.0,1600.855,27.965
75000.0,1601.345,28.355
75100.0,1601.755,28.735
75200.0,1601.775,29.105
75300.0,1601.335,29.485
75500.0,1600.845,29.855
75600.0,1600.145,30.225
75700.0,1599.755,30.585
75800.0,1599.605,30.945
75900.0,1600.055,31.295
76000.0,1600.755,31.645
76100.0,1601.625,31.985
76200.0,1602.745,32.335
76300.0,1604.065,32.675
76500.0,1605.655,33.015
76600.0,1607.615,33.355
76700.0,1609.935,33.685
76800.0,1612.365,34.015
76900.0,1615.365,34.345
77000.0,1618.675,34.665
77100.0,1622.275,34.985
77200.0,1626.035,35.305
77400.0,1630.005,35.625
77500.0,1633.785,35.945
77600.0,1637.225,36.275
77700.0,1640.055,36.605
77800.0,1642.665,36.935
77900.0,1645.005,37.265
78000.0,1647.175,37.605
78100.0,1648.845,37.945
78300.0,1650.065,38.285
78400.0,1650.135,38.625
78500.0,1648.935,38.975
78600.0,1647.265,39.315
78700.0,1644.845,39.655
78800.0,1642.405,39.985
78900.0,1639.995,40.325
79000.0,1637.695,40.665
79200.0,1635.475,40.995
79300.0,1633.435,41.325
79400.0,1631.425,41.665
79500.0,1629.305,41.995
79600.0,1626.965,42.325
79700.0,1624.465,42.655
79800.0,1621.505,42.995
80000.0,1617.955,43.325
80100.0,1614.135,43.655
80200.0,1609.805,43.975
80300.0,1604.995,44.295
80400.0,1600.095,44.615
80500.0,1594.885,44.925
80600.0,1589.465,45.245
80700.0,1584.205,45.565
80800.0,1579.9,45.88
81000.0,1576.4,46.19
81100.0,1573.11,46.49
81200.0,1570.91,46.79
81300.0,1569.04,47.09
81400.0,1567.82,47.39
81500.0,1567.12,47.68
81600.0,1567.07,47.98
81700.0,1567.27,48.28
81800.0,1568.37,48.57
81900.0,1569.74,48.86
82100.0,1571.14,49.15
82200.0,1572.59,49.43
82300.0,1574.01,49.71
82400.0,1575.36,49.99
82500.0,1576.59,50.28
82600.0,1577.96,50.56
82700.0,1579.185,50.84
82800.0,1580.175,51.11
82900.0,1581.07,51.38
83100.0,1581.66,51.65
83200.0,1582.11,51.91
83300.0,1582.27,52.17
83400.0,1582.35,52.43
83500.0,1582.12,52.68
83600.0,1581.71,52.94
83700.0,1581.16,53.2
83800.0,1580.34,53.45
83900.0,1579.12,53.7
84000.0,1577.71,53.95
84100.0,1575.99,54.19
84300.0,1574.0,54.43
84400.0,1571.67,54.66
84500.0,1569.13,54.89
84600.0,1566.47,55.11
84700.0,1563.65,55.33
84800.0,1560.66,55.55
84900.0,1557.42,55.76
85000.0,1554.16,55.98
85100.0,1550.82,56.2
85200.0,1547.52,56.41
85300.0,1544.17,56.62
85400.0,1540.89,56.82
85600.0,1537.76,57.02
85700.0,1534.66,57.22
85800.0,1531.79,57.41
85900.0,1529.04,57.6
86000.0,1526.37,57.79
86100.0,1523.82,57.97
86200.0,1521.42,58.16
86300.0,1519.33,58.35
86400.0,1517.45,58.53
86500.0,1515.62,58.71
86600.0,1513.61,58.88
86700.0,1511.39,59.05
86900.0,1509.28,59.22
87000.0,1507.02,59.4
87100.0,1504.67,59.57
87200.0,1502.22,59.74
87300.0,1499.69,59.9
87400.0,1497.09,60.06
87500.0,1494.42,60.22
87600.0,1491.63,60.37
87700.0,1488.82,60.52
87800.0,1486.17,60.68
87900.0,1483.58,60.83
88100.0,1481.19,60.98
88200.0,1479.18,61.13
88300.0,1477.44,61.28
88400.0,1475.92,61.42
88500.0,1474.6,61.56
88600.0,1473.46,61.69
88700.0,1472.52,61.83
88800.0,1471.63,61.97
88900.0,1470.9,62.11
89000.0,1470.11,62.24
89100.0,1469.25,62.37
89200.0,1468.42,62.5
89400.0,1467.55,62.63
89500.0,1466.61,62.75
89600.0,1465.62,62.88
89700.0,1464.57,63.01
89800.0,1463.53,63.14
89900.0,1462.54,63.26
90000.0,1461.56,63.38
90100.0,1460.6,63.5
90200.0,1459.69,63.62
90300.0,1458.83,63.74
90400.0,1458.05,63.86
90500.0,1457.43,63.98
90700.0,1456.83,64.1
90800.0,1456.57,64.21
90900.0,1456.74,64.32
91000.0,1456.99,64.43
91100.0,1457.6,64.54
91200.0,1458.66,64.65
91300.0,1459.66,64.76
91400.0,1460.67,64.88
91500.0,1461.65,64.99
91600.0,1462.62,65.1
91700.0,1463.48,65.21
91800.0,1464.39,65.32
92000.0,1465.24,65.43
92100.0,1465.96,65.54
92200.0,1466.58,65.65
92300.0,1467.04,65.76
92400.0,1467.4,65.87
92500.0,1467.62,65.97
92600.0,1467.85,66.07
92700.0,1467.83,66.17
92800.0,1467.64,66.27
92900.0,1467.39,66.37
93000.0,1467.06,66.47
93100.0,1466.69,66.57
93300.0,1466.29,66.67
93400.0,1465.93,66.76
93500.0,1465.49,66.85
93600.0,1465.08,66.94
93700.0,1464.62,67.03
93800.0,1464.13,67.12
93900.0,1463.76,67.21
94000.0,1463.48,67.3
94100.0,1463.24,67.39
94200.0,1462.99,67.48
94300.0,1462.81,67.57
94400.0,1462.67,67.65
94500.0,1462.59,67.73
94600.0,1462.62,67.81
94800.0,1462.68,67.89
94900.0,1462.74,67.97
95000.0,1462.79,68.05
95100.0,1462.92,68.12
95200.0,1462.98,68.19
95300.0,1463.06,68.26
95400.0,1463.3,68.33
95500.0,1463.54,68.4
95600.0,1463.74,68.47
95700.0,1464.03,68.54
95800.0,1464.18,68.6
95900.0,1464.36,68.66
96000.0,1464.53,68.72
96100.0,1464.7,68.78
96200.0,1464.86,68.84
96400.0,1464.96,68.9
96500.0,1465.03,68.96
96600.0,1464.9,69.02
96700.0,1464.67,69.08
96800.0,1464.25,69.14
96900.0,1463.69,69.2
97000.0,1462.91,69.25
97100.0,1461.8,69.3
97200.0,1460.51,69.35
97300.0,1459.0,69.4
97400.0,1457.46,69.45
97500.0,1455.87,69.5
97600.0,1454.17,69.55
97800.0,1452.45,69.59
97900.0,1450.65,69.63
98000.0,1448.815,69.67
98100.0,1446.905,69.71
98200.0,1444.915,69.75
98300.0,1442.945,69.79
98400.0,1440.825,69.83
98500.0,1438.765,69.87
98600.0,1436.565,69.9
98700.0,1434.555,69.92
98800.0,1432.365,69.94
98900.0,1430.145,69.96
99000.0,1427.795,69.98
99200.0,1425.635,70.0
99300.0,1423.505,70.02
99400.0,1421.265,70.04
99500.0,1419.185,70.04
99600.0,1417.535,70.04
99700.0,1415.625,70.04
99800.0,1414.025,70.04
99900.0,1412.455,70.04
100000.0,1410.905,70.04
100100.0,1409.235,70.04
100200.0,1407.655,70.04
100300.0,1406.035,70.03
100500.0,1404.405,70.02
100600.0,1402.725,70.01
100700.0,1401.025,70.0
100800.0,1399.275,69.99
100900.0,1397.455,69.98
101000.0,1395.575,69.97
101100.0,1393.685,69.94
101200.0,1391.815,69.91
101300.0,1389.785,69.88
101400.0,1387.835,69.85
101500.0,1385.895,69.82
101600.0,1383.775,69.79
101800.0,1381.675,69.76
101900.0,1379.725,69.73
102000.0,1378.015,69.69
102100.0,1376.535,69.65
102200.0,1375.345,69.6
102300.0,1374.305,69.55
102400.0,1373.385,69.5
102500.0,1372.665,69.45
102600.0,1372.025,69.39
102700.0,1371.485,69.33
102800.0,1371.025,69.27
103000.0,1370.655,69.21
103100.0,1370.365,69.15
103200.0,1370.125,69.09
103300.0,1369.995,69.03
103400.0,1369.815,68.97
103500.0,1369.645,68.9
103600.0,1369.525,68.83
103700.0,1369.345,68.76
103800.0,1369.165,68.69
103900.0,1368.975,68.62
104000.0,1368.785,68.55
104200.0,1368.585,68.48
104300.0,1368.435,68.41
104400.0,1368.275,68.34
104500.0,1368.185,68.27
104600.0,1368.115,68.19
104700.0,1368.115,68.11
104800.0,1368.125,68.03
104900.0,1368.225,67.95
105000.0,1368.285,67.87
105100.0,1368.415,67.79
105200.0,1368.595,67.71
105400.0,1368.815,67.63
105500.0,1369.025,67.55
105600.0,1369.195,67.47
105700.0,1369.365,67.39
105800.0,1369.645,67.32
105900.0,1369.895,67.25
106000.0,1370.125,67.18
106100.0,1370.365,67.12
106200.0,1370.435,67.05
106300.0,1370.535,66.98
106400.0,1370.585,66.92
106600.0,1370.495,66.85
106700.0,1370.475,66.78
106800.0,1370.385,66.71
106900.0,1370.235,66.64
107000.0,1370.055,66.57
107100.0,1369.885,66.5
107200.0,1369.715,66.43
107300.0,1369.475,66.36
107400.0,1369.325,66.29
107500.0,1369.155,66.22
107600.0,1369.045,66.15
107800.0,1368.875,66.08
107900.0,1368.715,66.01
108000.0,1368.635,65.94
108100.0,1368.415,65.87
108200.0,1368.245,65.8
108300.0,1368.055,65.73
108400.0,1367.865,65.66
108500.0,1367.655,65.59
108600.0,1367.445,65.52
108700.0,1367.235,65.45
108800.0,1367.04,65.38
109000.0,1366.79,65.31
109100.0,1366.64,65.24
109200.0,1366.48,65.18
109300.0,1366.37,65.11
109400.0,1366.23,65.04
109500.0,1366.15,64.97
109600.0,1365.84,64.91
109700.0,1365.69,64.86
109800.0,1365.53,64.81
109900.0,1365.44,64.75
110000.0,1365.09,64.7
110200.0,1364.76,64.64
110300.0,1364.55,64.58
110400.0,1364.15,64.53
110500.0,1363.34,64.48
110600.0,1362.92,64.43
110700.0,1362.19,64.38
110800.0,1361.52,64.33
110900.0,1360.81,64.28
111000.0,1360.26,64.23
111100.0,1359.6,64.18
111200.0,1358.97,64.13
111300.0,1358.39,64.08
111400.0,1357.79,64.03
111600.0,1357.24,63.98
111700.0,1356.77,63.93
111800.0,1356.37,63.88
111900.0,1355.96,63.83
112000.0,1355.58,63.79
112100.0,1355.23,63.75
112200.0,1355.02,63.71
112300.0,1354.81,63.67
112400.0,1354.57,63.63
112500.0,1354.5,63.6
112600.0,1354.5,63.57
112700.0,1354.45,63.54
112900.0,1354.21,63.52
113000.0,1353.94,63.5
113100.0,1353.65,63.48
113200.0,1353.36,63.46
113300.0,1353.15,63.44
113400.0,1352.92,63.42
113500.0,1352.71,63.41
113600.0,1352.49,63.4
113700.0,1352.3,63.39
113800.0,1352.09,63.38
113900.0,1351.96,63.37
114100.0,1351.85,63.36
114200.0,1351.68,63.35
114300.0,1351.57,63.34
114400.0,1351.48,63.34
114500.0,1351.35,63.34
114600.0,1351.35,63.34
114700.0,1351.18,63.34
114800.0,1351.12,63.34
114900.0,1351.06,63.34
115000.0,1351.01,63.34
115100.0,1350.85,63.34
115300.0,1350.57,63.34
115400.0,1350.29,63.34
115500.0,1349.99,63.35
115600.0,1349.54,63.36
115700.0,1349.15,63.37
115800.0,1348.73,63.38
115900.0,1348.34,63.38
116000.0,1347.94,63.38
116100.0,1347.47,63.38
116200.0,1346.96,63.38
116300.0,1346.46,63.38
116500.0,1346.23,63.38
116600.0,1345.95,63.38
116700.0,1345.61,63.37
116800.0,1345.27,63.36
116900.0,1344.94,63.35
117000.0,1344.52,63.33
117100.0,1344.07,63.32
117200.0,1343.61,63.31
117300.0,1343.12,63.28
117400.0,1342.64,63.26
117500.0,1342.11,63.24
117700.0,1341.61,63.22
117800.0,1341.11,63.2
117900.0,1340.57,63.18
118000.0,1339.99,63.15
118100.0,1339.39,63.12
118200.0,1338.78,63.09
118300.0,1338.14,63.06
118400.0,1337.43,63.03
118500.0,1336.64,63.0
118600.0,1335.88,62.97
118700.0,1335.06,62.93
118900.0,1334.2,62.89
119000.0,1333.39,62.85
119100.0,1332.53,62.81
119200.0,1331.68,62.77
119300.0,1330.8,62.73
119400.0,1329.96,62.68
119500.0,1329.05,62.63
119600.0,1328.11,62.58
119700.0,1327.14,62.53
119800.0,1326.18,62.48
119900.0,1325.14,62.42
120000.0,1324.04,62.35
120200.0,1322.94,62.29
120300.0,1321.8,62.23
120400.0,1320.63,62.16
120500.0,1319.51,62.09
120600.0,1318.28,62.01
120700.0,1317.12,61.93
120800.0,1316.01,61.86
120900.0,1314.97,61.78
121000.0,1313.89,61.71
121100.0,1312.96,61.64
121200.0,1312.09,61.56
121400.0,1311.12,61.48
121500.0,1310.09,61.4
121600.0,1309.05,61.32
121700.0,1308.12,61.23
121800.0,1307.25,61.14
121900.0,1306.36,61.05
122000.0,1305.54,60.96
122100.0,1304.98,60.87
122200.0,1304.25,60.78
122300.0,1303.59,60.68
122400.0,1302.82,60.58
122600.0,1302.01,60.48
122700.0,1301.07,60.38
122800.0,1300.15,60.28
122900.0,1299.15,60.17
123000.0,1298.1,60.06
123100.0,1296.99,59.95
123200.0,1295.84,59.84
123300.0,1294.73,59.72
123400.0,1293.6,59.59
123500.0,1292.45,59.46
123600.0,1291.31,59.32
123700.0,1290.24,59.18
123900.0,1289.1,59.03
124000.0,1287.91,58.88
124100.0,1286.71,58.72
124200.0,1285.48,58.56
124300.0,1284.32,58.4
124400.0,1283.1,58.23
124500.0,1281.95,58.06
124600.0,1280.77,57.89
124700.0,1279.63,57.71
124800.0,1278.41,57.53
124900.0,1277.26,57.34
125000.0,1276.18,57.15
125200.0,1274.93,56.96
125300.0,1273.83,56.77
125400.0,1272.77,56.57
125500.0,1271.57,56.37
125600.0,1270.6,56.17
125700.0,1269.61,55.97
125800.0,1268.56,55.76
125900.0,1267.55,55.55
126000.0,1266.6,55.34
126100.0,1265.66,55.12
126200.0,1264.67,54.9
126400.0,1263.69,54.68
126500.0,1262.8,54.46
126600.0,1261.95,54.23
126700.0,1261.01,54.0
126800.0,1260.09,53.78
126900.0,1259.19,53.56
127000.0,1258.33,53.33
127100.0,1257.6,53.1
127200.0,1256.79,52.87
127400.0,1255.69,52.64
127500.0,1254.66,52.4
127600.0,1253.63,52.16
127700.0,1252.66,51.93
127800.0,1251.65,51.7
127900.0,1250.81,51.47
128000.0,1249.89,51.23
128100.0,1249.01,50.99
128200.0,1248.14,50.76
128400.0,1247.36,50.53
128500.0,1246.7,50.29
128600.0,1246.0,50.05
128700.0,1245.36,49.81
128800.0,1244.68,49.57
128900.0,1244.12,49.33
129000.0,1243.48,49.09
129100.0,1242.93,48.85
129200.0,1242.32,48.61
129400.0,1241.86,48.36
129500.0,1241.39,48.11
129600.0,1240.97,47.86
129700.0,1240.59,47.61
129800.0,1240.2,47.36
129900.0,1239.85,47.11
130000.0,1239.55,46.86
130100.0,1239.25,46.6
130200.0,1239.03,46.34
130400.0,1238.8,46.09
130500.0,1238.61,45.84
130600.0,1238.5,45.58
130700.0,1238.37,45.32
130800.0,1238.28,45.06
130900.0,1238.22,44.81
131000.0,1238.25,44.56
131100.0,1238.34,44.3
131200.0,1238.37,44.04
131300.0,1238.49,43.79
131500.0,1238.68,43.53
131600.0,1238.93,43.27
131700.0,1239.11,43.01
131800.0,1239.31,42.74
131900.0,1239.47,42.47
132000.0,1239.69,42.2
132100.0,1239.78,41.93
132200.0,1239.87,41.67
132300.0,1240.13,41.4
132500.0,1240.32,41.13
132600.0,1240.64,40.86
132700.0,1241.07,40.6
132800.0,1241.39,40.34
132900.0,1241.47,40.07
133000.0,1241.3,39.8
133100.0,1241.13,39.53
133200.0,1241.06,39.26
133300.0,1240.68,39.0
133400.0,1240.34,38.74
133600.0,1239.89,38.48
133700.0,1239.43,38.22
133800.0,1238.97,37.96
133900.0,1238.46,37.71
134000.0,1237.92,37.46
134100.0,1237.39,37.21
134200.0,1236.86,36.96
134300.0,1236.26,36.72
134400.0,1235.65,36.48
134600.0,1235.06,36.23
134700.0,1234.5,35.99
134800.0,1233.86,35.75
134900.0,1233.27,35.52
135000.0,1232.67,35.29
135100.0,1232.08,35.07
135200.0,1231.48,34.85
135300.0,1230.8,34.63
135400.0,1230.17,34.42
135600.0,1229.5,34.21
135700.0,1228.79,34.0
135800.0,1228.04,33.8
135900.0,1227.31,33.6
136000.0,1226.52,33.41
136100.0,1225.74,33.22
136200.0,1225.1,33.03
136300.0,1224.26,32.84
136400.0,1223.45,32.66
136500.0,1222.62,32.48
136700.0,1221.78,32.3
136800.0,1220.78,32.12
136900.0,1219.95,31.95
137000.0,1219.2,31.78
137100.0,1218.65,31.61
137200.0,1218.64,31.45
137300.0,1218.94,31.29
137400.0,1219.21,31.13
137500.0,1219.4,30.97
137600.0,1219.06,30.81
137800.0,1219.14,30.65
137900.0,1219.12,30.49
138000.0,1218.99,30.33
138100.0,1218.67,30.17
138200.0,1218.15,30.01
138300.0,1217.66,29.85
138400.0,1217.35,29.69
138500.0,1216.95,29.53
138600.0,1216.59,29.37
138700.0,1216.15,29.21
138900.0,1215.81,29.04
139000.0,1215.42,28.87
139100.0,1215.13,28.71
139200.0,1214.5,28.55
139300.0,1213.26,28.38
139400.0,1211.4,28.21
139500.0,1208.38,28.05
139600.0,1204.45,27.89
139700.0,1202.16,27.72
139800.0,1200.71,27.55
140000.0,1200.29,27.39
140100.0,1200.09,27.23
140200.0,1199.88,27.07
140300.0,1199.56,26.91
140400.0,1199.02,26.76
140500.0,1198.38,26.61
140600.0,1197.56,26.45
140700.0,1196.67,26.3
140800.0,1195.71,26.15
140900.0,1195.39,26.0
141000.0,1196.11,25.85
141200.0,1197.35,25.71
141300.0,1199.51,25.57
141400.0,1202.54,25.43
141500.0,1206.21,25.29
141600.0,1210.86,25.16
141700.0,1215.99,25.04
141800.0,1221.29,24.92
141900.0,1226.66,24.81
142000.0,1231.52,24.7
142100.0,1235.97,24.6
142300.0,1239.67,24.5
142400.0,1242.97,24.4
142500.0,1245.28,24.32
142600.0,1247.13,24.24
142700.0,1248.86,24.16
142800.0,1250.04,24.09
142900.0,1250.53,24.03
143000.0,1250.55,23.97
143100.0,1250.07,23.91
143200.0,1249.64,23.85
143400.0,1248.98,23.8
143500.0,1248.4,23.75
143600.0,1247.71,23.7
143700.0,1246.79,23.65
143800.0,1245.82,23.61
143900.0,1245.24,23.58
144000.0,1244.89,23.55
144100.0,1244.4,23.52
144200.0,1243.99,23.5
144400.0,1243.91,23.48
144500.0,1243.9,23.46
144600.0,1243.98,23.44
144700.0,1244.18,23.42
144800.0,1244.4,23.41
144900.0,1244.71,23.4
145000.0,1245.02,23.39
145100.0,1245.32,23.38
145200.0,1245.59,23.37
145300.0,1245.85,23.37
145500.0,1245.98,23.37
145600.0,1246.4,23.38
145700.0,1246.83,23.39
145800.0,1247.15,23.4
145900.0,1247.72,23.41
146000.0,1248.13,23.42
146100.0,1248.55,23.43
146200.0,1248.86,23.44
146300.0,1249.58,23.45
146400.0,1249.99,23.46
146500.0,1250.68,23.47
146700.0,1251.18,23.47
146800.0,1251.88,23.47
146900.0,1252.32,23.47
147000.0,1252.86,23.47
147100.0,1253.19,23.46
147200.0,1253.58,23.45
147300.0,1253.99,23.44
147400.0,1254.37,23.43
147500.0,1254.82,23.41
147600.0,1255.19,23.39
147800.0,1255.65,23.37
147900.0,1255.95,23.34
148000.0,1256.04,23.31
148100.0,1255.97,23.27
148200.0,1255.31,23.23
148300.0,1254.35,23.19
148400.0,1253.47,23.14
148500.0,1252.4,23.09
148600.0,1251.49,23.04
148700.0,1249.35,22.99
148800.0,1246.35,22.94
148900.0,1242.86,22.88
149100.0,1240.34,22.83
149200.0,1239.28,22.78
149300.0,1238.88,22.73
149400.0,1238.74,22.68
149500.0,1238.65,22.64
149600.0,1238.42,22.6
149700.0,1238.0,22.55
149800.0,1237.36,22.51
149900.0,1236.65,22.47
150000.0,1235.64,22.42
150100.0,1234.88,22.37
150200.0,1234.51,22.33
150300.0,1234.44,22.28
150500.0,1235.42,22.23
150600.0,1237.14,22.17
150700.0,1237.13,22.12
150800.0,1236.36,22.06
150900.0,1234.38,21.99
151000.0,1232.19,21.92
151100.0,1229.89,21.84
151200.0,1227.5,21.75
151300.0,1225.15,21.66
151400.0,1222.68,21.56
151500.0,1220.07,21.47
151600.0,1217.43,21.38
151700.0,1214.74,21.29
151900.0,1211.49,21.19
152000.0,1207.33,21.09
152100.0,1202.68,20.99
152200.0,1197.02,20.88
152300.0,1190.43,20.77
152400.0,1183.12,20.66
152500.0,1174.76,20.55
152600.0,1165.92,20.43
152700.0,1156.72,20.31
152800.0,1147.31,20.18
152900.0,1138.36,20.04
153000.0,1129.68,19.9
153100.0,1121.7,19.76
153200.0,1114.13,19.62
153400.0,1107.47,19.47
153500.0,1101.18,19.32
153600.0,1094.92,19.17
153700.0,1089.13,19.02
153800.0,1083.96,18.86
153900.0,1079.17,18.69
154000.0,1074.91,18.52
154100.0,1070.61,18.35
154200.0,1066.38,18.18
154300.0,1062.05,18.01
154400.0,1057.69,17.84
154500.0,1053.3,17.66
154600.0,1048.99,17.47
154700.0,1044.5,17.27
154900.0,1039.96,17.07
155000.0,1035.15,16.87
155100.0,1030.25,16.65
155200.0,1025.2,16.43
155300.0,1020.1,16.21
155400.0,1014.97,15.98
155500.0,1009.8,15.75
155600.0,1004.52,15.51
155700.0,999.22,15.26
155800.0,993.89,15.0
155900.0,988.62,14.74
156000.0,983.47,14.48
156100.0,978.41,14.21
156300.0,973.53,13.94
156400.0,968.38,13.67
156500.0,963.24,13.4
156600.0,958.32,13.13
156700.0,953.2,12.86
156800.0,948.3,12.59
156900.0,943.32,12.32
157000.0,938.42,12.05
157100.0,933.08,11.78
157200.0,928.13,11.51
157300.0,922.98,11.24
157400.0,917.99,10.98
157600.0,912.91,10.72
157700.0,908.13,10.46
157800.0,903.15,10.2
157900.0,898.37,9.95
158000.0,893.59,9.7
158100.0,888.81,9.45
158200.0,884.02,9.2
158300.0,879.31,8.96
158400.0,874.44,8.72
158500.0,869.6,8.48
158600.0,864.91,8.25
158700.0,860.25,8.02
158900.0,855.64,7.8
159000.0,851.04,7.58
159100.0,846.46,7.36
159200.0,841.87,7.15
159300.0,837.47,6.94
159400.0,833.53,6.74
159500.0,830.83,6.54
159600.0,829.42,6.34
159700.0,828.62,6.15
159800.0,827.21,5.96
159900.0,824.23,5.78
160000.0,820.67,5.61
160200.0,816.72,5.44
160300.0,812.76,5.27
160400.0,808.93,5.1
160500.0,805.2,4.95
160600.0,802.07,4.8
160700.0,799.32,4.65
160800.0,797.38,4.51
160900.0,796.14,4.38
161000.0,795.7,4.25
161100.0,796.04,4.13
161200.0,796.79,4.02
161400.0,798.16,3.92
161500.0,799.94,3.82
161600.0,801.92,3.74
161700.0,804.05,3.67
161800.0,806.34,3.6
161900.0,808.79,3.55
162000.0,811.52,3.51
162100.0,814.35,3.48
162200.0,817.5,3.46
162300.0,820.78,3.44
162400.0,824.12,3.42
162500.0,827.33,3.41
162700.0,830.29,3.41
162800.0,832.97,3.41
162900.0,835.61,3.41
163000.0,838.37,3.43
163100.0,841.47,3.45
163200.0,845.17,3.47
163300.0,849.29,3.49
163400.0,854.29,3.51
163500.0,859.74,3.54
163600.0,865.74,3.57
163700.0,871.98,3.61
163800.0,878.41,3.66
164000.0,885.05,3.71
164100.0,891.6,3.77
164200.0,897.76,3.83
164300.0,903.78,3.89
164400.0,909.75,3.96
164500.0,915.79,4.03
164600.0,921.86,4.1
164700.0,927.82,4.19
164800.0,933.71,4.28
164900.0,939.54,4.37
165000.0,945.31,4.47
165100.0,950.98,4.57
165300.0,956.65,4.67
165400.0,962.26,4.79
165500.0,967.81,4.91
165600.0,973.32,5.04
165700.0,978.78,5.18
165800.0,984.34,5.32
165900.0,989.78,5.48
166000.0,995.27,5.64
166100.0,1000.76,5.81
166200.0,1006.24,5.99
166300.0,1011.67,6.17
166400.0,1017.27,6.36
166500.0,1022.73,6.56
166700.0,1028.19,6.77
166800.0,1033.515,6.99
166900.0,1038.645,7.21
167000.0,1043.61,7.43
167100.0,1048.42,7.66
167200.0,1053.2,7.89
167300.0,1058.09,8.12
167400.0,1062.84,8.35
167500.0,1067.43,8.58
167600.0,1072.2,8.81
167700.0,1077.02,9.04
167900.0,1081.59,9.27
168000.0,1085.77,9.5
168100.0,1089.01,9.73
168200.0,1091.06,9.96
168300.0,1092.6,10.19
168400.0,1094.33,10.42
168500.0,1096.83,10.65
168600.0,1099.83,10.88
168700.0,1103.18,11.1
168800.0,1107.26,11.32
168900.0,1111.39,11.54
169100.0,1115.49,11.76
169200.0,1119.5,11.98
169300.0,1123.23,12.2
169400.0,1126.62,12.42
169500.0,1129.77,12.64
169600.0,1132.29,12.86
169700.0,1134.6,13.08
169800.0,1137.02,13.3
169900.0,1139.62,13.52
170000.0,1142.44,13.74
170100.0,1145.7,13.96
170300.0,1148.89,14.18
170400.0,1151.87,14.4
170500.0,1154.55,14.62
170600.0,1157.13,14.83
170700.0,1159.62,15.04
170800.0,1162.16,15.24
170900.0,1164.74,15.43
171000.0,1167.28,15.62
171100.0,1169.94,15.81
171200.0,1172.42,16.0
171400.0,1175.66,16.18
171500.0,1179.41,16.36
171600.0,1183.65,16.54
171700.0,1187.59,16.72
171800.0,1191.37,16.89
171900.0,1194.94,17.06
172000.0,1198.9,17.23
172100.0,1202.83,17.39
172200.0,1207.17,17.56
172300.0,1211.67,17.73
172400.0,1216.42,17.89
172600.0,1221.3,18.05
172700.0,1226.24,18.21
172800.0,1231.03,18.37
172900.0,1235.77,18.53
173000.0,1240.78,18.68
173100.0,1245.79,18.83
173200.0,1250.9,18.99
173300.0,1256.09,19.15
173400.0,1261.57,19.31
173500.0,1267.22,19.47
173700.0,1272.94,19.63
173800.0,1278.3,19.8
173900.0,1283.35,19.96
174000.0,1288.09,20.13
174100.0,1292.25,20.3
174200.0,1295.68,20.48
174300.0,1297.64,20.66
174400.0,1298.91,20.84
174500.0,1299.67,21.02
174600.0,1300.06,21.21
174700.0,1300.26,21.39
174900.0,1300.2,21.57
175000.0,1300.17,21.75
175100.0,1300.42,21.93
175200.0,1300.85,22.12
175300.0,1301.35,22.3
175400.0,1301.83,22.49
175500.0,1302.31,22.68
175600.0,1303.0,22.86
175700.0,1303.7,23.05
175800.0,1304.48,23.24
176000.0,1305.4,23.42
176100.0,1306.51,23.61
176200.0,1307.67,23.8
176300.0,1308.98,23.98
176400.0,1310.34,24.17
176500.0,1311.69,24.36
176600.0,1313.06,24.54
176700.0,1314.4,24.73
176800.0,1315.56,24.91
177000.0,1316.36,25.09
177100.0,1316.91,25.26
177200.0,1317.4,25.43
177300.0,1317.61,25.6
177400.0,1317.64,25.76
177500.0,1317.78,25.92
177600.0,1317.82,26.08
177700.0,1317.875,26.23
177800.0,1317.895,26.38
177900.0,1317.87,26.53
178100.0,1317.92,26.67
178200.0,1317.82,26.81
178300.0,1317.45,26.95
178400.0,1317.11,27.09
178500.0,1316.8,27.23
178600.0,1316.31,27.37
178700.0,1315.83,27.51
178800.0,1315.81,27.65
178900.0,1316.31,27.79
179000.0,1318.2,27.93
179100.0,1321.55,28.07
179300.0,1325.75,28.21
179400.0,1330.06,28.36
179500.0,1333.7,28.51
179600.0,1337.12,28.66
179700.0,1340.27,28.83
179800.0,1342.64,29.0
179900.0,1345.12,29.17
180000.0,1347.57,29.34
180100.0,1349.97,29.52
180200.0,1352.6,29.7
180300.0,1355.15,29.88
180400.0,1357.78,30.06
180600.0,1360.81,30.24
180700.0,1363.94,30.42
180800.0,1366.86,30.6
180900.0,1369.44,30.78
181000.0,1371.65,30.96
181100.0,1373.34,31.14
181200.0,1374.79,31.32
181300.0,1376.01,31.5
181400.0,1377.12,31.68
181500.0,1378.15,31.87
181600.0,1379.02,32.06
181700.0,1379.98,32.26
181900.0,1380.81,32.45
182000.0,1381.71,32.65
182100.0,1382.49,32.85
182200.0,1383.41,33.05
182300.0,1383.71,33.25
182400.0,1383.1,33.45
182500.0,1381.64,33.65
182600.0,1380.0,33.85
182700.0,1377.82,34.05
182800.0,1375.39,34.25
182900.0,1372.07,34.45
183000.0,1368.43,34.65
183200.0,1363.96,34.84
183300.0,1359.0,35.03
183400.0,1353.58,35.22
183500.0,1347.94,35.41
183600.0,1342.17,35.6
183700.0,1336.53,35.78
183800.0,1330.86,35.96
183900.0,1324.94,36.14
184000.0,1318.95,36.32
184100.0,1313.02,36.49
184300.0,1307.09,36.66
184400.0,1301.12,36.82
184500.0,1295.14,36.99
184600.0,1289.24,37.16
184700.0,1283.71,37.32
184800.0,1278.49,37.48
184900.0,1273.25,37.63
185000.0,1268.07,37.78
185100.0,1263.29,37.92
185200.0,1259.12,38.06
185300.0,1255.39,38.19
185500.0,1251.74,38.32
185600.0,1248.21,38.44
185700.0,1244.84,38.56
185800.0,1241.57,38.68
185900.0,1238.36,38.79
186000.0,1235.28,38.9
186100.0,1232.24,39.0
186200.0,1229.27,39.1
186300.0,1226.28,39.19
186500.0,1223.39,39.28
186600.0,1220.44,39.37
186700.0,1217.55,39.45
186800.0,1214.63,39.53
186900.0,1211.74,39.61
187000.0,1208.89,39.68
187100.0,1206.01,39.75
187200.0,1203.17,39.83
187300.0,1200.34,39.89
187500.0,1197.56,39.95
187600.0,1194.9,40.02
187700.0,1192.23,40.08
187800.0,1189.94,40.14
187900.0,1188.12,40.2
188000.0,1186.65,40.26
188100.0,1185.54,40.31
188200.0,1185.2,40.36
188300.0,1185.02,40.41
188400.0,1184.96,40.46
188600.0,1185.04,40.51
188700.0,1185.23,40.56
188800.0,1185.43,40.61
188900.0,1185.83,40.66
189000.0,1186.26,40.71
189100.0,1186.81,40.76
189200.0,1187.43,40.81
189300.0,1188.13,40.85
189400.0,1188.91,40.89
189500.0,1189.76,40.93
189700.0,1190.59,40.97
189800.0,1191.29,41.01
189900.0,1191.9,41.05
190000.0,1192.32,41.09
190100.0,1192.26,41.13
190200.0,1191.48,41.17
190300.0,1190.51,41.2
190400.0,1189.28,41.23
190500.0,1187.7,41.26
190700.0,1186.07,41.28
190800.0,1184.16,41.3
190900.0,1182.12,41.32
191000.0,1180.03,41.34
191100.0,1178.06,41.35
191200.0,1176.26,41.36
191300.0,1174.87,41.37
191400.0,1173.51,41.38
191500.0,1172.41,41.39
191700.0,1171.32,41.4
191800.0,1170.48,41.41
191900.0,1169.74,41.42
192000.0,1169.21,41.43
192100.0,1168.82,41.44
192200.0,1168.47,41.45
192300.0,1168.23,41.46
192400.0,1168.08,41.47
192500.0,1168.01,41.48
192700.0,1167.99,41.49
192800.0,1168.12,41.49
192900.0,1168.78,41.5
193000.0,1169.79,41.5
193100.0,1170.75,41.5
193200.0,1171.78,41.5
193300.0,1172.68,41.5
193400.0,1173.8,41.5
193500.0,1174.49,41.49
193700.0,1175.2,41.48
193800.0,1176.02,41.47
193900.0,1176.8,41.46
194000.0,1177.56,41.45
194100.0,1178.37,41.44
194200.0,1179.19,41.42
194300.0,1179.97,41.4
194400.0,1180.79,41.38
194500.0,1181.675,41.36
194700.0,1182.565,41.34
194800.0,1183.445,41.31
194900.0,1184.315,41.28
195000.0,1185.185,41.25
195100.0,1186.085,41.22
195200.0,1187.295,41.19
195300.0,1188.205,41.16
195400.0,1188.755,41.13
195600.0,1189.705,41.09
195700.0,1190.525,41.05
195800.0,1191.225,41.01
195900.0,1191.765,40.97
196000.0,1192.275,40.93
196100.0,1192.775,40.89
196200.0,1193.105,40.85
196300.0,1193.475,40.81
196400.0,1193.665,40.77
196600.0,1193.875,40.73
196700.0,1194.115,40.68
196800.0,1194.265,40.64
196900.0,1194.415,40.6
197000.0,1194.545,40.55
197100.0,1194.725,40.51
197200.0,1194.905,40.47
197300.0,1195.085,40.43
197400.0,1195.295,40.39
197500.0,1195.425,40.35
197700.0,1195.585,40.31
197800.0,1195.745,40.27
197900.0,1195.965,40.23
198000.0,1196.145,40.19
198100.0,1196.295,40.15
198200.0,1196.515,40.11
198300.0,1196.615,40.06
198400.0,1196.705,40.02
198500.0,1196.865,39.98
198600.0,1196.945,39.93
198800.0,1197.095,39.88
198900.0,1197.175,39.83
199000.0,1197.265,39.78
199100.0,1197.205,39.73
199200.0,1196.895,39.69
199300.0,1196.215,39.65
199400.0,1195.375,39.61
199500.0,1194.505,39.57
199600.0,1193.625,39.53
199700.0,1192.745,39.49
199900.0,1192.005,39.45
200000.0,1191.185,39.41
200100.0,1190.395,39.37
200200.0,1189.635,39.33
200300.0,1188.895,39.29
200400.0,1188.155,39.26
200500.0,1187.475,39.23
200600.0,1186.755,39.2
200700.0,1186.045,39.17
200800.0,1185.325,39.14
201000.0,1184.985,39.11
201100.0,1184.645,39.08
201200.0,1184.625,39.05
201300.0,1184.925,39.01
201400.0,1185.015,38.97
201500.0,1185.215,38.93
201600.0,1185.565,38.89
201700.0,1185.725,38.85
201800.0,1186.135,38.81
202000.0,1186.425,38.77
202100.0,1186.875,38.73
202200.0,1187.365,38.69
202300.0,1187.805,38.64
202400.0,1187.995,38.59
202500.0,1188.515,38.54
202600.0,1189.135,38.49
202700.0,1189.955,38.44
202800.0,1190.735,38.39
203000.0,1191.615,38.34
203100.0,1192.495,38.29
203200.0,1193.325,38.23
203300.0,1194.165,38.17
203400.0,1195.015,38.11
203500.0,1195.675,38.05
203600.0,1196.235,37.99
203700.0,1196.805,37.93
203900.0,1197.205,37.87
204000.0,1197.055,37.81
204100.0,1196.625,37.75
204200.0,1196.665,37.69
204300.0,1196.685,37.63
204400.0,1196.855,37.56
204500.0,1196.815,37.49
204600.0,1197.175,37.43
204700.0,1197.445,37.37
204800.0,1197.445,37.31
204900.0,1197.595,37.25
205100.0,1197.685,37.18
205200.0,1197.815,37.11
205300.0,1197.815,37.05
205400.0,1197.895,36.99
205500.0,1197.975,36.93
205600.0,1198.05,36.86
205700.0,1198.12,36.79
205800.0,1198.16,36.73
205900.0,1198.2,36.67
206000.0,1198.26,36.61
206200.0,1198.26,36.54
206300.0,1197.97,36.47
206400.0,1197.97,36.4
206500.0,1198.29,36.33
206600.0,1198.25,36.26
206700.0,1198.36,36.18
206800.0,1198.68,36.1
206900.0,1199.05,36.02
207000.0,1199.53,35.94
207100.0,1199.97,35.86
207200.0,1200.96,35.78
207400.0,1201.33,35.7
207500.0,1201.74,35.61
207600.0,1202.48,35.52
207700.0,1203.17,35.44
207800.0,1203.36,35.35
207900.0,1203.69,35.26
208000.0,1204.04,35.18
208100.0,1204.11,35.09
208200.0,1204.18,35.0
208300.0,1204.26,34.91
208400.0,1204.25,34.82
208500.0,1204.35,34.73
208700.0,1204.37,34.64
208800.0,1204.4,34.55
208900.0,1204.36,34.46
209000.0,1204.31,34.37
209100.0,1204.3,34.28
209200.0,1204.19,34.19
209300.0,1204.15,34.1
209400.0,1204.15,34.01
209500.0,1204.07,33.92
209600.0,1204.04,33.83
209800.0,1203.94,33.73
209900.0,1203.87,33.63
210000.0,1203.69,33.53
210100.0,1203.58,33.43
210200.0,1203.45,33.33
210300.0,1203.28,33.23
210400.0,1203.3,33.13
210500.0,1203.76,33.03
210600.0,1204.49,32.93
210700.0,1205.42,32.83
210800.0,1206.5,32.73
211000.0,1207.48,32.63
211100.0,1208.4,32.52
211200.0,1209.18,32.41
211300.0,1210.13,32.3
211400.0,1210.94,32.19
211500.0,1211.85,32.08
211600.0,1212.49,31.96
211700.0,1213.17,31.84
211800.0,1213.92,31.72
211900.0,1214.23,31.6
212100.0,1214.32,31.48
212200.0,1214.58,31.35
212300.0,1214.72,31.23
212400.0,1214.47,31.11
212500.0,1214.48,30.99
212600.0,1214.5,30.87
212700.0,1214.74,30.75
212800.0,1215.14,30.63
212900.0,1215.41,30.5
213000.0,1215.74,30.37
213200.0,1216.11,30.24
213300.0,1216.13,30.12
213400.0,1216.68,30.0
213500.0,1216.81,29.87
213600.0,1216.88,29.74
213700.0,1216.85,29.61
213800.0,1216.72,29.48
213900.0,1216.54,29.34
214000.0,1216.29,29.2
214100.0,1215.68,29.07
214300.0,1214.87,28.94
214400.0,1213.22,28.8
214500.0,1210.83,28.66
214600.0,1207.5,28.52
214700.0,1204.95,28.38
214800.0,1204.11,28.23
214900.0,1203.71,28.08
215000.0,1203.54,27.93
215100.0,1202.94,27.78
215200.0,1201.99,27.63
215300.0,1200.85,27.49
215500.0,1199.51,27.35
215600.0,1198.1,27.21
215700.0,1196.58,27.06
215800.0,1195.22,26.91
215900.0,1193.48,26.76
216000.0,1191.53,26.62
216100.0,1189.39,26.47
216200.0,1187.17,26.32
216300.0,1184.69,26.17
216500.0,1181.98,26.01
216600.0,1179.21,25.86
216700.0,1176.44,25.7
216800.0,1173.66,25.54
216900.0,1170.87,25.37
217000.0,1168.08,25.2
217100.0,1165.34,25.04
217200.0,1162.55,24.87
217300.0,1159.74,24.7
217400.0,1156.9,24.52
217600.0,1154.01,24.34
217700.0,1151.05,24.17
217800.0,1147.98,23.99
217900.0,1144.93,23.81
218000.0,1141.79,23.63
218100.0,1138.7,23.45
218200.0,1135.24,23.27
218300.0,1132.43,23.09
218400.0,1130.0,22.92
218600.0,1127.65,22.74
218700.0,1126.78,22.56
218800.0,1127.15,22.38
218900.0,1129.32,22.21
219000.0,1132.06,22.04
219100.0,1135.58,21.87
219200.0,1139.27,21.7
219300.0,1143.18,21.54
219400.0,1147.31,21.38
219500.0,1151.4,21.22
219700.0,1155.46,21.06
219800.0,1159.49,20.91
219900.0,1163.43,20.76
220000.0,1167.25,20.62
220100.0,1170.8,20.48
220200.0,1174.24,20.34
220300.0,1177.35,20.21
220400.0,1180.34,20.08
220500.0,1183.1,19.95
220700.0,1185.49,19.83
220800.0,1187.52,19.72
220900.0,1189.22,19.61
221000.0,1190.54,19.51
221100.0,1191.61,19.41
221200.0,1192.62,19.31
221300.0,1193.51,19.21
221400.0,1194.34,19.12
221500.0,1194.67,19.03
221700.0,1194.67,18.94
221800.0,1194.55,18.85
221900.0,1194.19,18.77
222000.0,1194.0,18.69
222100.0,1193.8,18.62
222200.0,1193.76,18.55
222300.0,1193.57,18.48
222400.0,1193.36,18.41
222500.0,1192.92,18.35
222600.0,1192.7,18.3
222800.0,1192.28,18.25
222900.0,1191.7,18.2
223000.0,1191.2,18.15
223100.0,1190.53,18.1
223200.0,1189.53,18.06
223300.0,1188.72,18.03
223400.0,1188.35,18.0
223500.0,1187.75,17.97
223600.0,1187.33,17.94
223700.0,1186.82,17.91
223800.0,1186.19,17.89
224000.0,1185.77,17.88
224100.0,1185.28,17.87
224200.0,1184.62,17.86
224300.0,1184.55,17.86
224400.0,1184.17,17.86
224500.0,1183.86,17.87
224600.0,1183.63,17.88
224700.0,1183.3,17.89
224800.0,1183.1,17.91
224900.0,1182.9,17.94
225000.0,1182.81,17.97
225200.0,1183.12,18.01
225300.0,1183.76,18.05
225400.0,1185.33,18.1
225500.0,1187.92,18.16
225600.0,1191.78,18.22
225700.0,1194.86,18.28
225800.0,1196.42,18.36
225900.0,1197.59,18.44
226000.0,1198.37,18.52
226100.0,1199.25,18.61
226300.0,1200.365,18.7
226400.0,1201.555,18.79
226500.0,1202.975,18.89
226600.0,1204.405,18.99
226700.0,1206.025,19.1
226800.0,1207.745,19.22
226900.0,1209.825,19.34
227000.0,1212.155,19.46
227100.0,1214.835,19.6
227200.0,1217.575,19.74
227400.0,1220.835,19.88
227500.0,1224.175,20.04
227600.0,1227.745,20.2
227700.0,1231.325,20.37
227800.0,1235.015,20.55
227900.0,1238.785,20.74
228000.0,1242.855,20.93
228100.0,1246.815,21.12
228200.0,1251.225,21.33
228300.0,1255.535,21.54
228500.0,1260.225,21.76
228600.0,1264.735,21.99
228700.0,1269.835,22.22
228800.0,1275.205,22.46
228900.0,1280.605,22.71
229000.0,1286.235,22.96
229100.0,1291.945,23.21
229200.0,1297.935,23.47
229300.0,1303.925,23.73
229500.0,1309.895,24.0
229600.0,1315.495,24.28
229700.0,1319.775,24.56
229800.0,1323.255,24.85
229900.0,1324.885,25.13
230000.0,1325.725,25.41
230100.0,1325.915,25.7
230200.0,1325.645,25.99
230300.0,1325.005,26.27
230500.0,1324.125,26.55
230600.0,1322.805,26.84
230700.0,1321.575,27.13
230800.0,1320.155,27.41
230900.0,1318.655,27.69
231000.0,1317.345,27.96
231100.0,1316.185,28.24
231200.0,1315.145,28.52
231300.0,1314.545,28.79
231400.0,1313.845,29.06
231600.0,1313.665,29.33
231700.0,1313.535,29.59
231800.0,1313.995,29.85
231900.0,1314.715,30.12
232000.0,1315.985,30.38
232100.0,1317.605,30.64
232200.0,1319.075,30.9
232300.0,1320.845,31.16
232400.0,1322.545,31.42
232500.0,1324.275,31.68
232700.0,1326.165,31.94
232800.0,1327.775,32.2
232900.0,1329.565,32.46
233000.0,1331.355,32.72
233100.0,1333.135,32.98
233200.0,1334.925,33.24
233300.0,1336.705,33.5
233400.0,1338.675,33.76
233500.0,1340.645,34.01
233600.0,1342.645,34.26
233800.0,1344.815,34.52
233900.0,1346.985,34.78
234000.0,1349.185,35.04
234100.0,1351.615,35.3
234200.0,1353.755,35.56
234300.0,1356.165,35.81
234400.0,1358.505,36.07
234500.0,1360.705,36.33
234600.0,1362.755,36.59
234700.0,1364.585,36.85
234900.0,1366.305,37.1
235000.0,1367.925,37.35
235100.0,1369.215,37.6
235200.0,1370.295,37.85
235300.0,1370.985,38.09
235400.0,1371.505,38.33
235500.0,1371.765,38.57
235600.0,1371.725,38.81
235700.0,1371.565,39.05
235800.0,1371.235,39.28
236000.0,1370.785,39.51
236100.0,1370.235,39.74
236200.0,1369.535,39.96
236300.0,1368.755,40.18
236400.0,1368.025,40.4
236500.0,1367.225,40.61
236600.0,1366.305,40.83
236700.0,1365.645,41.05
236800.0,1365.195,41.26
237000.0,1365.085,41.47
237100.0,1365.465,41.68
237200.0,1365.905,41.88
237300.0,1366.47,42.08
237400.0,1367.25,42.29
237500.0,1368.16,42.49
237600.0,1369.07,42.69
237700.0,1370.01,42.89
237800.0,1371.0,43.08
237900.0,1371.83,43.27
238000.0,1372.84,43.46
238200.0,1373.52,43.65
238300.0,1374.48,43.84
238400.0,1375.08,44.03
238500.0,1375.89,44.21
238600.0,1376.51,44.39
238700.0,1376.93,44.57
238800.0,1377.19,44.74
238900.0,1377.08,44.91
239000.0,1376.43,45.09
239100.0,1375.58,45.26
239200.0,1373.99,45.42
239400.0,1372.38,45.59
239500.0,1370.31,45.76
239600.0,1368.35,45.92
239700.0,1365.74,46.08
239800.0,1362.84,46.24
239900.0,1359.9,46.39
240000.0,1356.75,46.54
240100.0,1353.53,46.69
240200.0,1350.04,46.83
240300.0,1346.46,46.97
240500.0,1342.62,47.1
240600.0,1338.78,47.23
240700.0,1334.77,47.36
240800.0,1330.91,47.48
240900.0,1326.94,47.6
241000.0,1323.13,47.72
241100.0,1319.51,47.84
241200.0,1316.08,47.96
241300.0,1312.82,48.08
241400.0,1309.71,48.2
241600.0,1307.0,48.31
241700.0,1304.27,48.42
241800.0,1301.79,48.53
241900.0,1299.58,48.64
242000.0,1297.57,48.75
242100.0,1295.69,48.85
242200.0,1293.81,48.95
242300.0,1291.81,49.05
242400.0,1290.19,49.15
242600.0,1288.29,49.25
242700.0,1286.59,49.35
242800.0,1284.95,49.44
242900.0,1283.09,49.52
243000.0,1281.23,49.6
243100.0,1279.41,49.68
243200.0,1277.67,49.76
243300.0,1275.79,49.84
243400.0,1274.0,49.91
243500.0,1272.22,49.98
243700.0,1270.37,50.05
243800.0,1268.71,50.12
243900.0,1267.0,50.17
244000.0,1265.26,50.22
244100.0,1263.56,50.27
244200.0,1261.92,50.32
244300.0,1260.28,50.37
244400.0,1258.65,50.42
244500.0,1257.105,50.47
244600.0,1255.475,50.52
244800.0,1253.845,50.56
244900.0,1252.035,50.6
245000.0,1250.285,50.64
245100.0,1248.105,50.68
245200.0,1246.195,50.72
245300.0,1244.005,50.76
245400.0,1241.865,50.79
245500.0,1239.765,50.82
245600.0,1237.775,50.85
245800.0,1235.905,50.88
245900.0,1234.215,50.91
246000.0,1232.645,50.94
246100.0,1231.445,50.97
246200.0,1230.575,51.0
246300.0,1229.945,51.03
246400.0,1229.555,51.06
246500.0,1229.525,51.09
246600.0,1229.635,51.12
246800.0,1229.875,51.16
246900.0,1230.225,51.2
247000.0,1230.665,51.24
247100.0,1231.045,51.28
247200.0,1231.515,51.32
247300.0,1232.025,51.36
247400.0,1232.515,51.4
247500.0,1233.165,51.44
247600.0,1233.615,51.47
247800.0,1233.885,51.5
247900.0,1233.845,51.53
248000.0,1233.375,51.56
248100.0,1232.495,51.59
248200.0,1231.435,51.62
248300.0,1230.305,51.65
248400.0,1228.995,51.67
248500.0,1227.415,51.68
248600.0,1225.925,51.69
248800.0,1224.305,51.7
248900.0,1222.615,51.71
249000.0,1220.965,51.72
249100.0,1219.385,51.73
249200.0,1218.045,51.73
249300.0,1216.495,51.73
249400.0,1215.095,51.73
249500.0,1213.595,51.73
249700.0,1212.105,51.73
249800.0,1210.645,51.73
249900.0,1209.335,51.73
250000.0,1208.355,51.73
250100.0,1207.555,51.72
250200.0,1207.065,51.71
250300.0,1207.005,51.7
250400.0,1206.965,51.68
250500.0,1207.115,51.66
250700.0,1207.405,51.64
250800.0,1207.745,51.62
250900.0,1208.145,51.6
251000.0,1208.645,51.57
251100.0,1209.205,51.54
251200.0,1209.775,51.51
251300.0,1210.625,51.48
251400.0,1210.955,51.45
251500.0,1211.585,51.42
251700.0,1211.855,51.39
251800.0,1212.335,51.36
251900.0,1212.595,51.33
252000.0,1212.995,51.3
252100.0,1213.305,51.27
252200.0,1213.555,51.23
252300.0,1213.805,51.2
252400.0,1214.035,51.17
252500.0,1214.195,51.14
252600.0,1214.355,51.11
252800.0,1214.515,51.08
252900.0,1214.585,51.05
253000.0,1214.635,51.02
253100.0,1214.475,50.99
253200.0,1214.205,50.96
253300.0,1213.955,50.93
253400.0,1213.765,50.91
253500.0,1213.275,50.89
253700.0,1212.795,50.87
253800.0,1212.475,50.85
253900.0,1212.095,50.83
254000.0,1212.295,50.81
254100.0,1212.555,50.8
254200.0,1212.605,50.78
254300.0,1212.625,50.76
254400.0,1212.835,50.74
254600.0,1213.015,50.72
254700.0,1212.925,50.7
254800.0,1212.905,50.68
254900.0,1212.865,50.66
255000.0,1212.675,50.65
255100.0,1212.505,50.64
255200.0,1212.215,50.63
255400.0,1211.755,50.62
255500.0,1211.385,50.61
255600.0,1210.745,50.6
255700.0,1210.1,50.59
255800.0,1209.41,50.58
255900.0,1208.69,50.56
256000.0,1208.16,50.54
256100.0,1207.53,50.52
256300.0,1207.13,50.5
256400.0,1206.99,50.48
256500.0,1207.12,50.46
256600.0,1207.53,50.44
256700.0,1208.17,50.42
256800.0,1208.53,50.4
256900.0,1209.14,50.38
257000.0,1209.47,50.36
257200.0,1210.07,50.33
257300.0,1210.42,50.3
257400.0,1210.42,50.27
257500.0,1210.54,50.24
257600.0,1210.43,50.21
257700.0,1210.21,50.18
257800.0,1209.87,50.15
257900.0,1209.56,50.11
258100.0,1209.14,50.07
258200.0,1208.69,50.03
258300.0,1208.29,49.99
258400.0,1207.92,49.95
258500.0,1207.55,49.91
258600.0,1207.02,49.87
258700.0,1206.41,49.83
258800.0,1206.07,49.79
258900.0,1206.09,49.75
259100.0,1206.25,49.71
259200.0,1206.57,49.66
259300.0,1206.83,49.61
259400.0,1207.1,49.56
259500.0,1207.37,49.51
259600.0,1207.6,49.46
259700.0,1207.99,49.42
259800.0,1208.44,49.38
259900.0,1208.92,49.34
260100.0,1209.35,49.29
260200.0,1209.71,49.24
260300.0,1209.84,49.19
260400.0,1209.85,49.14
260500.0,1209.92,49.09
260600.0,1209.93,49.04
260700.0,1209.82,48.99
260800.0,1209.74,48.94
260900.0,1209.79,48.88
261100.0,1209.76,48.82
261200.0,1209.57,48.76
261300.0,1209.4,48.7
261400.0,1209.09,48.65
261500.0,1208.62,48.6
261600.0,1208.15,48.55
261700.0,1207.64,48.5
261800.0,1206.97,48.45
261900.0,1206.32,48.4
262000.0,1205.66,48.35
262200.0,1204.87,48.31
262300.0,1204.07,48.27
262400.0,1203.25,48.23
262500.0,1202.07,48.19
262600.0,1201.5,48.15
262700.0,1200.62,48.11
262800.0,1200.02,48.07
262900.0,1199.27,48.02
263000.0,1198.67,47.97
263200.0,1198.02,47.92
263300.0,1197.47,47.87
263400.0,1196.85,47.82
263500.0,1196.4,47.76
263600.0,1195.87,47.7
263700.0,1195.45,47.64
263800.0,1194.99,47.58
263900.0,1194.56,47.52
264000.0,1194.22,47.46
264100.0,1193.79,47.4
264200.0,1193.38,47.34
264400.0,1193.04,47.28
264500.0,1192.73,47.22
264600.0,1192.37,47.15
264700.0,1192.21,47.08
264800.0,1192.12,47.01
264900.0,1191.97,46.94
265000.0,1191.69,46.89
265100.0,1191.18,46.84
265200.0,1190.48,46.78
265300.0,1189.93,46.73
265400.0,1189.55,46.68
265500.0,1188.92,46.63
265700.0,1188.33,46.58
265800.0,1187.93,46.53
265900.0,1187.4,46.48
266000.0,1186.95,46.43
266100.0,1186.52,46.38
266200.0,1186.05,46.33
266300.0,1185.82,46.28
266400.0,1185.62,46.24
266500.0,1185.34,46.2
266600.0,1185.31,46.16
266700.0,1185.21,46.12
266800.0,1185.3,46.08
266900.0,1185.36,46.05
267100.0,1185.53,46.02
267200.0,1185.69,45.99
267300.0,1185.76,45.96
267400.0,1185.61,45.93
267500.0,1185.32,45.9
267600.0,1184.75,45.88
267700.0,1184.0,45.86
267800.0,1183.53,45.84
267900.0,1182.83,45.82
268000.0,1182.36,45.8
268100.0,1181.71,45.79
268200.0,1181.36,45.78
268400.0,1181.15,45.77
268500.0,1180.97,45.76
268600.0,1180.99,45.75
268700.0,1181.1,45.75
268800.0,1181.36,45.75
268900.0,1181.68,45.75
269000.0,1182.11,45.75
269100.0,1182.59,45.75
269200.0,1183.17,45.75
269300.0,1183.76,45.75
269400.0,1184.32,45.76
269600.0,1184.98,45.77
269700.0,1185.45,45.78
269800.0,1185.72,45.79
269900.0,1185.63,45.8
270000.0,1185.48,45.81
270100.0,1185.14,45.83
270200.0,1184.91,45.85
270300.0,1184.72,45.88
270400.0,1184.57,45.91
270500.0,1184.445,45.94
270700.0,1184.275,45.97
270800.0,1184.065,46.0
270900.0,1183.975,46.03
271000.0,1183.935,46.07
271100.0,1183.945,46.11
271200.0,1184.105,46.16
271300.0,1184.305,46.21
271400.0,1184.625,46.26
271600.0,1184.945,46.31
271700.0,1185.465,46.36
271800.0,1186.005,46.41
271900.0,1186.625,46.48
272000.0,1187.275,46.55
272100.0,1188.205,46.62
272200.0,1189.085,46.69
272300.0,1190.195,46.76
272400.0,1191.425,46.84
272500.0,1192.795,46.92
272700.0,1194.125,47.0
272800.0,1195.665,47.08
272900.0,1197.255,47.16
273000.0,1198.865,47.24
273100.0,1200.565,47.32
273200.0,1202.225,47.41
273300.0,1203.915,47.5
273400.0,1205.585,47.59
273500.0,1207.155,47.68
273700.0,1208.615,47.77
273800.0,1210.155,47.86
273900.0,1211.515,47.96
274000.0,1212.755,48.07
274100.0,1213.805,48.18
274200.0,1214.865,48.29
274300.0,1215.945,48.4
274400.0,1216.915,48.51
274500.0,1217.935,48.62
274700.0,1218.935,48.73
274800.0,1219.985,48.84
274900.0,1221.095,48.95
275000.0,1222.205,49.06
275100.0,1223.365,49.18
275200.0,1224.555,49.3
275300.0,1225.835,49.42
275400.0,1227.065,49.54
275500.0,1228.235,49.66
275700.0,1229.515,49.78
275800.0,1230.705,49.9
275900.0,1231.915,50.02
276000.0,1233.115,50.14
276100.0,1234.325,50.26
276200.0,1235.595,50.38
276300.0,1236.765,50.5
276400.0,1237.955,50.62
276600.0,1239.135,50.74
276700.0,1240.295,50.86
276800.0,1241.505,50.98
276900.0,1242.735,51.1
277000.0,1243.895,51.23
277100.0,1245.195,51.36
277200.0,1246.465,51.49
277300.0,1247.615,51.62
277400.0,1248.815,51.74
277600.0,1250.015,51.86
277700.0,1251.135,51.98
277800.0,1252.365,52.1
277900.0,1253.505,52.22
278000.0,1254.675,52.34
278100.0,1255.775,52.46
278200.0,1256.815,52.58
278300.0,1257.865,52.71
278400.0,1258.855,52.84
278600.0,1259.665,52.97
278700.0,1260.415,53.08
278800.0,1261.185,53.19
278900.0,1261.825,53.31
279000.0,1262.455,53.42
279100.0,1263.115,53.53
279200.0,1263.655,53.64
279300.0,1264.065,53.75
279400.0,1264.615,53.86
279600.0,1265.065,53.97
279700.0,1265.455,54.08
279800.0,1265.825,54.18
279900.0,1266.305,54.28
280000.0,1266.695,54.38
280100.0,1267.145,54.48
280200.0,1267.575,54.58
280300.0,1267.935,54.68
280400.0,1268.315,54.78
280600.0,1268.715,54.87
280700.0,1269.055,54.96
280800.0,1269.505,55.06
280900.0,1270.055,55.16
281000.0,1270.585,55.26
281100.0,1271.025,55.36
281200.0,1271.605,55.46
281300.0,1272.135,55.56
281400.0,1272.685,55.65
281500.0,1273.215,55.74
281700.0,1273.87,55.83
281800.0,1274.54,55.92
281900.0,1275.22,56.01
282000.0,1275.82,56.1
282100.0,1276.46,56.2
282200.0,1277.1,56.3
282300.0,1277.62,56.39
282400.0,1278.13,56.48
282500.0,1278.49,56.57
282600.0,1278.83,56.66
282800.0,1279.22,56.75
282900.0,1279.47,56.84
283000.0,1279.69,56.92
283100.0,1280.0,57.0
283200.0,1280.19,57.08
283300.0,1280.37,57.17
283400.0,1280.54,57.26
283500.0,1280.62,57.34
283600.0,1280.62,57.42
283700.0,1280.69,57.5
283900.0,1280.59,57.58
284000.0,1280.54,57.66
284100.0,1280.44,57.74
284200.0,1280.33,57.82
284300.0,1280.24,57.89
284400.0,1280.11,57.96
284500.0,1280.01,58.03
284600.0,1280.02,58.1
284700.0,1280.11,58.17
284800.0,1280.23,58.24
285000.0,1280.51,58.31
285100.0,1280.97,58.37
285200.0,1281.52,58.44
285300.0,1282.08,58.5
285400.0,1282.68,58.56
285500.0,1283.27,58.62
285600.0,1283.89,58.68
285700.0,1284.41,58.74
285800.0,1284.93,58.8
285900.0,1285.41,58.86
286100.0,1285.86,58.92
286200.0,1286.31,58.97
286300.0,1286.72,59.03
286400.0,1287.05,59.09
286500.0,1287.47,59.15
286600.0,1287.93,59.21
286700.0,1288.23,59.27
286800.0,1288.53,59.33
286900.0,1288.81,59.39
287000.0,1289.12,59.44
287100.0,1289.36,59.49
287300.0,1289.6,59.54
287400.0,1289.82,59.59
287500.0,1290.06,59.64
287600.0,1290.35,59.69
287700.0,1290.6,59.74
287800.0,1290.82,59.79
287900.0,1291.05,59.84
288000.0,1291.34,59.88
288100.0,1291.61,59.93
288200.0,1291.88,59.98
288300.0,1292.2,60.03
288500.0,1292.55,60.08
288600.0,1292.9,60.13
288700.0,1293.23,60.18
288800.0,1293.54,60.23
288900.0,1293.85,60.28
289000.0,1294.14,60.32
289100.0,1294.44,60.37
289200.0,1294.84,60.41
289300.0,1295.31,60.44
289400.0,1295.79,60.47
289600.0,1296.36,60.5
289700.0,1296.99,60.54
289800.0,1297.67,60.58
289900.0,1298.34,60.61
290000.0,1299.05,60.65
290100.0,1299.72,60.69
290200.0,1300.43,60.73
290300.0,1301.14,60.77
290400.0,1301.86,60.81
290500.0,1302.55,60.85
290700.0,1303.27,60.89
290800.0,1303.98,60.93
290900.0,1304.58,60.97
291000.0,1305.17,61.01
291100.0,1305.73,61.05
291200.0,1306.34,61.09
291300.0,1306.89,61.13
291400.0,1307.48,61.17
291500.0,1308.03,61.21
291600.0,1308.53,61.25
291800.0,1308.99,61.28
291900.0,1309.48,61.31
292000.0,1309.85,61.34
292100.0,1310.24,61.37
292200.0,1310.6,61.4
292300.0,1310.96,61.43
292400.0,1311.28,61.45
292500.0,1311.62,61.47
292600.0,1311.84,61.49
292800.0,1312.03,61.51
292900.0,1312.26,61.53
293000.0,1312.42,61.55
293100.0,1312.49,61.56
293200.0,1312.55,61.57
293300.0,1312.61,61.58
293400.0,1312.53,61.59
293500.0,1312.51,61.6
293600.0,1312.39,61.61
293700.0,1312.04,61.62
293900.0,1311.74,61.63
294000.0,1311.59,61.64
294100.0,1311.04,61.64
294200.0,1310.68,61.64
294300.0,1310.2,61.63
294400.0,1309.71,61.62
294500.0,1309.23,61.61
294600.0,1308.78,61.6
294700.0,1308.28,61.59
294900.0,1307.78,61.57
295000.0,1307.18,61.55
295100.0,1306.66,61.53
295200.0,1306.27,61.51
295300.0,1305.92,61.49
295400.0,1305.44,61.47
295500.0,1305.04,61.44
295600.0,1304.51,61.41
295700.0,1304.02,61.38
295800.0,1303.45,61.35
295900.0,1302.81,61.32
296100.0,1302.14,61.29
296200.0,1301.48,61.24
296300.0,1300.76,61.2
296400.0,1300.05,61.16
296500.0,1299.34,61.12
296600.0,1298.56,61.08
296700.0,1297.86,61.04
296800.0,1297.16,60.99
296900.0,1296.4,60.94
297000.0,1295.67,60.89
297200.0,1294.82,60.84
297300.0,1294.02,60.78
297400.0,1293.15,60.72
297500.0,1292.28,60.66
297600.0,1291.71,60.59
297700.0,1291.08,60.52
297800.0,1290.15,60.45
297900.0,1289.36,60.38
298000.0,1288.52,60.31
298100.0,1287.7,60.24
298300.0,1286.78,60.17
298400.0,1285.91,60.1
298500.0,1284.97,60.03
298600.0,1284.02,59.96
298700.0,1283.1,59.89
298800.0,1282.22,59.82
298900.0,1281.4,59.75
299000.0,1280.53,59.68
299100.0,1279.67,59.6
299200.0,1278.86,59.52
299300.0,1277.99,59.44
299400.0,1277.08,59.36
299600.0,1276.25,59.29
299700.0,1275.35,59.22
299800.0,1274.41,59.15
299900.0,1273.48,59.08
300000.0,1272.56,59.02
300100.0,1271.64,58.95
300200.0,1270.68,58.89
300300.0,1269.78,58.83
300400.0,1268.84,58.77
300500.0,1267.86,58.7
300600.0,1267.02,58.63
300700.0,1266.07,58.56
300900.0,1265.13,58.49
301000.0,1264.22,58.42
301100.0,1263.25,58.35
301200.0,1262.33,58.28
301300.0,1261.38,58.21
301400.0,1260.42,58.14
301500.0,1259.53,58.07
301600.0,1258.66,58.0
301700.0,1257.82,57.93
301800.0,1257.03,57.86
301900.0,1256.27,57.79
302000.0,1255.4,57.72
302100.0,1254.5,57.64
302200.0,1253.66,57.56
302400.0,1252.89,57.48
302500.0,1252.18,57.4
302600.0,1251.47,57.32
302700.0,1250.8,57.23
302800.0,1250.05,57.15
302900.0,1249.43,57.06
303000.0,1248.73,56.97
303100.0,1248.09,56.88
303200.0,1247.45,56.79
303300.0,1246.81,56.71
303400.0,1246.15,56.63
303500.0,1245.51,56.54
303600.0,1244.9,56.45
303700.0,1244.23,56.36
303800.0,1243.66,56.27
304000.0,1243.07,56.18
304100.0,1242.51,56.09
304200.0,1241.95,56.0
304300.0,1241.72,55.91
304400.0,1241.17,55.82
304500.0,1240.63,55.72
304600.0,1240.38,55.62
304700.0,1240.08,55.52
304800.0,1239.61,55.42
304900.0,1239.37,55.33
305000.0,1238.89,55.24
305100.0,1238.65,55.15
305200.0,1238.41,55.06
305300.0,1238.23,54.97
305400.0,1237.92,54.88
305500.0,1237.73,54.79
305600.0,1237.49,54.7
305800.0,1237.24,54.61
305900.0,1236.93,54.52
306000.0,1236.45,54.43
306100.0,1235.88,54.34
306200.0,1235.39,54.25
306300.0,1234.76,54.17
306400.0,1234.22,54.09
306500.0,1233.61,54.01
306600.0,1232.92,53.93
306700.0,1232.32,53.85
306800.0,1231.62,53.77
306900.0,1230.99,53.7
307000.0,1230.41,53.63
307100.0,1229.81,53.56
307200.0,1229.23,53.49
307400.0,1228.68,53.42
307500.0,1228.12,53.35
307600.0,1227.49,53.29
307700.0,1226.94,53.23
307800.0,1226.44,53.17
307900.0,1225.94,53.11
308000.0,1225.4,53.05
308100.0,1225.02,52.99
308200.0,1224.52,52.93
308300.0,1223.79,52.88
308400.0,1223.19,52.84
308500.0,1223.05,52.8
308600.0,1222.75,52.76
308700.0,1222.43,52.72
308900.0,1222.15,52.68
309000.0,1222.07,52.64
309100.0,1222.0,52.6
309200.0,1221.92,52.56
309300.0,1221.95,52.53
309400.0,1222.03,52.5
309500.0,1222.0,52.47
309600.0,1222.02,52.44
309700.0,1222.06,52.41
309800.0,1222.07,52.38
309900.0,1222.12,52.35
310000.0,1222.23,52.32
310100.0,1222.38,52.29
310300.0,1222.53,52.25
310400.0,1222.75,52.22
310500.0,1222.94,52.19
310600.0,1223.01,52.16
310700.0,1223.0,52.13
310800.0,1222.98,52.1
310900.0,1222.89,52.07
311000.0,1222.65,52.04
311100.0,1222.47,52.01
311200.0,1222.27,51.99
311300.0,1221.9,51.97
311400.0,1221.65,51.95
311500.0,1221.38,51.93
311600.0,1221.08,51.91
311700.0,1220.71,51.89
311900.0,1220.43,51.87
312000.0,1220.12,51.85
312100.0,1219.75,51.82
312200.0,1219.38,51.79
312300.0,1218.96,51.76
312400.0,1218.5,51.73
312500.0,1218.08,51.7
312600.0,1217.8,51.67
312700.0,1217.68,51.64
312800.0,1217.78,51.62
312900.0,1217.85,51.6
313000.0,1217.82,51.58
313100.0,1217.65,51.56
313300.0,1217.65,51.54
313400.0,1217.35,51.52
313500.0,1217.25,51.49
313600.0,1217.1,51.47
313700.0,1216.99,51.45
313800.0,1216.88,51.43
313900.0,1216.78,51.41
314000.0,1216.67,51.39
314100.0,1216.74,51.36
314200.0,1216.78,51.34
314300.0,1216.76,51.32
314400.0,1216.73,51.3
314600.0,1216.64,51.28
314700.0,1216.58,51.26
314800.0,1216.39,51.23
314900.0,1216.27,51.2
315000.0,1215.87,51.17
315100.0,1215.77,51.14
315200.0,1215.75,51.12
315300.0,1215.58,51.1
315400.0,1215.49,51.08
315500.0,1215.34,51.05
315600.0,1215.27,51.02
315800.0,1215.26,50.99
315900.0,1215.18,50.96
316000.0,1215.05,50.93
316100.0,1214.86,50.9
316200.0,1214.84,50.87
316300.0,1214.74,50.83
316400.0,1214.75,50.8
316500.0,1214.78,50.77
316600.0,1214.84,50.74
316700.0,1214.92,50.71
316800.0,1215.05,50.68
317000.0,1215.29,50.65
317100.0,1215.59,50.61
317200.0,1215.95,50.57
317300.0,1216.46,50.53
317400.0,1217.02,50.49
317500.0,1217.61,50.45
317600.0,1218.28,50.41
317700.0,1218.91,50.37
317800.0,1219.63,50.33
317900.0,1220.2,50.29
318000.0,1220.8,50.25
318200.0,1221.34,50.21
318300.0,1221.83,50.16
318400.0,1222.24,50.11
318500.0,1222.59,50.06
318600.0,1222.69,50.01
318700.0,1222.88,49.96
318800.0,1222.97,49.91
318900.0,1222.92,49.86
319000.0,1222.91,49.81
319100.0,1222.83,49.76
319200.0,1222.64,49.7
319300.0,1222.31,49.64
319500.0,1221.99,49.58
319600.0,1221.68,49.52
319700.0,1221.32,49.46
319800.0,1220.81,49.4
319900.0,1220.26,49.34
320000.0,1219.92,49.28
320100.0,1219.43,49.22
320200.0,1218.96,49.16
320300.0,1218.64,49.1
320400.0,1218.22,49.04
320500.0,1217.87,48.98
320700.0,1217.54,48.92
320800.0,1217.18,48.86
320900.0,1216.85,48.81
321000.0,1216.5,48.76
321100.0,1216.13,48.71
321200.0,1215.86,48.65
321300.0,1215.61,48.59
321400.0,1215.6,48.53
321500.0,1215.76,48.47
321600.0,1215.96,48.41
321700.0,1216.23,48.36
321800.0,1216.68,48.31
322000.0,1217.08,48.26
322100.0,1217.59,48.21
322200.0,1218.14,48.16
322300.0,1218.54,48.11
322400.0,1218.88,48.06
322500.0,1219.21,48.02
322600.0,1219.49,47.98
322700.0,1219.49,47.94
322800.0,1219.59,47.9
322900.0,1219.76,47.87
323000.0,1220.0,47.84
323200.0,1220.25,47.81
323300.0,1220.48,47.78
323400.0,1220.71,47.74
323500.0,1220.98,47.7
323600.0,1221.14,47.66
323700.0,1220.95,47.62
323800.0,1220.85,47.58
323900.0,1220.58,47.54
324000.0,1220.45,47.5
324100.0,1220.04,47.46
324200.0,1219.83,47.43
324300.0,1219.46,47.4
324500.0,1219.05,47.37
324600.0,1218.57,47.35
324700.0,1218.07,47.33
324800.0,1217.71,47.31
324900.0,1217.27,47.29
325000.0,1216.72,47.28
325100.0,1216.32,47.27
325200.0,1215.84,47.26
325300.0,1215.44,47.25
325400.0,1215.15,47.24
325500.0,1214.87,47.23
325600.0,1214.77,47.23
325700.0,1214.58,47.24
325900.0,1214.43,47.25
326000.0,1214.32,47.26
326100.0,1214.24,47.27
326200.0,1214.15,47.28
326300.0,1214.09,47.29
326400.0,1214.09,47.31
326500.0,1214.05,47.33
326600.0,1214.01,47.35
326700.0,1213.98,47.38
326800.0,1213.93,47.41
326900.0,1213.9,47.44
327000.0,1213.91,47.47
327100.0,1213.9,47.51
327200.0,1213.92,47.55
327400.0,1213.9,47.59
327500.0,1213.82,47.63
327600.0,1213.59,47.67
327700.0,1213.29,47.71
327800.0,1212.93,47.75
327900.0,1212.5,47.8
328000.0,1211.99,47.86
328100.0,1211.44,47.92
328200.0,1210.92,47.98
328300.0,1210.4,48.04
328400.0,1209.88,48.1
328500.0,1209.41,48.16
328600.0,1208.87,48.22
328800.0,1208.44,48.28
328900.0,1208.02,48.34
329000.0,1207.66,48.4
329100.0,1207.4,48.47
329200.0,1207.31,48.55
329300.0,1207.27,48.63
329400.0,1207.44,48.71
329500.0,1207.67,48.79
329600.0,1208.02,48.87
329700.0,1208.41,48.95
329800.0,1208.93,49.03
329900.0,1209.44,49.11
330100.0,1210.05,49.2
330200.0,1210.68,49.29
330300.0,1211.35,49.38
330400.0,1212.08,49.47
330500.0,1212.86,49.56
330600.0,1213.69,49.65
330700.0,1214.52,49.74
330800.0,1215.26,49.84
330900.0,1216.07,49.93
331000.0,1216.8,50.02
331100.0,1217.49,50.11
331300.0,1218.34,50.2
331400.0,1219.16,50.3
331500.0,1219.92,50.4
331600.0,1220.74,50.5
331700.0,1221.53,50.59
331800.0,1222.38,50.68
331900.0,1223.3,50.77
332000.0,1224.21,50.86
332100.0,1225.15,50.96
332200.0,1226.02,51.06
332400.0,1226.81,51.16
332500.0,1227.63,51.26
332600.0,1228.55,51.35
332700.0,1229.43,51.44
332800.0,1230.4,51.53
332900.0,1231.37,51.63
333000.0,1232.3,51.73
333100.0,1233.4,51.83
333200.0,1234.62,51.93
333300.0,1235.86,52.02
333500.0,1237.25,52.11
333600.0,1238.81,52.2
333700.0,1240.3,52.3
333800.0,1241.77,52.4
333900.0,1243.09,52.5
334000.0,1244.42,52.6
334100.0,1245.68,52.7
334200.0,1246.83,52.81
334300.0,1247.71,52.92
334400.0,1248.52,53.03
334600.0,1249.4,53.14
334700.0,1250.14,53.25
334800.0,1250.97,53.37
334900.0,1251.71,53.49
335000.0,1252.57,53.61
335100.0,1253.48,53.73
335200.0,1254.39,53.85
335300.0,1255.31,53.97
335400.0,1256.32,54.08
335600.0,1257.33,54.19
335700.0,1258.21,54.3
335800.0,1259.13,54.41
335900.0,1260.04,54.52
336000.0,1260.83,54.63
336100.0,1261.74,54.74
336200.0,1262.58,54.85
336300.0,1263.31,54.96
336400.0,1264.0,55.07
336600.0,1264.65,55.18
336700.0,1265.26,55.28
336800.0,1265.79,55.38
336900.0,1266.45,55.48
337000.0,1266.98,55.58
337100.0,1267.4,55.68
337200.0,1267.81,55.78
337300.0,1268.24,55.88
337400.0,1268.54,55.98
337600.0,1268.97,56.07
337700.0,1269.06,56.15
337800.0,1269.23,56.23
337900.0,1269.19,56.31
338000.0,1269.14,56.39
338100.0,1269.26,56.47
338200.0,1269.27,56.55
338300.0,1269.31,56.62
338400.0,1269.44,56.69
338600.0,1269.72,56.76
338700.0,1270.03,56.83
338800.0,1270.41,56.9
338900.0,1270.8,56.97
339000.0,1271.22,57.02
339100.0,1271.6,57.07
339200.0,1271.96,57.12
339300.0,1272.26,57.17
339400.0,1272.56,57.22
339600.0,1272.82,57.27
339700.0,1273.08,57.31
339800.0,1273.41,57.35
339900.0,1273.71,57.39
340000.0,1274.07,57.43
340100.0,1274.38,57.47
340200.0,1274.68,57.5
340300.0,1275.19,57.53
340400.0,1275.48,57.55
340500.0,1275.54,57.57
340600.0,1275.74,57.59
340800.0,1275.76,57.61
340900.0,1275.8,57.63
341000.0,1275.76,57.65
341100.0,1275.78,57.66
341200.0,1275.77,57.67
341300.0,1275.81,57.68
341400.0,1275.77,57.69
341500.0,1275.72,57.7
341600.0,1275.64,57.71
341700.0,1275.58,57.72
341800.0,1275.56,57.73
341900.0,1275.45,57.74
342100.0,1275.44,57.75
342200.0,1275.39,57.76
342300.0,1275.24,57.77
342400.0,1275.03,57.77
342500.0,1274.89,57.77
342600.0,1274.68,57.77
342700.0,1274.46,57.77
342800.0,1274.3,57.77
342900.0,1274.03,57.78
343000.0,1273.76,57.79
343100.0,1273.49,57.79
343200.0,1273.18,57.79
343400.0,1272.89,57.79
343500.0,1272.53,57.79
343600.0,1272.04,57.79
343700.0,1271.35,57.79
343800.0,1270.5,57.79
343900.0,1269.58,57.78
344000.0,1268.76,57.77
344100.0,1267.81,57.76
344200.0,1266.82,57.75
344300.0,1265.82,57.74
344400.0,1264.52,57.73
344500.0,1263.55,57.72
344700.0,1262.39,57.7
344800.0,1261.33,57.68
344900.0,1260.05,57.65
345000.0,1258.85,57.62
345100.0,1257.86,57.59
345200.0,1256.86,57.56
345300.0,1255.94,57.53
345400.0,1255.18,57.5
345500.0,1254.45,57.47
345600.0,1253.75,57.44
345700.0,1253.18,57.4
345800.0,1252.65,57.36
346000.0,1252.15,57.31
346100.0,1251.66,57.26
346200.0,1251.18,57.21
346300.0,1250.71,57.16
346400.0,1250.25,57.11
346500.0,1249.79,57.06
346600.0,1249.3,57.01
346700.0,1248.91,56.96
346800.0,1248.46,56.91
346900.0,1247.98,56.85
347000.0,1247.51,56.79
347100.0,1247.03,56.73
347200.0,1246.61,56.67
347400.0,1246.27,56.61
347500.0,1245.86,56.55
347600.0,1245.53,56.49
347700.0,1245.22,56.43
347800.0,1244.74,56.37
347900.0,1244.36,56.3
348000.0,1244.06,56.23
348100.0,1243.78,56.16
348200.0,1243.46,56.09
348300.0,1243.31,56.02
348400.0,1242.99,55.96
348500.0,1243.04,55.9
348700.0,1243.0,55.84
348800.0,1243.13,55.78
348900.0,1243.21,55.72
349000.0,1243.14,55.66
349100.0,1243.14,55.59
349200.0,1243.17,55.53
349300.0,1243.16,55.47
349400.0,1243.22,55.41
349500.0,1243.3,55.35
349600.0,1243.35,55.29
349700.0,1243.47,55.23
349900.0,1243.58,55.18
350000.0,1243.7,55.13
350100.0,1243.86,55.08
350200.0,1244.04,55.02
350300.0,1244.21,54.96
350400.0,1244.4,54.9
350500.0,1244.54,54.85
350600.0,1244.67,54.8
350700.0,1244.8,54.75
350800.0,1244.91,54.7
350900.0,1244.98,54.65
351100.0,1245.08,54.6
351200.0,1244.93,54.54
351300.0,1244.97,54.49
351400.0,1245.33,54.44
351500.0,1245.64,54.39
351600.0,1245.75,54.34
351700.0,1245.79,54.29
351800.0,1246.01,54.24
351900.0,1245.89,54.19
352000.0,1245.85,54.14
352100.0,1245.57,54.09
352300.0,1245.31,54.04
352400.0,1244.92,53.99
352500.0,1244.53,53.94
352600.0,1243.99,53.89
352700.0,1243.32,53.83
352800.0,1242.71,53.77
352900.0,1241.96,53.71
353000.0,1241.2,53.65
353100.0,1240.41,53.59
353200.0,1239.58,53.53
353400.0,1238.71,53.47
353500.0,1237.84,53.41
353600.0,1236.96,53.35
353700.0,1235.97,53.29
353800.0,1234.94,53.22
353900.0,1233.8,53.15
354000.0,1232.67,53.08
354100.0,1231.52,53.01
354200.0,1230.38,52.94
354300.0,1229.22,52.88
354400.0,1228.14,52.82
354500.0,1227.21,52.76
354700.0,1226.36,52.7
354800.0,1225.57,52.64
354900.0,1224.67,52.58
355000.0,1223.84,52.52
355100.0,1223.01,52.46
355200.0,1222.19,52.4
355300.0,1221.67,52.33
355400.0,1220.8,52.27
355500.0,1220.18,52.21
355600.0,1219.43,52.15
355700.0,1218.93,52.1
355900.0,1218.35,52.05
356000.0,1217.67,52.0
356100.0,1217.06,51.95
356200.0,1216.46,51.9
356300.0,1215.87,51.85
356400.0,1215.28,51.8
356500.0,1214.74,51.75
356600.0,1214.16,51.7
356700.0,1213.6,51.65
356800.0,1212.99,51.61
356900.0,1212.4,51.57
357000.0,1211.83,51.53
357200.0,1211.25,51.49
357300.0,1210.62,51.45
357400.0,1209.98,51.41
357500.0,1209.32,51.37
357600.0,1208.61,51.33
357700.0,1207.89,51.29
357800.0,1207.25,51.26
357900.0,1206.53,51.23
358000.0,1205.86,51.2
358100.0,1205.21,51.17
358200.0,1204.45,51.14
358300.0,1203.77,51.11
358500.0,1203.09,51.08
358600.0,1202.41,51.05
358700.0,1201.77,51.02
358800.0,1201.11,51.0
358900.0,1200.49,50.98
359000.0,1199.8,50.96
359100.0,1199.11,50.94
359200.0,1198.33,50.92
359300.0,1197.63,50.9
359400.0,1197.11,50.88
359500.0,1196.75,50.86
359600.0,1196.5,50.84
359700.0,1196.43,50.82
359900.0,1196.22,50.8
360000.0,1195.98,50.79
360100.0,1195.68,50.78
360200.0,1195.33,50.77
360300.0,1195.32,50.76
360400.0,1194.92,50.74
360500.0,1194.82,50.72
360600.0,1194.66,50.7
360700.0,1194.4,50.68
360800.0,1194.18,50.66
360900.0,1193.98,50.63
361000.0,1193.79,50.61
361100.0,1193.62,50.59
361200.0,1193.48,50.57
361300.0,1193.34,50.55
361500.0,1193.22,50.53
361600.0,1193.1,50.5
361700.0,1192.96,50.47
361800.0,1193.01,50.44
361900.0,1192.94,50.41
362000.0,1192.86,50.39
362100.0,1192.72,50.36
362200.0,1192.43,50.33
362300.0,1191.96,50.3
362400.0,1191.87,50.27
362500.0,1191.71,50.24
362600.0,1191.43,50.2
362800.0,1191.4,50.16
362900.0,1191.24,50.12
363000.0,1191.23,50.07
363100.0,1191.26,50.02
363200.0,1191.35,49.96
363300.0,1191.44,49.9
363400.0,1191.67,49.84
363500.0,1191.86,49.77
363600.0,1192.15,49.7
363700.0,1192.46,49.63
363800.0,1192.87,49.55
363900.0,1193.32,49.47
364000.0,1193.78,49.39
364200.0,1194.28,49.3
364300.0,1194.72,49.21
364400.0,1195.24,49.11
364500.0,1195.74,49.01
364600.0,1196.32,48.91
364700.0,1197.03,48.81
364800.0,1197.74,48.7
364900.0,1198.5,48.59
365000.0,1199.24,48.48
365100.0,1200.04,48.36
365200.0,1200.78,48.24
365300.0,1201.55,48.12
365500.0,1202.28,47.99
365600.0,1203.0,47.86
365700.0,1203.73,47.73
365800.0,1204.5,47.6
365900.0,1205.28,47.47
366000.0,1206.04,47.33
366100.0,1206.85,47.2
366200.0,1207.61,47.06
366300.0,1208.42,46.92
366400.0,1209.19,46.78
366500.0,1210.0,46.64
366600.0,1210.79,46.49
366800.0,1211.6,46.34
366900.0,1212.39,46.19
367000.0,1213.19,46.04
367100.0,1213.91,45.89
367200.0,1214.66,45.73
367300.0,1215.43,45.57
367400.0,1216.15,45.41
367500.0,1216.87,45.25
367600.0,1217.6,45.08
367700.0,1218.31,44.91
367800.0,1218.98,44.74
367900.0,1219.66,44.57
368000.0,1220.38,44.4
368200.0,1221.07,44.22
368300.0,1221.8,44.04
368400.0,1222.47,43.85
368500.0,1223.12,43.66
368600.0,1223.77,43.47
368700.0,1224.48,43.27
368800.0,1225.09,43.07
368900.0,1225.66,42.87
369000.0,1226.3,42.66
369100.0,1226.88,42.45
369200.0,1227.42,42.24
369400.0,1227.98,42.02
369500.0,1228.5,41.79
369600.0,1228.97,41.56
369700.0,1229.42,41.33
369800.0,1229.87,41.09
369900.0,1230.28,40.84
370000.0,1230.76,40.59
370100.0,1231.22,40.33
370200.0,1231.48,40.07
370300.0,1231.63,39.8
370400.0,1231.56,39.53
370600.0,1231.33,39.25
370700.0,1231.21,38.97
370800.0,1231.11,38.68
370900.0,1231.06,38.39
371000.0,1230.935,38.09
371100.0,1230.165,37.78
371200.0,1228.805,37.47
371300.0,1226.295,37.16
371400.0,1224.445,36.85
371500.0,1223.585,36.54
371600.0,1222.855,36.22
371800.0,1222.135,35.91
371900.0,1221.295,35.6
372000.0,1220.195,35.28
372100.0,1218.855,34.96
372200.0,1217.345,34.64
372300.0,1215.425,34.31
372400.0,1213.415,33.99
372500.0,1211.155,33.66
372600.0,1208.665,33.33
372700.0,1206.095,32.99
372800.0,1203.265,32.65
372900.0,1200.405,32.32
373100.0,1197.465,31.98
373200.0,1194.605,31.64
373300.0,1191.7,31.29
373400.0,1188.73,30.94
373500.0,1185.73,30.59
373600.0,1182.62,30.24
373700.0,1179.52,29.89
373800.0,1176.36,29.55
373900.0,1173.09,29.2
374000.0,1169.76,28.86
374200.0,1166.36,28.52
374300.0,1162.86,28.18
374400.0,1159.41,27.85
374500.0,1155.85,27.52
374600.0,1152.36,27.19
374700.0,1148.83,26.86
374800.0,1145.37,26.53
374900.0,1142.13,26.2
375000.0,1139.06,25.88
375100.0,1136.33,25.56
375200.0,1133.76,25.25
375400.0,1131.67,24.94
375500.0,1129.88,24.63
375600.0,1128.19,24.33
375700.0,1126.56,24.04
375800.0,1124.9,23.75
375900.0,1123.3,23.46
376000.0,1121.71,23.17
376100.0,1120.22,22.88
376200.0,1118.75,22.59
376300.0,1117.37,22.31
376500.0,1115.9,22.03
376600.0,1114.42,21.75
376700.0,1112.59,21.47
376800.0,1110.58,21.19
376900.0,1108.19,20.92
377000.0,1105.64,20.65
377100.0,1102.8,20.37
377200.0,1099.57,20.09
377300.0,1095.555,19.805
377400.0,1090.965,19.515
377600.0,1086.055,19.225
377700.0,1080.925,18.935
377800.0,1075.745,18.635
377900.0,1070.455,18.335
378000.0,1065.145,18.025
378100.0,1059.525,17.725
378200.0,1053.625,17.415
378300.0,1047.745,17.105
378400.0,1041.595,16.785
378500.0,1035.455,16.475
378700.0,1029.275,16.165
378800.0,1023.135,15.845
378900.0,1016.985,15.525
379000.0,1010.895,15.205
379100.0,1004.945,14.885
379200.0,999.005,14.555
379300.0,993.345,14.235
379400.0,987.705,13.915
379500.0,982.175,13.595
379600.0,976.555,13.285
379700.0,971.065,12.975
379900.0,965.475,12.665
380000.0,959.995,12.365
380100.0,954.535,12.065
380200.0,948.985,11.765
380300.0,943.415,11.475
380400.0,937.795,11.195
380500.0,932.305,10.915
380600.0,926.785,10.635
380700.0,921.495,10.365
380800.0,916.505,10.105
380900.0,911.805,9.845
381100.0,907.265,9.595
381200.0,903.205,9.345
381300.0,899.375,9.105
381400.0,895.705,8.865
381500.0,892.165,8.635
381600.0,888.405,8.405
381700.0,884.605,8.205
381800.0,880.675,8.005
381900.0,876.84,7.815
382000.0,873.29,7.635
382100.0,870.76,7.465
382300.0,869.09,7.295
382400.0,866.65,7.125
382500.0,863.24,6.955
382600.0,859.57,6.795
382700.0,855.71,6.635
382800.0,851.79,6.475
382900.0,847.85,6.315
383000.0,843.81,6.155
383100.0,839.81,5.985
383200.0,836.27,5.835
383300.0,833.26,5.685
383500.0,831.61,5.555
383600.0,831.33,5.425
383700.0,833.67,5.305
383800.0,838.26,5.195
383900.0,843.51,5.085
384000.0,849.42,4.995
384100.0,855.42,4.915
384200.0,861.545,4.855
384300.0,867.925,4.795
384400.0,874.575,4.755
384500.0,881.355,4.725
384700.0,888.555,4.695
384800.0,896.275,4.675
384900.0,904.345,4.675
385000.0,912.975,4.675
385100.0,922.225,4.685
385200.0,931.815,4.705
385300.0,941.365,4.725
385400.0,950.445,4.755
385500.0,959.085,4.795
385600.0,967.655,4.845
385700.0,976.055,4.905
385900.0,984.195,4.975
386000.0,991.815,5.045
386100.0,998.745,5.125
386200.0,1005.055,5.215
386300.0,1010.765,5.305
386400.0,1015.725,5.395
386500.0,1020.075,5.485
386600.0,1024.095,5.575
386700.0,1027.495,5.675
386800.0,1030.315,5.775
386900.0,1032.945,5.875
387100.0,1035.655,5.985
387200.0,1038.505,6.095
387300.0,1041.385,6.215
387400.0,1044.315,6.345
387500.0,1047.375,6.475
387600.0,1050.815,6.605
387700.0,1054.385,6.745
387800.0,1058.445,6.885
387900.0,1062.755,7.035
388000.0,1067.845,7.195
388100.0,1073.295,7.365
388200.0,1080.04,7.54
388300.0,1087.87,7.73
388500.0,1096.03,7.93
388600.0,1104.61,8.14
388700.0,1113.37,8.36
388800.0,1122.22,8.59
388900.0,1131.14,8.84
389000.0,1140.49,9.09
389100.0,1150.02,9.36
389200.0,1159.56,9.63
389300.0,1169.24,9.92
389400.0,1178.96,10.21
389500.0,1188.74,10.51
389600.0,1198.49,10.82
389800.0,1208.15,11.14
389900.0,1217.85,11.46
390000.0,1227.3,11.8
390100.0,1236.87,12.15
390200.0,1246.0,12.51
390300.0,1255.41,12.87
390400.0,1264.39,13.23
390500.0,1273.46,13.6
390600.0,1282.57,13.97
390700.0,1291.62,14.35
390800.0,1300.7,14.73
391000.0,1309.67,15.11
391100.0,1318.77,15.5
391200.0,1327.86,15.89
391300.0,1337.0,16.28
391400.0,1346.07,16.68
391500.0,1355.08,17.08
391600.0,1363.83,17.48
391700.0,1372.4,17.89
391800.0,1380.59,18.31
391900.0,1388.51,18.73
392000.0,1395.89,19.15
392100.0,1402.88,19.57
392300.0,1409.64,20.0
392400.0,1416.07,20.43
392500.0,1422.47,20.86
392600.0,1428.78,21.27
392700.0,1434.68,21.68
392800.0,1440.38,22.09
392900.0,1445.63,22.5
393000.0,1450.57,22.92
393100.0,1455.35,23.34
393200.0,1460.08,23.76
393300.0,1464.47,24.17
393400.0,1469.04,24.58
393500.0,1473.91,24.99
393700.0,1478.8,25.4
393800.0,1483.72,25.82
393900.0,1489.07,26.23
394000.0,1494.33,26.65
394100.0,1499.4,27.06
394200.0,1503.985,27.47
394300.0,1507.305,27.86
394400.0,1509.325,28.25
394500.0,1508.865,28.63
394600.0,1506.515,29.0
394700.0,1503.565,29.37
394900.0,1500.135,29.72
395000.0,1496.595,30.06
395100.0,1492.935,30.38
395200.0,1489.165,30.7
395300.0,1485.195,31.01
395400.0,1481.205,31.3
395500.0,1476.945,31.59
395600.0,1472.265,31.86
395700.0,1467.285,32.12
395800.0,1461.805,32.37
395900.0,1455.775,32.61
396100.0,1449.525,32.84
396200.0,1443.265,33.06
396300.0,1437.495,33.27
396400.0,1432.025,33.46
396500.0,1426.575,33.64
396600.0,1421.115,33.81
396700.0,1415.775,33.96
396800.0,1410.705,34.1
396900.0,1406.065,34.23
397000.0,1401.845,34.34
397100.0,1397.755,34.44
397200.0,1394.155,34.53
397400.0,1390.945,34.61
397500.0,1388.105,34.68
397600.0,1385.945,34.73
397700.0,1384.475,34.78
397800.0,1383.255,34.82
397900.0,1381.865,34.85
398000.0,1380.215,34.87
398100.0,1378.425,34.88
398200.0,1376.545,34.87
398300.0,1374.645,34.86
398500.0,1372.735,34.84
398600.0,1370.815,34.81
398700.0,1368.125,34.78
398800.0,1364.305,34.73
398900.0,1359.905,34.68
399000.0,1356.165,34.62
399100.0,1352.835,34.56
399200.0,1349.095,34.49
399300.0,1345.355,34.42
399400.0,1341.325,34.34
399600.0,1337.395,34.26
399700.0,1334.065,34.17
399800.0,1331.625,34.07
399900.0,1329.485,33.97
400000.0,1328.205,33.86
400100.0,1327.395,33.75
400200.0,1327.525,33.63
400300.0,1328.175,33.52
400400.0,1329.575,33.4
400500.0,1331.185,33.28
400600.0,1333.195,33.16
400700.0,1335.165,33.04
400900.0,1337.355,32.91
401000.0,1339.425,32.79
401100.0,1341.575,32.66
401200.0,1343.205,32.53
401300.0,1345.005,32.41
401400.0,1346.735,32.28
401500.0,1348.155,32.16
401600.0,1349.605,32.03
401700.0,1350.625,31.91
401800.0,1351.555,31.79
401900.0,1352.195,31.67
402100.0,1352.585,31.55
402200.0,1352.675,31.44
402300.0,1352.125,31.32
402400.0,1351.235,31.2
402500.0,1349.835,31.09
402600.0,1348.345,30.97
402700.0,1346.955,30.85
402800.0,1345.605,30.73
402900.0,1344.255,30.62
403000.0,1343.035,30.515
403200.0,1342.055,30.405
403300.0,1341.405,30.305
403400.0,1341.045,30.205
403500.0,1340.825,30.105
403600.0,1341.345,30.015
403700.0,1342.365,29.925
403800.0,1344.055,29.845
403900.0,1345.945,29.755
404000.0,1348.215,29.665
404200.0,1350.815,29.585
404300.0,1353.695,29.52
404400.0,1356.755,29.46
404500.0,1359.535,29.41
404600.0,1362.565,29.36
404700.0,1365.735,29.31
404800.0,1368.865,29.28
405000.0,1372.225,29.25
405100.0,1375.705,29.23
405200.0,1379.14,29.21
405300.0,1382.73,29.21
405400.0,1386.29,29.21
405500.0,1389.8,29.22
405600.0,1393.25,29.24
405700.0,1396.61,29.26
405800.0,1399.72,29.29
406000.0,1402.78,29.33
406100.0,1405.7,29.38
406200.0,1408.59,29.43
406300.0,1411.27,29.49
406400.0,1413.74,29.56
406500.0,1416.19,29.63
406600.0,1418.52,29.71
406700.0,1420.75,29.8
406900.0,1423.06,29.9
407000.0,1425.21,30.0
407100.0,1427.4,30.1
407200.0,1429.66,30.21
407300.0,1431.61,30.33
407400.0,1433.74,30.46
407500.0,1435.59,30.6
407600.0,1437.1,30.75
407700.0,1438.48,30.91
407900.0,1439.55,31.08
408000.0,1440.24,31.25
408100.0,1440.85,31.43
408200.0,1441.28,31.62
408300.0,1441.59,31.82
408400.0,1441.83,32.02
408500.0,1441.88,32.24
408700.0,1441.84,32.47
408800.0,1441.62,32.7
408900.0,1441.37,32.94
409000.0,1441.12,33.18
409100.0,1441.06,33.43
409200.0,1441.02,33.68
409300.0,1441.05,33.95
409400.0,1441.18,34.22
409500.0,1441.27,34.5
409700.0,1441.27,34.78
409800.0,1441.93,35.06
409900.0,1443.57,35.35
410000.0,1445.45,35.64
410100.0,1446.52,35.94
410200.0,1446.81,36.24
410300.0,1446.91,36.54
410400.0,1446.94,36.84
410600.0,1447.05,37.14
410700.0,1446.86,37.44
410800.0,1446.01,37.74
410900.0,1444.22,38.04
411000.0,1442.06,38.34
411100.0,1439.01,38.64
411200.0,1435.43,38.94
411300.0,1431.04,39.24
411500.0,1426.0,39.53
411600.0,1420.17,39.82
411700.0,1414.07,40.11
411800.0,1407.62,40.39
411900.0,1401.12,40.67
412000.0,1394.49,40.95
412100.0,1387.9,41.22
412200.0,1381.41,41.49
412400.0,1375.17,41.76
412500.0,1369.06,42.02
412600.0,1362.99,42.28
412700.0,1357.13,42.53
412800.0,1351.37,42.78
412900.0,1345.91,43.02
413000.0,1340.65,43.26
413100.0,1335.62,43.49
413300.0,1330.9,43.72
413400.0,1326.57,43.94
413500.0,1322.77,44.16
413600.0,1319.43,44.38
413700.0,1316.71,44.59
413800.0,1313.94,44.8
413900.0,1311.14,45.0
414000.0,1308.41,45.2
414200.0,1305.64,45.39
414300.0,1303.11,45.575
414400.0,1300.78,45.755
414500.0,1298.77,45.925
414600.0,1296.62,46.095
414700.0,1294.57,46.265
414800.0,1292.33,46.425
414900.0,1289.84,46.585
415000.0,1286.88,46.725
415100.0,1284.14,46.865
415300.0,1280.91,47.005
415400.0,1277.62,47.135
415500.0,1274.81,47.26
415600.0,1271.68,47.38
415700.0,1268.59,47.48
415800.0,1265.33,47.58
415900.0,1262.19,47.68
416000.0,1258.89,47.76
416100.0,1255.58,47.84
416200.0,1252.26,47.91
416400.0,1249.06,47.98
416500.0,1245.85,48.03
416600.0,1242.67,48.075
416700.0,1239.59,48.115
416800.0,1236.47,48.145
416900.0,1233.52,48.165
417000.0,1230.79,48.185
417100.0,1227.97,48.195
417200.0,1225.46,48.195
417400.0,1222.85,48.195
417500.0,1220.44,48.175
417600.0,1218.22,48.155
417700.0,1215.91,48.125
417800.0,1213.72,48.095
417900.0,1211.66,48.045
418000.0,1209.59,47.995
418100.0,1207.66,47.935
418200.0,1205.59,47.875
418400.0,1203.61,47.815
418500.0,1201.82,47.735
418600.0,1200.09,47.655
418700.0,1198.56,47.565
418800.0,1197.58,47.465
418900.0,1196.56,47.355
419000.0,1196.06,47.245
419100.0,1195.82,47.125
419200.0,1195.695,47.0
419400.0,1195.745,46.87
419500.0,1195.935,46.74
419600.0,1196.215,46.6
419700.0,1196.605,46.45
419800.0,1196.955,46.3
419900.0,1197.325,46.14
420000.0,1197.645,45.98
420100.0,1197.925,45.82
420300.0,1198.165,45.65
420400.0,1198.385,45.48
420500.0,1198.715,45.29
420600.0,1198.785,45.1
420700.0,1198.805,44.91
420800.0,1198.945,44.71
420900.0,1199.095,44.5
421000.0,1199.275,44.29
421200.0,1199.285,44.08
421300.0,1199.415,43.85
421400.0,1199.445,43.61
421500.0,1199.635,43.37
421600.0,1199.975,43.13
421700.0,1200.315,42.88
421800.0,1200.795,42.63
421900.0,1201.33,42.375
422100.0,1201.88,42.115
422200.0,1202.36,41.845
422300.0,1202.86,41.575
422400.0,1203.4,41.305
422500.0,1203.91,41.025
422600.0,1204.44,40.745
422700.0,1204.93,40.455
422900.0,1205.31,40.165
423000.0,1205.57,39.865
423100.0,1204.97,39.565
423200.0,1203.49,39.255
423300.0,1200.67,38.945
423400.0,1198.47,38.625
423500.0,1196.96,38.305
423600.0,1196.76,37.975
423800.0,1197.02,37.645
423900.0,1197.1,37.305
424000.0,1197.0,36.965
424100.0,1196.62,36.615
424200.0,1196.03,36.265
424300.0,1195.36,35.915
424400.0,1194.49,35.565
424600.0,1193.27,35.205
424700.0,1192.06,34.845
424800.0,1190.7,34.485
424900.0,1189.14,34.125
425000.0,1187.54,33.765
425100.0,1185.88,33.405
425200.0,1184.25,33.045
425400.0,1182.79,32.685
425500.0,1181.13,32.325
425600.0,1179.28,31.965
425700.0,1176.93,31.595
425800.0,1174.92,31.225
425900.0,1173.1,30.855
426000.0,1171.67,30.485
426200.0,1170.97,30.105
426300.0,1170.89,29.735
426400.0,1170.78,29.365
426500.0,1171.0,28.995
426600.0,1171.27,28.625
426700.0,1171.26,28.255
426800.0,1171.59,27.885
427000.0,1172.5,27.525
427100.0,1173.64,27.165
427200.0,1175.08,26.805
427300.0,1176.62,26.455
427400.0,1178.16,26.105
427500.0,1179.58,25.755
427600.0,1180.94,25.405
427700.0,1182.51,25.065
427900.0,1184.38,24.74
428000.0,1186.44,24.42
428100.0,1189.18,24.1
428200.0,1192.28,23.8
428300.0,1195.39,23.5
428400.0,1198.84,23.2
428500.0,1202.26,22.92
428600.0,1205.8,22.64
428700.0,1209.24,22.38
428900.0,1212.51,22.12
429000.0,1215.58,21.88
429100.0,1218.45,21.64
429200.0,1220.93,21.41
429300.0,1223.04,21.19
429400.0,1224.65,20.98
429500.0,1225.9,20.77
429600.0,1226.83,20.57
429800.0,1227.75,20.38
429900.0,1228.4,20.19
430000.0,1228.97,20.02
430100.0,1229.35,19.85
430200.0,1229.67,19.69
430300.0,1229.66,19.53
430400.0,1229.64,19.39
430500.0,1229.355,19.255
430600.0,1228.955,19.125
430700.0,1228.305,18.995
430900.0,1227.635,18.875
431000.0,1226.865,18.755
431100.0,1226.015,18.635
431200.0,1225.175,18.525
431300.0,1224.245,18.415
431400.0,1223.515,18.305
431500.0,1222.785,18.205
431600.0,1222.025,18.105
431700.0,1221.085,18.015
431800.0,1220.515,17.925
431900.0,1220.105,17.835
432100.0,1219.685,17.755
432200.0,1218.975,17.685
432300.0,1217.885,17.615
432400.0,1216.315,17.545
432500.0,1214.445,17.485
432600.0,1212.025,17.435
432700.0,1209.025,17.385
432800.0,1206.255,17.325
432900.0,1203.835,17.275
433100.0,1201.405,17.225
433200.0,1199.19,17.18
433300.0,1197.04,17.14
433400.0,1194.9,17.11
433500.0,1192.88,17.08
433600.0,1190.65,17.05
433700.0,1188.49,17.03
433800.0,1186.36,17.01
433900.0,1184.25,17.0
434000.0,1182.24,16.99
434200.0,1180.45,16.99
434300.0,1179.53,16.98
434400.0,1179.56,16.98
434500.0,1180.98,16.98
434600.0,1181.64,16.99
434700.0,1181.63,17.0
434800.0,1180.24,17.01
434900.0,1178.38,17.02
435000.0,1176.6,17.04
435200.0,1175.02,17.06
435300.0,1173.8,17.08
435400.0,1172.83,17.1
435500.0,1171.98,17.12
435600.0,1171.19,17.14
435700.0,1170.78,17.17
435800.0,1170.36,17.19
435900.0,1170.04,17.21
436000.0,1169.89,17.23
436100.0,1169.76,17.25
436300.0,1169.86,17.27
436400.0,1169.85,17.29
436500.0,1169.73,17.3
436600.0,1169.55,17.31
436700.0,1169.31,17.32
436800.0,1169.12,17.34
436900.0,1168.62,17.36
437000.0,1167.63,17.38
437100.0,1166.3,17.4
437200.0,1164.2,17.43
437300.0,1161.58,17.46
437400.0,1158.91,17.48
437600.0,1156.03,17.5
437700.0,1153.09,17.52
437800.0,1149.93,17.54
437900.0,1146.49,17.56
438000.0,1142.48,17.58
438100.0,1138.34,17.6
438200.0,1133.93,17.62
438300.0,1129.54,17.64
438400.0,1125.28,17.66
438500.0,1121.95,17.67
438600.0,1120.36,17.68
438800.0,1119.59,17.69
438900.0,1120.09,17.7
439000.0,1120.91,17.71
439100.0,1121.27,17.72
439200.0,1121.38,17.72
439300.0,1121.56,17.72
439400.0,1121.56,17.73
439500.0,1121.39,17.73
439600.0,1120.82,17.73
439700.0,1120.05,17.72
439900.0,1118.89,17.72
440000.0,1117.6,17.71
440100.0,1116.21,17.7
440200.0,1114.97,17.69
440300.0,1113.91,17.67
440400.0,1113.05,17.66
440500.0,1112.26,17.65
440600.0,1111.48,17.63
440700.0,1110.6,17.61
440800.0,1109.81,17.59
441000.0,1109.11,17.56
441100.0,1108.44,17.54
441200.0,1107.9,17.52
441300.0,1107.38,17.5
441400.0,1106.94,17.47
441500.0,1106.9,17.44
441600.0,1106.92,17.41
441700.0,1107.24,17.38
441800.0,1107.41,17.35
441900.0,1107.52,17.32
442100.0,1107.43,17.28
442200.0,1107.16,17.24
442300.0,1106.24,17.2
442400.0,1104.66,17.16
442500.0,1102.9,17.12
442600.0,1100.9,17.08
442700.0,1098.89,17.03
442800.0,1096.43,16.98
442900.0,1094.1,16.93
443000.0,1091.79,16.88
443200.0,1089.92,16.83
443300.0,1088.44,16.78
443400.0,1087.47,16.73
443500.0,1086.87,16.67
443600.0,1086.6,16.61
443700.0,1086.85,16.55
443800.0,1086.98,16.5
443900.0,1087.2,16.45
444000.0,1087.9,16.4
444100.0,1088.96,16.35
444200.0,1090.69,16.3
444400.0,1093.0,16.25
444500.0,1095.54,16.2
444600.0,1098.54,16.15
444700.0,1101.65,16.1
444800.0,1104.97,16.05
444900.0,1108.67,16.0
445000.0,1112.65,15.95
445100.0,1116.79,15.9
445200.0,1120.9,15.87
445400.0,1125.07,15.84
445500.0,1129.18,15.81
445600.0,1133.58,15.78
445700.0,1138.08,15.75
445800.0,1142.69,15.74
445900.0,1147.4,15.73
446000.0,1152.14,15.72
446100.0,1156.79,15.72
446200.0,1161.31,15.73
446300.0,1165.67,15.74
446400.0,1169.89,15.75
446600.0,1173.99,15.77
446700.0,1177.72,15.79
446800.0,1181.42,15.82
446900.0,1184.69,15.85
447000.0,1187.47,15.89
447100.0,1190.12,15.93
447200.0,1192.59,15.97
447300.0,1194.93,16.01
447400.0,1197.35,16.07
447600.0,1199.76,16.13
447700.0,1202.11,16.19
447800.0,1204.51,16.25
447900.0,1206.88,16.32
448000.0,1209.44,16.39
448100.0,1211.85,16.46
448200.0,1214.23,16.53
448300.0,1216.6,16.61
448500.0,1219.0,16.7
448600.0,1221.35,16.79
448700.0,1223.72,16.88
448800.0,1226.21,16.97
448900.0,1228.56,17.06
449000.0,1231.22,17.15
449100.0,1233.57,17.24
449200.0,1236.12,17.33
449400.0,1238.28,17.43
449500.0,1240.47,17.52
449600.0,1241.85,17.63
449700.0,1241.87,17.74
449800.0,1241.18,17.85
449900.0,1238.99,17.94
450000.0,1235.88,18.03
450100.0,1232.29,18.12
450300.0,1228.77,18.21
450400.0,1224.94,18.3
450500.0,1220.43,18.38
450600.0,1215.59,18.46
450700.0,1209.83,18.54
450800.0,1205.07,18.61
450900.0,1201.57,18.67
451100.0,1198.52,18.73
451200.0,1195.75,18.79
451300.0,1192.97,18.85
451400.0,1189.71,18.9
451500.0,1186.48,18.94
451600.0,1183.21,18.98
451700.0,1180.08,19.02
451800.0,1177.18,19.06
452000.0,1174.43,19.09
452100.0,1171.94,19.12
452200.0,1169.56,19.14
452300.0,1167.37,19.16
452400.0,1165.4,19.18
452500.0,1163.59,19.19
452600.0,1161.64,19.2
452800.0,1159.55,19.21
452900.0,1157.18,19.22
453000.0,1155.04,19.22
453100.0,1153.02,19.22
453200.0,1151.36,19.23
453300.0,1149.89,19.23
453400.0,1149.19,19.23
453600.0,1149.08,19.23
453700.0,1149.03,19.23
453800.0,1149.33,19.23
453900.0,1149.71,19.23
454000.0,1150.13,19.23
454100.0,1150.15,19.23
454200.0,1150.15,19.22
454300.0,1150.02,19.21
454500.0,1149.72,19.2
454600.0,1149.49,19.19
454700.0,1149.13,19.18
454800.0,1148.93,19.17
454900.0,1148.64,19.16
455000.0,1148.15,19.15
455100.0,1147.31,19.14
455200.0,1145.79,19.12
455400.0,1143.75,19.1
455500.0,1140.87,19.08
455600.0,1137.42,19.06
455700.0,1133.8,19.04
455800.0,1129.95,19.01
455900.0,1125.95,18.98
456000.0,1121.69,18.95
456100.0,1117.07,18.92
456200.0,1112.25,18.89
456400.0,1107.13,18.86
456500.0,1102.05,18.81
456600.0,1096.86,18.76
456700.0,1091.44,18.71
456800.0,1085.86,18.65
456900.0,1080.14,18.59
457000.0,1074.32,18.52
457100.0,1068.39,18.45
457200.0,1062.41,18.37
457400.0,1056.5,18.28
457500.0,1050.51,18.19
457600.0,1044.59,18.1
457700.0,1038.7,18.0
457800.0,1032.95,17.89
457900.0,1027.39,17.78
458000.0,1021.9,17.67
458100.0,1016.75,17.56
458200.0,1012.05,17.44
458300.0,1007.52,17.32
458500.0,1002.99,17.2
458600.0,998.62,17.08
458700.0,994.14,16.95
458800.0,989.7,16.82
458900.0,985.29,16.69
459000.0,980.88,16.56
459100.0,976.65,16.42
459200.0,972.51,16.28
459300.0,968.43,16.14
459400.0,964.47,16.0
459500.0,960.56,15.85
459700.0,956.61,15.7
459800.0,952.71,15.55
459900.0,948.72,15.4
460000.0,944.75,15.25
460100.0,940.96,15.1
460200.0,936.96,14.95
460300.0,933.27,14.8
460400.0,929.29,14.64
460500.0,925.65,14.47
460600.0,921.9,14.31
460700.0,918.16,14.14
460800.0,914.07,13.97
461000.0,909.67,13.8
461100.0,905.16,13.64
461200.0,900.92,13.48
461300.0,897.0,13.32
461400.0,892.83,13.16
461500.0,888.82,13.0
461600.0,885.45,12.84
461700.0,882.5,12.68
461800.0,880.84,12.52
461900.0,878.46,12.37
462000.0,875.43,12.22
462100.0,872.29,12.07
462200.0,869.2,11.92
462400.0,866.3,11.77
462500.0,864.06,11.63
462600.0,862.05,11.49
462700.0,860.4,11.35
462800.0,858.85,11.21
462900.0,857.2,11.07
463000.0,855.32,10.94
463100.0,853.21,10.8
463200.0,850.85,10.66
463300.0,848.12,10.52
463400.0,845.18,10.38
463500.0,841.93,10.25
463600.0,838.56,10.11
463700.0,835.28,9.97
463800.0,832.11,9.83
463900.0,828.77,9.7
464100.0,825.5,9.57
464200.0,822.23,9.44
464300.0,819.18,9.32
464400.0,816.17,9.2
464500.0,813.13,9.09
464600.0,810.17,8.98
464700.0,807.18,8.87
464800.0,804.26,8.77
464900.0,801.51,8.67
465000.0,798.91,8.57
465100.0,796.34,8.48
465200.0,793.8,8.39
465300.0,791.42,8.3
465400.0,788.96,8.21
465500.0,786.59,8.13
465600.0,784.34,8.05
465800.0,782.19,7.97
465900.0,780.01,7.89
466000.0,777.7,7.81
466100.0,775.53,7.74
466200.0,773.31,7.67
466300.0,771.21,7.6
466400.0,769.22,7.53
466500.0,767.07,7.46
466600.0,764.97,7.4
466700.0,762.85,7.34
466800.0,760.87,7.28
466900.0,758.96,7.22
467000.0,757.01,7.16
467100.0,755.13,7.1
467200.0,753.17,7.05
467300.0,751.21,7.0
467500.0,749.39,6.95
467600.0,747.65,6.91
467700.0,745.93,6.87
467800.0,744.22,6.83
467900.0,742.55,6.79
468000.0,741.06,6.76
468100.0,739.55,6.73
468200.0,738.24,6.7
468300.0,737.0,6.67
468400.0,735.84,6.65
468500.0,734.74,6.63
468600.0,733.59,6.61
468700.0,732.56,6.59
468800.0,731.62,6.57
468900.0,730.73,6.55
469000.0,729.84,6.53
469100.0,728.92,6.51
469300.0,728.02,6.49
469400.0,727.15,6.47
469500.0,726.31,6.45
469600.0,725.555,6.43
469700.0,724.735,6.41
469800.0,723.755,6.39
469900.0,722.545,6.37
470000.0,721.345,6.35
470100.0,720.075,6.33
470200.0,718.935,6.31
470300.0,717.895,6.29
470400.0,716.995,6.27
470500.0,716.225,6.25
470700.0,715.585,6.23
470800.0,714.97,6.21
470900.0,714.38,6.19
471000.0,713.76,6.17
471100.0,713.04,6.16
471200.0,712.38,6.15
471300.0,711.53,6.14
471400.0,710.68,6.12
471500.0,709.69,6.1
471600.0,708.7,6.08
471700.0,707.77,6.06
471800.0,706.86,6.04
472000.0,705.96,6.02
472100.0,705.28,6.0
472200.0,705.05,5.97
472300.0,705.15,5.94
472400.0,705.54,5.91
472500.0,706.25,5.88
472600.0,706.97,5.85
472700.0,707.7,5.82
472800.0,708.43,5.79
472900.0,708.91,5.76
473000.0,709.43,5.73
473200.0,709.86,5.7
473300.0,710.35,5.67
473400.0,710.88,5.64
473500.0,711.42,5.61
473600.0,712.08,5.58
473700.0,712.79,5.55
473800.0,713.46,5.53
473900.0,714.17,5.51
474000.0,715.01,5.49
474100.0,715.99,5.47
474300.0,717.23,5.45
474400.0,718.74,5.44
474500.0,720.45,5.43
474600.0,722.24,5.42
474700.0,724.18,5.41
474800.0,726.14,5.4
474900.0,728.07,5.39
475000.0,729.75,5.38
475100.0,731.26,5.37
475200.0,732.64,5.35
475400.0,733.92,5.33
475500.0,735.23,5.31
475600.0,736.5,5.29
475700.0,737.66,5.27
475800.0,738.69,5.25
475900.0,739.67,5.23
476000.0,740.59,5.21
476100.0,741.61,5.19
476200.0,742.76,5.17
476300.0,744.08,5.15
476500.0,745.37,5.13
476600.0,746.46,5.11
476700.0,747.43,5.08
476800.0,748.29,5.05
476900.0,748.89,5.02
477000.0,749.48,4.99
477100.0,750.15,4.95
477200.0,750.86,4.91
477300.0,751.76,4.87
477400.0,752.74,4.83
477500.0,753.86,4.79
477700.0,754.96,4.75
477800.0,756.11,4.71
477900.0,757.26,4.67
478000.0,758.33,4.62
478100.0,759.52,4.57
478200.0,760.76,4.52
478300.0,762.04,4.46
478400.0,763.37,4.4
478500.0,764.68,4.34
478700.0,766.06,4.28
478800.0,767.42,4.22
478900.0,768.73,4.16
479000.0,770.13,4.1
479100.0,771.36,4.04
479200.0,772.41,3.98
479300.0,773.24,3.92
479400.0,773.96,3.86
479500.0,774.58,3.8
479600.0,774.99,3.74
479800.0,775.19,3.68
479900.0,775.29,3.62
480000.0,775.57,3.56
480100.0,776.34,3.5
480200.0,777.59,3.44
480300.0,779.09,3.38
480400.0,780.9,3.32
480500.0,782.845,3.26
480600.0,784.955,3.2
480800.0,787.075,3.14
480900.0,789.195,3.08
481000.0,791.355,3.02
481100.0,793.375,2.96
481200.0,795.185,2.9
481300.0,796.595,2.84
481400.0,797.965,2.78
481500.0,799.155,2.72
481600.0,800.185,2.66
481700.0,801.0,2.6
481800.0,801.67,2.54
482000.0,802.38,2.48
482100.0,803.2,2.42
482200.0,803.87,2.36
482300.0,804.77,2.3
482400.0,805.54,2.25
482500.0,806.51,2.2
482600.0,807.46,2.15
482700.0,808.4,2.1
482800.0,809.38,2.05
482900.0,810.38,2.0
483000.0,811.21,1.95
483200.0,811.5,1.91
483300.0,811.47,1.87
483400.0,811.05,1.83
483500.0,810.17,1.79
483600.0,809.23,1.75
483700.0,808.13,1.71
483800.0,806.98,1.67
483900.0,806.03,1.63
484000.0,805.03,1.59
484100.0,803.93,1.55
484300.0,802.83,1.51
484400.0,801.72,1.47
484500.0,800.47,1.43
484600.0,799.19,1.39
484700.0,797.93,1.35
484800.0,796.82,1.31
484900.0,795.83,1.27
