system_time,timestamp,lat,lon,speed,bearing
5200,1508884971770.0,43.003698169815976,-78.78828945163556,0.13122922,0.0
5300,,,,,
5400,,,,,
5500,,,,,
5600,,,,,
5700,,,,,
5800,,,,,
5900,,,,,
6000,,,,,
6100,,,,,
6200,,,,,
6300,,,,,
6400,,,,,
6500,,,,,
6600,,,,,
6700,,,,,
6800,,,,,
6900,,,,,
7000,,,,,
7100,,,,,
7200,,,,,
7300,,,,,
7400,,,,,
7500,,,,,
7600,,,,,
7700,,,,,
7800,,,,,
7900,,,,,
8000,,,,,
8100,,,,,
8200,1508884975000.0,43.003705634177656,-78.78828084083995,0.22600370000000006,0.0
8300,,,,,
8400,,,,,
8500,,,,,
8600,,,,,
8700,,,,,
8800,,,,,
8900,,,,,
9000,,,,,
9100,,,,,
9200,,,,,
9300,,,,,
9400,1508884976000.0,43.00370911119333,-78.7882933917011,0.071540006,0.0
9500,,,,,
9600,,,,,
9700,,,,,
9800,,,,,
9900,,,,,
10000,,,,,
10100,,,,,
10200,,,,,
10300,,,,,
10400,,,,,
10500,,,,,
10600,,,,,
10700,,,,,
10800,,,,,
10900,,,,,
11000,,,,,
11100,,,,,
11200,,,,,
11300,,,,,
11400,,,,,
11500,,,,,
11600,,,,,
11700,,,,,
11800,,,,,
11900,,,,,
12000,,,,,
12100,,,,,
12200,,,,,
12300,,,,,
12400,1508884979000.0,43.00369636498451,-78.78827071924566,0.6793967,0.0
12500,,,,,
12600,,,,,
12700,,,,,
12800,,,,,
12900,,,,,
13000,,,,,
13100,,,,,
13200,,,,,
13300,,,,,
13400,1508884980000.0,43.003685134417886,-78.78825569521624,0.9019711,0.0
13500,,,,,
13600,,,,,
13700,,,,,
13800,,,,,
13900,,,,,
14000,,,,,
14100,,,,,
14200,,,,,
14300,,,,,
14400,1508884981000.0,43.00370523889272,-78.78824600788795,1.1920667,357.79254
14500,,,,,
14600,,,,,
14700,,,,,
14800,,,,,
14900,,,,,
15000,,,,,
15100,,,,,
15200,,,,,
15300,,,,,
15400,1508884982000.0,43.003726138788785,-78.78824456947686,1.423384,12.112755
15500,,,,,
15600,,,,,
15700,,,,,
15800,,,,,
15900,,,,,
16000,,,,,
16100,,,,,
16200,,,,,
16300,,,,,
16400,1508884983000.0,43.0037435870209,-78.78825166355685,1.1525319,327.3423200000001
16500,,,,,
16600,,,,,
16700,,,,,
16800,,,,,
16900,,,,,
17000,,,,,
17100,,,,,
17200,,,,,
17300,,,,,
17400,1508884984000.0,43.00375954785464,-78.78826118616429,1.3657763,328.2044
17500,,,,,
17600,,,,,
17700,,,,,
17800,,,,,
17900,,,,,
18000,,,,,
18100,,,,,
18200,,,,,
18300,,,,,
18400,1508884985000.0,43.003773708744404,-78.78827241333508,1.2894968999999998,302.65533
18500,,,,,
18600,,,,,
18700,,,,,
18800,,,,,
18900,,,,,
19000,,,,,
19100,,,,,
19200,,,,,
19300,,,,,
19400,1508884986000.0,43.003786510725504,-78.78829355183738,2.29453,272.70184
19500,,,,,
19600,,,,,
19700,,,,,
19800,,,,,
19900,,,,,
20000,,,,,
20100,,,,,
20200,,,,,
20300,,,,,
20400,,,,,
20500,1508884987000.0,43.00379401603399,-78.78833223057906,3.6943953,276.3529
20600,,,,,
20700,,,,,
20800,,,,,
20900,,,,,
21000,,,,,
21100,,,,,
21200,,,,,
21300,,,,,
21400,1508884988000.0,43.003804829821526,-78.78839215711967,5.536249,275.11987
21500,,,,,
21600,,,,,
21700,,,,,
21800,,,,,
21900,,,,,
22000,,,,,
22100,,,,,
22200,,,,,
22300,,,,,
22400,1508884989000.0,43.00382021214217,-78.78846529595909,6.6117673,272.43317
22500,,,,,
22600,,,,,
22700,,,,,
22800,,,,,
22900,,,,,
23000,,,,,
23100,,,,,
23200,,,,,
23300,,,,,
23400,1508884990000.0,43.003834845411156,-78.78854653450671,7.3908644,271.84164
23500,,,,,
23600,,,,,
23700,,,,,
23800,,,,,
23900,,,,,
24000,,,,,
24100,,,,,
24200,,,,,
24300,,,,,
24400,1508884991000.0,43.00384583656282,-78.78863780278928,7.6714163,271.86212
24500,,,,,
24600,,,,,
24700,,,,,
24800,,,,,
24900,,,,,
25000,,,,,
25100,,,,,
25200,,,,,
25300,,,,,
25400,1508884992000.0,43.00385479090044,-78.78872892786937,7.392079400000001,274.30872
25500,,,,,
25600,,,,,
25700,,,,,
25800,,,,,
25900,,,,,
26000,,,,,
26100,,,,,
26200,,,,,
26300,,,,,
26400,1508884993000.0,43.00386293218372,-78.78881520440879,6.4551615999999985,275.31183
26500,,,,,
26600,,,,,
26700,,,,,
26800,,,,,
26900,,,,,
27000,,,,,
27100,,,,,
27200,,,,,
27300,,,,,
27400,,,,,
27500,1508884994000.0,43.00387188142911,-78.78888696965238,5.4105215,280.1212
27600,,,,,
27700,,,,,
27800,,,,,
27900,,,,,
28000,,,,,
28100,,,,,
28200,,,,,
28300,,,,,
28400,1508884995000.0,43.00388122189168,-78.78894534237719,3.9033577,296.69342
28500,,,,,
28600,,,,,
28700,,,,,
28800,,,,,
28900,,,,,
29000,,,,,
29100,,,,,
29200,,,,,
29300,,,,,
29400,1508884996000.0,43.00389881109018,-78.78898795534026,3.8091533,311.84045
29500,,,,,
29600,,,,,
29700,,,,,
29800,,,,,
29900,,,,,
30000,,,,,
30100,,,,,
30200,,,,,
30300,,,,,
30400,1508884997000.0,43.003922826562146,-78.78901858911556,3.4652448,327.53336
30500,,,,,
30600,,,,,
30700,,,,,
30800,,,,,
30900,,,,,
31000,,,,,
31100,,,,,
31200,,,,,
31300,,,,,
31400,1508884998000.0,43.00395489878161,-78.78903738929978,4.3710055,345.38913
31500,,,,,
31600,,,,,
31700,,,,,
31800,,,,,
31900,,,,,
32000,,,,,
32100,,,,,
32200,,,,,
32300,,,,,
32400,1508884999000.0,43.003994269117975,-78.78904417434465,5.008333,355.68396
32500,,,,,
32600,,,,,
32700,,,,,
32800,,,,,
32900,,,,,
33000,,,,,
33100,,,,,
33200,,,,,
33300,,,,,
33400,1508885000000.0,43.00404173198486,-78.78904384288566,5.0442944,357.84692
33500,,,,,
33600,,,,,
33700,,,,,
33800,,,,,
33900,,,,,
34000,,,,,
34100,,,,,
34200,,,,,
34300,,,,,
34400,1508885001000.0,43.00408508384617,-78.7890427035911,4.3527293,355.78668
34500,,,,,
34600,,,,,
34700,,,,,
34800,,,,,
34900,,,,,
35000,,,,,
35100,,,,,
35200,,,,,
35300,,,,,
35400,1508885002000.0,43.004119147853956,-78.78904326353761,3.4435549,348.4930700000001
35500,,,,,
35600,,,,,
35700,,,,,
35800,,,,,
35900,,,,,
36000,,,,,
36100,,,,,
36200,,,,,
36300,,,,,
36400,1508885003000.0,43.00414257779522,-78.78905489276839,2.8831258,319.1006
36500,,,,,
36600,,,,,
36700,,,,,
36800,,,,,
36900,,,,,
37000,,,,,
37100,,,,,
37200,,,,,
37300,,,,,
37400,1508885004000.0,43.00416036379973,-78.78909043408119,4.5498605,295.71893
37500,,,,,
37600,,,,,
37700,,,,,
37800,,,,,
37900,,,,,
38000,,,,,
38100,,,,,
38200,,,,,
38300,,,,,
38400,1508885005000.0,43.004172272960396,-78.78915071213903,5.698929,278.801
38500,,,,,
38600,,,,,
38700,,,,,
38800,,,,,
38900,,,,,
39000,,,,,
39100,,,,,
39200,,,,,
39300,,,,,
39400,1508885006000.0,43.00417850823136,-78.7892240223745,5.6627383,276.31363
39500,,,,,
39600,,,,,
39700,,,,,
39800,,,,,
39900,,,,,
40000,,,,,
40100,,,,,
40200,,,,,
40300,,,,,
40400,1508885007000.0,43.0041757614516,-78.78928916216681,4.7904887,270.6927
40500,,,,,
40600,,,,,
40700,,,,,
40800,,,,,
40900,,,,,
41000,,,,,
41100,,,,,
41200,,,,,
41300,,,,,
41400,1508885008000.0,43.00417247828415,-78.7893411470705,3.358287,268.26633
41500,,,,,
41600,,,,,
41700,,,,,
41800,,,,,
41900,,,,,
42000,,,,,
42100,,,,,
42200,,,,,
42300,,,,,
42400,1508885009000.0,43.004168817650296,-78.78937582007902,1.7730544999999998,258.9836
42500,,,,,
42600,,,,,
42700,,,,,
42800,,,,,
42900,,,,,
43000,,,,,
43100,,,,,
43200,,,,,
43300,,,,,
43400,1508885010000.0,43.00416499160815,-78.78939478586696,0.35927004,234.61598
43500,,,,,
43600,,,,,
43700,,,,,
43800,,,,,
43900,,,,,
44000,,,,,
44100,,,,,
44200,,,,,
44300,,,,,
44400,,,,,
44500,,,,,
44600,,,,,
44700,,,,,
44800,,,,,
44900,,,,,
45000,,,,,
45100,,,,,
45200,,,,,
45300,,,,,
45400,1508885012000.0,43.00415568556405,-78.78938526982324,1.19689,138.4739
45500,,,,,
45600,,,,,
45700,,,,,
45800,,,,,
45900,,,,,
46000,,,,,
46100,,,,,
46200,,,,,
46300,,,,,
46400,1508885013000.0,43.004154786875674,-78.7893716644413,0.9456524,98.26053
46500,,,,,
46600,,,,,
46700,,,,,
46800,,,,,
46900,,,,,
47000,,,,,
47100,,,,,
47200,,,,,
47300,,,,,
47400,,,,,
47500,,,,,
47600,,,,,
47700,,,,,
47800,,,,,
47900,,,,,
48000,,,,,
48100,,,,,
48200,,,,,
48300,,,,,
48400,,,,,
48500,,,,,
48600,,,,,
48700,,,,,
48800,,,,,
48900,,,,,
49000,,,,,
49100,,,,,
49200,,,,,
49300,,,,,
49400,,,,,
49500,,,,,
49600,,,,,
49700,,,,,
49800,,,,,
49900,,,,,
50000,,,,,
50100,,,,,
50200,,,,,
50300,,,,,
50400,,,,,
50500,,,,,
50600,,,,,
50700,,,,,
50800,,,,,
50900,,,,,
51000,,,,,
51100,,,,,
51200,,,,,
51300,,,,,
51400,,,,,
51500,,,,,
51600,,,,,
51700,,,,,
51800,,,,,
51900,,,,,
52000,,,,,
52100,,,,,
52200,,,,,
52300,,,,,
52400,1508885019000.0,43.00415753644145,-78.78938898852817,2.0115366000000003,318.705
52500,,,,,
52600,,,,,
52700,,,,,
52800,,,,,
52900,,,,,
53000,,,,,
53100,,,,,
53200,,,,,
53300,,,,,
53400,1508885020000.0,43.004167472259454,-78.78942135263104,3.860712,297.1016
53500,,,,,
53600,,,,,
53700,,,,,
53800,,,,,
53900,,,,,
54000,,,,,
54100,,,,,
54200,,,,,
54300,,,,,
54400,1508885021000.0,43.004193391673134,-78.78946818952964,5.0394416,314.58194
54500,,,,,
54600,,,,,
54700,,,,,
54800,,,,,
54900,,,,,
55000,,,,,
55100,,,,,
55200,,,,,
55300,,,,,
55400,1508885022000.0,43.00423925650362,-78.78951631574219,6.6411667,329.49313
55500,,,,,
55600,,,,,
55700,,,,,
55800,,,,,
55900,,,,,
56000,,,,,
56100,,,,,
56200,,,,,
56300,,,,,
56400,1508885023000.0,43.00430716704608,-78.78955632818919,8.333407000000001,339.30563
56500,,,,,
56600,,,,,
56700,,,,,
56800,,,,,
56900,,,,,
57000,,,,,
57100,,,,,
57200,,,,,
57300,,,,,
57400,1508885024000.0,43.00439165269849,-78.78958749834312,9.967538,346.41446
57500,,,,,
57600,,,,,
57700,,,,,
57800,,,,,
57900,,,,,
58000,,,,,
58100,,,,,
58200,,,,,
58300,,,,,
58400,1508885025000.0,43.00449027714605,-78.78960599298388,10.887972,350.8609
58500,,,,,
58600,,,,,
58700,,,,,
58800,,,,,
58900,,,,,
59000,,,,,
59100,,,,,
59200,,,,,
59300,,,,,
59400,1508885026000.0,43.00459490642177,-78.78961835759317,11.077382,353.06363
59500,,,,,
59600,,,,,
59700,,,,,
59800,,,,,
59900,,,,,
60000,,,,,
60100,,,,,
60200,,,,,
60300,,,,,
60400,1508885027000.0,43.004697187863904,-78.78962371938496,10.787885,356.5315
60500,,,,,
60600,,,,,
60700,,,,,
60800,,,,,
60900,,,,,
61000,,,,,
61100,,,,,
61200,,,,,
61300,,,,,
61400,1508885028000.0,43.004796249352495,-78.78962012745923,10.836178,1.659829
61500,,,,,
61600,,,,,
61700,,,,,
61800,,,,,
61900,,,,,
62000,,,,,
62100,,,,,
62200,,,,,
62300,,,,,
62400,1508885029000.0,43.004889704132616,-78.7896135128372,9.674215,359.79465
62500,,,,,
62600,,,,,
62700,,,,,
62800,,,,,
62900,,,,,
63000,,,,,
63100,,,,,
63200,,,,,
63300,,,,,
63400,1508885030000.0,43.00497752278327,-78.78960704522818,9.781958,1.6398085
63500,,,,,
63600,,,,,
63700,,,,,
63800,,,,,
63900,,,,,
64000,,,,,
64100,,,,,
64200,,,,,
64300,,,,,
64400,1508885031000.0,43.00506332854096,-78.78960033086126,9.484148,0.24401356
64500,,,,,
64600,,,,,
64700,,,,,
64800,,,,,
64900,,,,,
65000,,,,,
65100,,,,,
65200,,,,,
65300,,,,,
65400,1508885032000.0,43.00514752260985,-78.78959756605731,9.286272,358.3735700000001
65500,,,,,
65600,,,,,
65700,,,,,
65800,,,,,
65900,,,,,
66000,,,,,
66100,,,,,
66200,,,,,
66300,,,,,
66400,1508885033000.0,43.00522617798154,-78.78960619697726,8.387775999999999,350.12354
66500,,,,,
66600,,,,,
66700,,,,,
66800,,,,,
66900,,,,,
67000,,,,,
67100,,,,,
67200,,,,,
67300,,,,,
67400,1508885034000.0,43.00529488807793,-78.7896291078699,7.4419327000000015,338.53125
67500,,,,,
67600,,,,,
67700,,,,,
67800,,,,,
67900,,,,,
68000,,,,,
68100,,,,,
68200,,,,,
68300,,,,,
68400,,,,,
68500,1508885035000.0,43.00534982263154,-78.7896689496302,7.071664299999999,322.9942
68600,,,,,
68700,,,,,
68800,,,,,
68900,,,,,
69000,,,,,
69100,,,,,
69200,,,,,
69300,,,,,
69400,1508885036000.0,43.00540308209789,-78.7897365560997,8.547292,313.21545
69500,,,,,
69600,,,,,
69700,,,,,
69800,,,,,
69900,,,,,
70000,,,,,
70100,,,,,
70200,,,,,
70300,,,,,
70400,1508885037000.0,43.005449502096376,-78.78982027545081,8.5206,302.87704
70500,,,,,
70600,,,,,
70700,,,,,
70800,,,,,
70900,,,,,
71000,,,,,
71100,,,,,
71200,,,,,
71300,,,,,
71400,1508885038000.0,43.00548360026259,-78.78992334009214,9.686543,288.45465
71500,,,,,
71600,,,,,
71700,,,,,
71800,,,,,
71900,,,,,
72000,,,,,
72100,,,,,
72200,,,,,
72300,,,,,
72400,1508885039000.0,43.00549973707711,-78.79005543140302,11.617202,274.67453
72500,,,,,
72600,,,,,
72700,,,,,
72800,,,,,
72900,,,,,
73000,,,,,
73100,,,,,
73200,,,,,
73300,,,,,
73400,1508885040000.0,43.00550191071257,-78.79021061315636,12.821309,268.65143
73500,,,,,
73600,,,,,
73700,,,,,
73800,,,,,
73900,,,,,
74000,,,,,
74100,,,,,
74200,,,,,
74300,,,,,
74400,1508885041000.0,43.005498416273525,-78.79037838279527,13.792297,267.07422
74500,,,,,
74600,,,,,
74700,,,,,
74800,,,,,
74900,,,,,
75000,,,,,
75100,,,,,
75200,,,,,
75300,,,,,
75400,1508885042000.0,43.00549106963053,-78.7905568787912,14.473216,266.8466
75500,,,,,
75600,,,,,
75700,,,,,
75800,,,,,
75900,,,,,
76000,,,,,
76100,,,,,
76200,,,,,
76300,,,,,
76400,1508885043000.0,43.00548441025568,-78.79074092201806,15.21591,268.1034
76500,,,,,
76600,,,,,
76700,,,,,
76800,,,,,
76900,,,,,
77000,,,,,
77100,,,,,
77200,,,,,
77300,,,,,
77400,1508885044000.0,43.00547996791424,-78.79093584705267,15.773431,269.09183
77500,,,,,
77600,,,,,
77700,,,,,
77800,,,,,
77900,,,,,
78000,,,,,
78100,,,,,
78200,,,,,
78300,,,,,
78400,1508885045000.0,43.00548029463457,-78.79113745875587,16.35166,270.78247000000005
78500,,,,,
78600,,,,,
78700,,,,,
78800,,,,,
78900,,,,,
79000,,,,,
79100,,,,,
79200,,,,,
79300,,,,,
79400,1508885046000.0,43.00548379530991,-78.7913458853785,16.887228,271.42264
79500,,,,,
79600,,,,,
79700,,,,,
79800,,,,,
79900,,,,,
80000,,,,,
80100,,,,,
80200,,,,,
80300,,,,,
80400,1508885047000.0,43.00548962248935,-78.79155925585054,17.116377,271.67862
80500,,,,,
80600,,,,,
80700,,,,,
80800,,,,,
80900,,,,,
81000,,,,,
81100,,,,,
81200,,,,,
81300,,,,,
81400,1508885048000.0,43.005495997943285,-78.79177407410756,17.336838,271.46796
81500,,,,,
81600,,,,,
81700,,,,,
81800,,,,,
81900,,,,,
82000,,,,,
82100,,,,,
82200,,,,,
82300,,,,,
82400,1508885049000.0,43.005500006819155,-78.79198812429983,17.333579999999998,270.93796000000003
82500,,,,,
82600,,,,,
82700,,,,,
82800,,,,,
82900,,,,,
83000,,,,,
83100,,,,,
83200,,,,,
83300,,,,,
83400,1508885050000.0,43.005502686047336,-78.7922029472163,17.371584,269.98288
83500,,,,,
83600,,,,,
83700,,,,,
83800,,,,,
83900,,,,,
84000,,,,,
84100,,,,,
84200,,,,,
84300,,,,,
84400,1508885051000.0,43.00550165771036,-78.79241906281281,17.657003,268.98206
84500,,,,,
84600,,,,,
84700,,,,,
84800,,,,,
84900,,,,,
85000,,,,,
85100,,,,,
85200,,,,,
85300,,,,,
85400,1508885052000.0,43.00549649441202,-78.79263690495856,17.594662,266.86447000000004
85500,,,,,
85600,,,,,
85700,,,,,
85800,,,,,
85900,,,,,
86000,,,,,
86100,,,,,
86200,,,,,
86300,,,,,
86400,1508885053000.0,43.00548564256298,-78.79285396990369,17.487856,264.50638
86500,,,,,
86600,,,,,
86700,,,,,
86800,,,,,
86900,,,,,
87000,,,,,
87100,,,,,
87200,,,,,
87300,,,,,
87400,1508885054000.0,43.005475878624075,-78.79307235427737,17.797714000000006,266.77374
87500,,,,,
87600,,,,,
87700,,,,,
87800,,,,,
87900,,,,,
88000,,,,,
88100,,,,,
88200,,,,,
88300,,,,,
88400,1508885055000.0,43.005463423052795,-78.79329224858255,17.545707999999998,263.8151
88500,,,,,
88600,,,,,
88700,,,,,
88800,,,,,
88900,,,,,
89000,,,,,
89100,,,,,
89200,,,,,
89300,,,,,
89400,1508885056000.0,43.00544068856249,-78.79351256095066,17.536459,260.4298
89500,,,,,
89600,,,,,
89700,,,,,
89800,,,,,
89900,,,,,
90000,,,,,
90100,,,,,
90200,,,,,
90300,,,,,
90400,1508885057000.0,43.00541248227843,-78.79373072927801,17.614147,259.00055
90500,,,,,
90600,,,,,
90700,,,,,
90800,,,,,
90900,,,,,
91000,,,,,
91100,,,,,
91200,,,,,
91300,,,,,
91400,1508885058000.0,43.00537708327006,-78.79394687220311,17.799715,256.30707
91500,,,,,
91600,,,,,
91700,,,,,
91800,,,,,
91900,,,,,
92000,,,,,
92100,,,,,
92200,,,,,
92300,,,,,
92400,1508885059000.0,43.00533511092175,-78.79416003502573,17.861073,253.69409
92500,,,,,
92600,,,,,
92700,,,,,
92800,,,,,
92900,,,,,
93000,,,,,
93100,,,,,
93200,,,,,
93300,,,,,
93400,1508885060000.0,43.00528495486354,-78.79437516110895,18.040201,251.77876
93500,,,,,
93600,,,,,
93700,,,,,
93800,,,,,
93900,,,,,
94000,,,,,
94100,,,,,
94200,,,,,
94300,,,,,
94400,1508885061000.0,43.00522694712614,-78.79458732754746,18.208921,249.67227000000003
94500,,,,,
94600,,,,,
94700,,,,,
94800,,,,,
94900,,,,,
95000,,,,,
95100,,,,,
95200,,,,,
95300,,,,,
95400,1508885062000.0,43.00516260783309,-78.79479867108225,18.3548,248.57957
95500,,,,,
95600,,,,,
95700,,,,,
95800,,,,,
95900,,,,,
96000,,,,,
96100,,,,,
96200,,,,,
96300,,,,,
96400,,,,,
96500,1508885063000.0,43.00509201426676,-78.79500738379956,18.500338,245.96017
96600,,,,,
96700,,,,,
96800,,,,,
96900,,,,,
97000,,,,,
97100,,,,,
97200,,,,,
97300,,,,,
97400,1508885064000.0,43.00501254805993,-78.79521262142909,18.669525,241.55438
97500,,,,,
97600,,,,,
97700,,,,,
97800,,,,,
97900,,,,,
98000,,,,,
98100,,,,,
98200,,,,,
98300,,,,,
98400,1508885065000.0,43.004923169279785,-78.79541258860006,19.129707,238.04065
98500,,,,,
98600,,,,,
98700,,,,,
98800,,,,,
98900,,,,,
99000,,,,,
99100,,,,,
99200,,,,,
99300,,,,,
99400,1508885066000.0,43.00482417416896,-78.79560943419729,19.47483,235.13588
99500,,,,,
99600,,,,,
99700,,,,,
99800,,,,,
99900,,,,,
100000,,,,,
100100,,,,,
100200,,,,,
100300,,,,,
100400,1508885067000.0,43.00471548121949,-78.79580071828588,19.620384,231.90941
100500,,,,,
100600,,,,,
100700,,,,,
100800,,,,,
100900,,,,,
101000,,,,,
101100,,,,,
101200,,,,,
101300,,,,,
101400,1508885068000.0,43.004597526096745,-78.79598405230008,19.974236,228.33418
101500,,,,,
101600,,,,,
101700,,,,,
101800,,,,,
101900,,,,,
102000,,,,,
102100,,,,,
102200,,,,,
102300,,,,,
102400,1508885069000.0,43.00447166556796,-78.79615873779926,19.976015,224.4372
102500,,,,,
102600,,,,,
102700,,,,,
102800,,,,,
102900,,,,,
103000,,,,,
103100,,,,,
103200,,,,,
103300,,,,,
103400,1508885070000.0,43.00433609607994,-78.79632014893733,19.67421,220.1052
103500,,,,,
103600,,,,,
103700,,,,,
103800,,,,,
103900,,,,,
104000,,,,,
104100,,,,,
104200,,,,,
104300,,,,,
104400,1508885071000.0,43.00418815598825,-78.79646996380633,20.486027,216.65045
104500,,,,,
104600,,,,,
104700,,,,,
104800,,,,,
104900,,,,,
105000,,,,,
105100,,,,,
105200,,,,,
105300,,,,,
105400,1508885072000.0,43.004031857502156,-78.79660210079305,19.55245,211.87672
105500,,,,,
105600,,,,,
105700,,,,,
105800,,,,,
105900,,,,,
106000,,,,,
106100,,,,,
106200,,,,,
106300,,,,,
106400,1508885073000.0,43.003878829309215,-78.79671853503412,18.88887,208.7237
106500,,,,,
106600,,,,,
106700,,,,,
106800,,,,,
106900,,,,,
107000,,,,,
107100,,,,,
107200,,,,,
107300,,,,,
107400,1508885074000.0,43.00372204089089,-78.79682063533362,18.915848,205.81633
107500,,,,,
107600,,,,,
107700,,,,,
107800,,,,,
107900,,,,,
108000,,,,,
108100,,,,,
108200,,,,,
108300,,,,,
108400,1508885075000.0,43.00356268193429,-78.79690976941453,19.104029,202.0179
108500,,,,,
108600,,,,,
108700,,,,,
108800,,,,,
108900,,,,,
109000,,,,,
109100,,,,,
109200,,,,,
109300,,,,,
109400,1508885076000.0,43.00340146678149,-78.79698517529349,18.982021,198.57605
109500,,,,,
109600,,,,,
109700,,,,,
109800,,,,,
109900,,,,,
110000,,,,,
110100,,,,,
110200,,,,,
110300,,,,,
110400,1508885077000.0,43.00323879150061,-78.79704832601549,18.817177,194.84273
110500,,,,,
110600,,,,,
110700,,,,,
110800,,,,,
110900,,,,,
111000,,,,,
111100,,,,,
111200,,,,,
111300,,,,,
111400,1508885078000.0,43.003075079694355,-78.79709611049826,18.726461,190.73447
111500,,,,,
111600,,,,,
111700,,,,,
111800,,,,,
111900,,,,,
112000,,,,,
112100,,,,,
112200,,,,,
112300,,,,,
112400,1508885079000.0,43.00291198022027,-78.79712795987238,18.604984,187.18433
112500,,,,,
112600,,,,,
112700,,,,,
112800,,,,,
112900,,,,,
113000,,,,,
113100,,,,,
113200,,,,,
113300,,,,,
113400,1508885080000.0,43.00275019700789,-78.79714559945683,18.456446,183.49394
113500,,,,,
113600,,,,,
113700,,,,,
113800,,,,,
113900,,,,,
114000,,,,,
114100,,,,,
114200,,,,,
114300,,,,,
114400,1508885081000.0,43.00259145292777,-78.79714907674587,18.518488,179.79369
114500,,,,,
114600,,,,,
114700,,,,,
114800,,,,,
114900,,,,,
115000,,,,,
115100,,,,,
115200,,,,,
115300,,,,,
115400,1508885082000.0,43.00242916188848,-78.79714022600525,18.390278,177.35158
115500,,,,,
115600,,,,,
115700,,,,,
115800,,,,,
115900,,,,,
116000,,,,,
116100,,,,,
116200,,,,,
116300,,,,,
116400,1508885083000.0,43.002266958244725,-78.79712467505959,18.020176,175.46129
116500,,,,,
116600,,,,,
116700,,,,,
116800,,,,,
116900,,,,,
117000,,,,,
117100,,,,,
117200,,,,,
117300,,,,,
117400,1508885084000.0,43.002105821196025,-78.79710547002476,18.103392000000003,175.14565
117500,,,,,
117600,,,,,
117700,,,,,
117800,,,,,
117900,,,,,
118000,,,,,
118100,,,,,
118200,,,,,
118300,,,,,
118400,1508885085000.0,43.00194222936244,-78.79708515530164,18.295809,174.97705
118500,,,,,
118600,,,,,
118700,,,,,
118800,,,,,
118900,,,,,
119000,,,,,
119100,,,,,
119200,,,,,
119300,,,,,
119400,1508885086000.0,43.001778885637094,-78.79706824926275,18.125368,176.40081999999995
119500,,,,,
119600,,,,,
119700,,,,,
119800,,,,,
119900,,,,,
120000,,,,,
120100,,,,,
120200,,,,,
120300,,,,,
120400,1508885087000.0,43.001616680310576,-78.79705444843458,18.125788,176.12735
120500,,,,,
120600,,,,,
120700,,,,,
120800,,,,,
120900,,,,,
121000,,,,,
121100,,,,,
121200,,,,,
121300,,,,,
121400,1508885088000.0,43.00145751112871,-78.79704579027288,17.561567,178.85568
121500,,,,,
121600,,,,,
121700,,,,,
121800,,,,,
121900,,,,,
122000,,,,,
122100,,,,,
122200,,,,,
122300,,,,,
122400,1508885089000.0,43.00129985510471,-78.7970425818576,17.420626000000002,179.38837
122500,,,,,
122600,,,,,
122700,,,,,
122800,,,,,
122900,,,,,
123000,,,,,
123100,,,,,
123200,,,,,
123300,,,,,
123400,1508885090000.0,43.001144417796546,-78.79703748125766,17.091972,177.81235
123500,,,,,
123600,,,,,
123700,,,,,
123800,,,,,
123900,,,,,
124000,,,,,
124100,,,,,
124200,,,,,
124300,,,,,
124400,1508885091000.0,43.000994156078825,-78.797034206321,16.334532,180.14566
124500,,,,,
124600,,,,,
124700,,,,,
124800,,,,,
124900,,,,,
125000,,,,,
125100,,,,,
125200,,,,,
125300,,,,,
125400,1508885092000.0,43.00085093488817,-78.7970360822723,15.539347,180.02225
125500,,,,,
125600,,,,,
125700,,,,,
125800,,,,,
125900,,,,,
126000,,,,,
126100,,,,,
126200,,,,,
126300,,,,,
126400,1508885093000.0,43.00072135761727,-78.79703840589495,13.696754,180.61536
126500,,,,,
126600,,,,,
126700,,,,,
126800,,,,,
126900,,,,,
127000,,,,,
127100,,,,,
127200,,,,,
127300,,,,,
127400,1508885094000.0,43.00060658698185,-78.79704465197241,12.3868265,182.80118
127500,,,,,
127600,,,,,
127700,,,,,
127800,,,,,
127900,,,,,
128000,,,,,
128100,,,,,
128200,,,,,
128300,,,,,
128400,1508885095000.0,43.00050419209423,-78.79705341382989,10.893917,182.92561
128500,,,,,
128600,,,,,
128700,,,,,
128800,,,,,
128900,,,,,
129000,,,,,
129100,,,,,
129200,,,,,
129300,,,,,
129400,1508885096000.0,43.000413994967715,-78.79705930512108,9.750057,181.40906
129500,,,,,
129600,,,,,
129700,,,,,
129800,,,,,
129900,,,,,
130000,,,,,
130100,,,,,
130200,,,,,
130300,,,,,
130400,1508885097000.0,43.00033472187428,-78.79706385069727,8.389772,181.79204
130500,,,,,
130600,,,,,
130700,,,,,
130800,,,,,
130900,,,,,
131000,,,,,
131100,,,,,
131200,,,,,
131300,,,,,
131400,1508885098000.0,43.000268540128964,-78.79706843100792,6.599552,181.92232
131500,,,,,
131600,,,,,
131700,,,,,
131800,,,,,
131900,,,,,
132000,,,,,
132100,,,,,
132200,,,,,
132300,,,,,
132400,1508885099000.0,43.00022148938985,-78.79707297385566,4.309886,186.76505
132500,,,,,
132600,,,,,
132700,,,,,
132800,,,,,
132900,,,,,
133000,,,,,
133100,,,,,
133200,,,,,
133300,,,,,
133400,1508885100000.0,43.00019623167615,-78.79708133471266,2.0881515,199.23677
133500,,,,,
133600,,,,,
133700,,,,,
133800,,,,,
133900,,,,,
134000,,,,,
134100,,,,,
134200,,,,,
134300,,,,,
134400,1508885101000.0,43.00018504395566,-78.79708805088694,0.54043275,239.16266
134500,,,,,
134600,,,,,
134700,,,,,
134800,,,,,
134900,,,,,
135000,,,,,
135100,,,,,
135200,,,,,
135300,,,,,
135400,,,,,
135500,,,,,
135600,,,,,
135700,,,,,
135800,,,,,
135900,,,,,
136000,,,,,
136100,,,,,
136200,,,,,
136300,,,,,
136400,,,,,
136500,,,,,
136600,,,,,
136700,,,,,
136800,,,,,
136900,,,,,
137000,,,,,
137100,,,,,
137200,,,,,
137300,,,,,
137400,1508885104000.0,43.000194415101745,-78.79709107555925,0.84277517,329.4971
137500,,,,,
137600,,,,,
137700,,,,,
137800,,,,,
137900,,,,,
138000,,,,,
138100,,,,,
138200,,,,,
138300,,,,,
138400,,,,,
138500,,,,,
138600,,,,,
138700,,,,,
138800,,,,,
138900,,,,,
139000,,,,,
139100,,,,,
139200,,,,,
139300,,,,,
139400,,,,,
139500,,,,,
139600,,,,,
139700,,,,,
139800,,,,,
139900,,,,,
140000,,,,,
140100,,,,,
140200,,,,,
140300,,,,,
140400,,,,,
140500,,,,,
140600,,,,,
140700,,,,,
140800,,,,,
140900,,,,,
141000,,,,,
141100,,,,,
141200,,,,,
141300,,,,,
141400,,,,,
141500,,,,,
141600,,,,,
141700,,,,,
141800,,,,,
141900,,,,,
142000,,,,,
142100,,,,,
142200,,,,,
142300,,,,,
142400,,,,,
142500,,,,,
142600,,,,,
142700,,,,,
142800,,,,,
142900,,,,,
143000,,,,,
143100,,,,,
143200,,,,,
143300,,,,,
143400,,,,,
143500,,,,,
143600,,,,,
143700,,,,,
143800,,,,,
143900,,,,,
144000,,,,,
144100,,,,,
144200,,,,,
144300,,,,,
144400,,,,,
144500,,,,,
144600,,,,,
144700,,,,,
144800,,,,,
144900,,,,,
145000,,,,,
145100,,,,,
145200,,,,,
145300,,,,,
145400,,,,,
145500,,,,,
145600,,,,,
145700,,,,,
145800,,,,,
145900,,,,,
146000,,,,,
146100,,,,,
146200,,,,,
146300,,,,,
146400,,,,,
146500,,,,,
146600,,,,,
146700,,,,,
146800,,,,,
146900,,,,,
147000,,,,,
147100,,,,,
147200,,,,,
147300,,,,,
147400,,,,,
147500,,,,,
147600,,,,,
147700,,,,,
147800,,,,,
147900,,,,,
148000,,,,,
148100,,,,,
148200,,,,,
148300,,,,,
148400,,,,,
148500,,,,,
148600,,,,,
148700,,,,,
148800,,,,,
148900,,,,,
149000,,,,,
149100,,,,,
149200,,,,,
149300,,,,,
149400,,,,,
149500,,,,,
149600,,,,,
149700,,,,,
149800,,,,,
149900,,,,,
150000,,,,,
150100,,,,,
150200,,,,,
150300,,,,,
150400,,,,,
150500,,,,,
150600,,,,,
150700,,,,,
150800,,,,,
150900,,,,,
151000,,,,,
151100,,,,,
151200,,,,,
151300,,,,,
151400,1508885118000.0,43.00016874297877,-78.7971040070809,2.820249,238.52696
151500,,,,,
151600,,,,,
151700,,,,,
151800,,,,,
151900,,,,,
152000,,,,,
152100,,,,,
152200,,,,,
152300,,,,,
152400,1508885119000.0,43.00013929218816,-78.79712700378316,4.370515,213.95625
152500,,,,,
152600,,,,,
152700,,,,,
152800,,,,,
152900,,,,,
153000,,,,,
153100,,,,,
153200,,,,,
153300,,,,,
153400,1508885120000.0,43.00009954987696,-78.79717238756652,6.4764433,226.53789
153500,,,,,
153600,,,,,
153700,,,,,
153800,,,,,
153900,,,,,
154000,,,,,
154100,,,,,
154200,,,,,
154300,,,,,
154400,1508885121000.0,43.00005970533177,-78.79724302745724,7.756456,239.65503
154500,,,,,
154600,,,,,
154700,,,,,
154800,,,,,
154900,,,,,
155000,,,,,
155100,,,,,
155200,,,,,
155300,,,,,
155400,1508885122000.0,43.00002998992968,-78.79732735677527,7.834383,252.53813
155500,,,,,
155600,,,,,
155700,,,,,
155800,,,,,
155900,,,,,
156000,,,,,
156100,,,,,
156200,,,,,
156300,,,,,
156400,1508885123000.0,43.00001695462212,-78.79742619905558,8.914182,263.4266
156500,,,,,
156600,,,,,
156700,,,,,
156800,,,,,
156900,,,,,
157000,,,,,
157100,,,,,
157200,,,,,
157300,,,,,
157400,1508885124000.0,43.00001763157933,-78.79753242616033,9.004187,270.9781
157500,,,,,
157600,,,,,
157700,,,,,
157800,,,,,
157900,,,,,
158000,,,,,
158100,,,,,
158200,,,,,
158300,,,,,
158400,1508885125000.0,43.000023842545005,-78.79763671588536,8.594392,272.72522000000004
158500,,,,,
158600,,,,,
158700,,,,,
158800,,,,,
158900,,,,,
159000,,,,,
159100,,,,,
159200,,,,,
159300,,,,,
159400,1508885126000.0,43.00002916949428,-78.79773320260655,7.5648227,272.45908
159500,,,,,
159600,,,,,
159700,,,,,
159800,,,,,
159900,,,,,
160000,,,,,
160100,,,,,
160200,,,,,
160300,,,,,
160400,1508885127000.0,43.00003469057572,-78.797816948981,6.6974350000000005,274.0816
160500,,,,,
160600,,,,,
160700,,,,,
160800,,,,,
160900,,,,,
161000,,,,,
161100,,,,,
161200,,,,,
161300,,,,,
161400,1508885128000.0,43.000039708536654,-78.797887241116,5.387964,271.8077
161500,,,,,
161600,,,,,
161700,,,,,
161800,,,,,
161900,,,,,
162000,,,,,
162100,,,,,
162200,,,,,
162300,,,,,
162400,1508885129000.0,43.00003564777004,-78.79794836744072,4.9374466,256.19904
162500,,,,,
162600,,,,,
162700,,,,,
162800,,,,,
162900,,,,,
163000,,,,,
163100,,,,,
163200,,,,,
163300,,,,,
163400,1508885130000.0,43.00003703516055,-78.79800602010488,5.5323677,269.9161
163500,,,,,
163600,,,,,
163700,,,,,
163800,,,,,
163900,,,,,
164000,,,,,
164100,,,,,
164200,,,,,
164300,,,,,
164400,1508885131000.0,43.00004415490545,-78.79807436105703,6.1206584,270.3464
164500,,,,,
164600,,,,,
164700,,,,,
164800,,,,,
164900,,,,,
165000,,,,,
165100,,,,,
165200,,,,,
165300,,,,,
165400,1508885132000.0,43.00004338616221,-78.79815816603451,7.3290515,265.29462
165500,,,,,
165600,,,,,
165700,,,,,
165800,,,,,
165900,,,,,
166000,,,,,
166100,,,,,
166200,,,,,
166300,,,,,
166400,1508885133000.0,43.00003860301086,-78.79825400201672,7.946210400000001,267.80742999999995
166500,,,,,
166600,,,,,
166700,,,,,
166800,,,,,
166900,,,,,
167000,,,,,
167100,,,,,
167200,,,,,
167300,,,,,
167400,1508885134000.0,43.00003567530267,-78.79836082696974,9.042065,268.721
167500,,,,,
167600,,,,,
167700,,,,,
167800,,,,,
167900,,,,,
168000,,,,,
168100,,,,,
168200,,,,,
168300,,,,,
168400,1508885135000.0,43.00003278901247,-78.79847661473545,9.541094,268.6532
168500,,,,,
168600,,,,,
168700,,,,,
168800,,,,,
168900,,,,,
169000,,,,,
169100,,,,,
169200,,,,,
169300,,,,,
169400,1508885136000.0,43.00002715551463,-78.79858925992433,9.09266,262.59818
169500,,,,,
169600,,,,,
169700,,,,,
169800,,,,,
169900,,,,,
170000,,,,,
170100,,,,,
170200,,,,,
170300,,,,,
170400,1508885137000.0,43.000009286362975,-78.79869175076145,7.925055499999999,250.08417000000003
170500,,,,,
170600,,,,,
170700,,,,,
170800,,,,,
170900,,,,,
171000,,,,,
171100,,,,,
171200,,,,,
171300,,,,,
171400,1508885138000.0,42.99996805962578,-78.79877212034026,7.594069500000002,223.89906
171500,,,,,
171600,,,,,
171700,,,,,
171800,,,,,
171900,,,,,
172000,,,,,
172100,,,,,
172200,,,,,
172300,,,,,
172400,1508885139000.0,42.9998929310691,-78.79881998091486,9.289619,194.76099
172500,,,,,
172600,,,,,
172700,,,,,
172800,,,,,
172900,,,,,
173000,,,,,
173100,,,,,
173200,,,,,
173300,,,,,
173400,1508885140000.0,42.99979314180212,-78.79883786219459,10.829904,183.6457
173500,,,,,
173600,,,,,
173700,,,,,
173800,,,,,
173900,,,,,
174000,,,,,
174100,,,,,
174200,,,,,
174300,,,,,
174400,1508885141000.0,42.999676358326575,-78.79883934226515,11.777229,178.06607
174500,,,,,
174600,,,,,
174700,,,,,
174800,,,,,
174900,,,,,
175000,,,,,
175100,,,,,
175200,,,,,
175300,,,,,
175400,1508885142000.0,42.999557994155985,-78.79883457496972,12.645813,177.11498999999995
175500,,,,,
175600,,,,,
175700,,,,,
175800,,,,,
175900,,,,,
176000,,,,,
176100,,,,,
176200,,,,,
176300,,,,,
176400,1508885143000.0,42.99943855421913,-78.79882792801747,12.952405,178.1868
176500,,,,,
176600,,,,,
176700,,,,,
176800,,,,,
176900,,,,,
177000,,,,,
177100,,,,,
177200,,,,,
177300,,,,,
177400,1508885144000.0,42.99931750332224,-78.7988189220863,13.054722,176.83491999999995
177500,,,,,
177600,,,,,
177700,,,,,
177800,,,,,
177900,,,,,
178000,,,,,
178100,,,,,
178200,,,,,
178300,,,,,
178400,1508885145000.0,42.99919377408063,-78.79881156108547,13.682185,178.48344
178500,,,,,
178600,,,,,
178700,,,,,
178800,,,,,
178900,,,,,
179000,,,,,
179100,,,,,
179200,,,,,
179300,,,,,
179400,1508885146000.0,42.99906431435239,-78.79880795749919,14.360708,179.66367
179500,,,,,
179600,,,,,
179700,,,,,
179800,,,,,
179900,,,,,
180000,,,,,
180100,,,,,
180200,,,,,
180300,,,,,
180400,1508885147000.0,42.99893068811733,-78.79880988479101,14.874363,182.05823
180500,,,,,
180600,,,,,
180700,,,,,
180800,,,,,
180900,,,,,
181000,,,,,
181100,,,,,
181200,,,,,
181300,,,,,
181400,1508885148000.0,42.9987935975459,-78.79881524078445,15.010455,182.93015
181500,,,,,
181600,,,,,
181700,,,,,
181800,,,,,
181900,,,,,
182000,,,,,
182100,,,,,
182200,,,,,
182300,,,,,
182400,1508885149000.0,42.99865538833944,-78.79882675167464,15.112692,185.05281
182500,,,,,
182600,,,,,
182700,,,,,
182800,,,,,
182900,,,,,
183000,,,,,
183100,,,,,
183200,,,,,
183300,,,,,
183400,1508885150000.0,42.998517738840725,-78.79884878038631,15.195479,188.88094
183500,,,,,
183600,,,,,
183700,,,,,
183800,,,,,
183900,,,,,
184000,,,,,
184100,,,,,
184200,,,,,
184300,,,,,
184400,1508885151000.0,42.99838082220887,-78.7988832771635,15.472314,192.01968
184500,,,,,
184600,,,,,
184700,,,,,
184800,,,,,
184900,,,,,
185000,,,,,
185100,,,,,
185200,,,,,
185300,,,,,
185400,1508885152000.0,42.99824232756768,-78.79892715385728,15.558270000000002,194.97694
185500,,,,,
185600,,,,,
185700,,,,,
185800,,,,,
185900,,,,,
186000,,,,,
186100,,,,,
186200,,,,,
186300,,,,,
186400,1508885153000.0,42.998106422523676,-78.79898239577166,15.593234,197.45467
186500,,,,,
186600,,,,,
186700,,,,,
186800,,,,,
186900,,,,,
187000,,,,,
187100,,,,,
187200,,,,,
187300,,,,,
187400,1508885154000.0,42.9979695676908,-78.79904564942552,16.05896,199.53609
187500,,,,,
187600,,,,,
187700,,,,,
187800,,,,,
187900,,,,,
188000,,,,,
188100,,,,,
188200,,,,,
188300,,,,,
188400,1508885155000.0,42.9978344815792,-78.79911333880283,15.636126,200.7639
188500,,,,,
188600,,,,,
188700,,,,,
188800,,,,,
188900,,,,,
189000,,,,,
189100,,,,,
189200,,,,,
189300,,,,,
189400,1508885156000.0,42.99770717388142,-78.79918297451867,14.442568,202.87099
189500,,,,,
189600,,,,,
189700,,,,,
189800,,,,,
189900,,,,,
190000,,,,,
190100,,,,,
190200,,,,,
190300,,,,,
190400,1508885157000.0,42.99759096876773,-78.7992543284284,13.264579,206.14233
190500,,,,,
190600,,,,,
190700,,,,,
190800,,,,,
190900,,,,,
191000,,,,,
191100,,,,,
191200,,,,,
191300,,,,,
191400,1508885158000.0,42.997486105458066,-78.7993270332148,12.499881,208.88983
191500,,,,,
191600,,,,,
191700,,,,,
191800,,,,,
191900,,,,,
192000,,,,,
192100,,,,,
192200,,,,,
192300,,,,,
192400,1508885159000.0,42.99738905705547,-78.79940618408955,12.530328,211.98055
192500,,,,,
192600,,,,,
192700,,,,,
192800,,,,,
192900,,,,,
193000,,,,,
193100,,,,,
193200,,,,,
193300,,,,,
193400,1508885160000.0,42.99729603215079,-78.79949014804677,12.377134,213.60773
193500,,,,,
193600,,,,,
193700,,,,,
193800,,,,,
193900,,,,,
194000,,,,,
194100,,,,,
194200,,,,,
194300,,,,,
194400,1508885161000.0,42.9972057761057,-78.79957992387399,12.399652,216.19127000000003
194500,,,,,
194600,,,,,
194700,,,,,
194800,,,,,
194900,,,,,
195000,,,,,
195100,,,,,
195200,,,,,
195300,,,,,
195400,1508885162000.0,42.99711592013937,-78.79967240226306,12.627332,215.73494
195500,,,,,
195600,,,,,
195700,,,,,
195800,,,,,
195900,,,,,
196000,,,,,
196100,,,,,
196200,,,,,
196300,,,,,
196400,1508885163000.0,42.99702982444073,-78.79976193997929,11.5338335,217.62221
196500,,,,,
196600,,,,,
196700,,,,,
196800,,,,,
196900,,,,,
197000,,,,,
197100,,,,,
197200,,,,,
197300,,,,,
197400,1508885164000.0,42.99695090334667,-78.79984817812118,10.863586,218.45383
197500,,,,,
197600,,,,,
197700,,,,,
197800,,,,,
197900,,,,,
198000,,,,,
198100,,,,,
198200,,,,,
198300,,,,,
198400,1508885165000.0,42.99688482595643,-78.79992227708712,8.599965,218.90546
198500,,,,,
198600,,,,,
198700,,,,,
198800,,,,,
198900,,,,,
199000,,,,,
199100,,,,,
199200,,,,,
199300,,,,,
199400,1508885166000.0,42.99683440810808,-78.79998016177981,6.40732,221.24086
199500,,,,,
199600,,,,,
199700,,,,,
199800,,,,,
199900,,,,,
200000,,,,,
200100,,,,,
200200,,,,,
200300,,,,,
200400,1508885167000.0,42.99680635855685,-78.80002596598882,4.059218,242.22148
200500,,,,,
200600,,,,,
200700,,,,,
200800,,,,,
200900,,,,,
201000,,,,,
201100,,,,,
201200,,,,,
201300,,,,,
201400,1508885168000.0,42.99679966846925,-78.80006261397826,3.1501415,263.80048
201500,,,,,
201600,,,,,
201700,,,,,
201800,,,,,
201900,,,,,
202000,,,,,
202100,,,,,
202200,,,,,
202300,,,,,
202400,1508885169000.0,42.99681478089443,-78.80009619656313,3.394182,302.8198
202500,,,,,
202600,,,,,
202700,,,,,
202800,,,,,
202900,,,,,
203000,,,,,
203100,,,,,
203200,,,,,
203300,,,,,
203400,1508885170000.0,42.99684277168119,-78.80012405382034,3.9190447,318.50336
203500,,,,,
203600,,,,,
203700,,,,,
203800,,,,,
203900,,,,,
204000,,,,,
204100,,,,,
204200,,,,,
204300,,,,,
204400,1508885171000.0,42.99687981044085,-78.80014270730601,3.5054788999999995,332.61063
204500,,,,,
204600,,,,,
204700,,,,,
204800,,,,,
204900,,,,,
205000,,,,,
205100,,,,,
205200,,,,,
205300,,,,,
205400,1508885172000.0,42.99691331539128,-78.80015087198656,3.1149678,354.95688
205500,,,,,
205600,,,,,
205700,,,,,
205800,,,,,
205900,,,,,
206000,,,,,
206100,,,,,
206200,,,,,
206300,,,,,
206400,1508885173000.0,42.99695347169725,-78.8001532460982,3.3279767,354.4642
206500,,,,,
206600,,,,,
206700,,,,,
206800,,,,,
206900,,,,,
207000,,,,,
207100,,,,,
207200,,,,,
207300,,,,,
207400,1508885174000.0,42.99699367424881,-78.80015237071551,3.5109510000000004,4.881394
207500,,,,,
207600,,,,,
207700,,,,,
207800,,,,,
207900,,,,,
208000,,,,,
208100,,,,,
208200,,,,,
208300,,,,,
208400,1508885175000.0,42.99703088337058,-78.80014998994055,3.3183665,0.616861
208500,,,,,
208600,,,,,
208700,,,,,
208800,,,,,
208900,,,,,
209000,,,,,
209100,,,,,
209200,,,,,
209300,,,,,
209400,1508885176000.0,42.99706174162297,-78.80015520538925,2.6444886000000003,338.5395
209500,,,,,
209600,,,,,
209700,,,,,
209800,,,,,
209900,,,,,
210000,,,,,
210100,,,,,
210200,,,,,
210300,,,,,
210400,1508885177000.0,42.997083023971605,-78.80017243393004,2.4015431,296.86298
210500,,,,,
210600,,,,,
210700,,,,,
210800,,,,,
210900,,,,,
211000,,,,,
211100,,,,,
211200,,,,,
211300,,,,,
211400,1508885178000.0,42.9970919731521,-78.80019915122114,2.4406054,275.6625
211500,,,,,
211600,,,,,
211700,,,,,
211800,,,,,
211900,,,,,
212000,,,,,
212100,,,,,
212200,,,,,
212300,,,,,
212400,1508885179000.0,42.9970922965133,-78.80023420749139,2.8844671,263.25964
212500,,,,,
212600,,,,,
212700,,,,,
212800,,,,,
212900,,,,,
213000,,,,,
213100,,,,,
213200,,,,,
213300,,,,,
213400,1508885180000.0,42.997091923566884,-78.80027829082933,3.4386225,263.58463
213500,,,,,
213600,,,,,
213700,,,,,
213800,,,,,
213900,,,,,
214000,,,,,
214100,,,,,
214200,,,,,
214300,,,,,
214400,1508885181000.0,42.997095394793746,-78.80032646368292,3.4610078,282.82913
214500,,,,,
214600,,,,,
214700,,,,,
214800,,,,,
214900,,,,,
215000,,,,,
215100,,,,,
215200,,,,,
215300,,,,,
215400,1508885182000.0,42.99710221978782,-78.80037586475557,4.2312584000000015,273.6287
215500,,,,,
215600,,,,,
215700,,,,,
215800,,,,,
215900,,,,,
216000,,,,,
216100,,,,,
216200,,,,,
216300,,,,,
216400,1508885183000.0,42.997108160322774,-78.80043132572395,4.381164599999999,271.92532
216500,,,,,
216600,,,,,
216700,,,,,
216800,,,,,
216900,,,,,
217000,,,,,
217100,,,,,
217200,,,,,
217300,,,,,
217400,1508885184000.0,42.99711372088413,-78.80048236764512,3.8600216,272.97812000000005
217500,,,,,
217600,,,,,
217700,,,,,
217800,,,,,
217900,,,,,
218000,,,,,
218100,,,,,
218200,,,,,
218300,,,,,
218400,1508885185000.0,42.99711276381258,-78.80052350331867,2.9240968,259.17935
218500,,,,,
218600,,,,,
218700,,,,,
218800,,,,,
218900,,,,,
219000,,,,,
219100,,,,,
219200,,,,,
219300,,,,,
219400,1508885186000.0,42.997104227894965,-78.80055419696261,2.5054653,235.5173
219500,,,,,
219600,,,,,
219700,,,,,
219800,,,,,
219900,,,,,
220000,,,,,
220100,,,,,
220200,,,,,
220300,,,,,
220400,1508885187000.0,42.99709416809685,-78.80057707479583,1.9499605,248.49518
220500,,,,,
220600,,,,,
220700,,,,,
220800,,,,,
220900,,,,,
221000,,,,,
221100,,,,,
221200,,,,,
221300,,,,,
221400,1508885188000.0,42.99708765694872,-78.80060022408531,2.1314604,258.53946
221500,,,,,
221600,,,,,
221700,,,,,
221800,,,,,
221900,,,,,
222000,,,,,
222100,,,,,
222200,,,,,
222300,,,,,
222400,1508885189000.0,42.9970872494277,-78.80063035298052,2.5369775000000003,269.4086
222500,,,,,
222600,,,,,
222700,,,,,
222800,,,,,
222900,,,,,
223000,,,,,
223100,,,,,
223200,,,,,
223300,,,,,
223400,1508885190000.0,42.99709319455759,-78.80066392794976,2.7788322,276.4563
223500,,,,,
223600,,,,,
223700,,,,,
223800,,,,,
223900,,,,,
224000,,,,,
224100,,,,,
224200,,,,,
224300,,,,,
224400,1508885191000.0,42.99710065857215,-78.80069936583325,2.904042,281.547
224500,,,,,
224600,,,,,
224700,,,,,
224800,,,,,
224900,,,,,
225000,,,,,
225100,,,,,
225200,,,,,
225300,,,,,
225400,1508885192000.0,42.99710751530926,-78.80073146345836,2.7194138,282.86325
225500,,,,,
225600,,,,,
225700,,,,,
225800,,,,,
225900,,,,,
226000,,,,,
226100,,,,,
226200,,,,,
226300,,,,,
226400,1508885193000.0,42.997107107857005,-78.80076510391655,2.545632,278.7175
226500,,,,,
226600,,,,,
226700,,,,,
226800,,,,,
226900,,,,,
227000,,,,,
227100,,,,,
227200,,,,,
227300,,,,,
227400,1508885194000.0,42.997102135932245,-78.8008003914997,2.4516904,272.81458
227500,,,,,
227600,,,,,
227700,,,,,
227800,,,,,
227900,,,,,
228000,,,,,
228100,,,,,
228200,,,,,
228300,,,,,
228400,1508885195000.0,42.99710205234524,-78.8008291271517,2.1165392000000005,271.19464
228500,,,,,
228600,,,,,
228700,,,,,
228800,,,,,
228900,,,,,
229000,,,,,
229100,,,,,
229200,,,,,
229300,,,,,
229400,1508885196000.0,42.99708809873413,-78.80085437098505,1.7694168,248.23712
229500,,,,,
229600,,,,,
229700,,,,,
229800,,,,,
229900,,,,,
230000,,,,,
230100,,,,,
230200,,,,,
230300,,,,,
230400,1508885197000.0,42.997076706355664,-78.80087706084518,1.9092587,245.58646
230500,,,,,
230600,,,,,
230700,,,,,
230800,,,,,
230900,,,,,
231000,,,,,
231100,,,,,
231200,,,,,
231300,,,,,
231400,1508885198000.0,42.99707178068062,-78.80090610969995,2.7108521,264.27762
231500,,,,,
231600,,,,,
231700,,,,,
231800,,,,,
231900,,,,,
232000,,,,,
232100,,,,,
232200,,,,,
232300,,,,,
232400,1508885199000.0,42.99707107304075,-78.80095056532281,3.6632364,276.2107
232500,,,,,
232600,,,,,
232700,,,,,
232800,,,,,
232900,,,,,
233000,,,,,
233100,,,,,
233200,,,,,
233300,,,,,
233400,1508885200000.0,42.997072211610295,-78.80100427034961,3.66694,284.2245
233500,,,,,
233600,,,,,
233700,,,,,
233800,,,,,
233900,,,,,
234000,,,,,
234100,,,,,
234200,,,,,
234300,,,,,
234400,1508885201000.0,42.997072848646745,-78.8010558122632,3.8083558,274.19315
234500,,,,,
234600,,,,,
234700,,,,,
234800,,,,,
234900,,,,,
235000,,,,,
235100,,,,,
235200,,,,,
235300,,,,,
235400,1508885202000.0,42.99707133751362,-78.80110845705336,3.125355,276.6707
235500,,,,,
235600,,,,,
235700,,,,,
235800,,,,,
235900,,,,,
236000,,,,,
236100,,,,,
236200,,,,,
236300,,,,,
236400,1508885203000.0,42.99706835764592,-78.8011554519223,2.7425525,267.56528
236500,,,,,
236600,,,,,
236700,,,,,
236800,,,,,
236900,,,,,
237000,,,,,
237100,,,,,
237200,,,,,
237300,,,,,
237400,1508885204000.0,42.99705841768776,-78.80118792941599,1.8981942,235.71233
237500,,,,,
237600,,,,,
237700,,,,,
237800,,,,,
237900,,,,,
238000,,,,,
238100,,,,,
238200,,,,,
238300,,,,,
238400,1508885205000.0,42.99704787678358,-78.8012068393813,1.2370812,203.37102
238500,,,,,
238600,,,,,
238700,,,,,
238800,,,,,
238900,,,,,
239000,,,,,
239100,,,,,
239200,,,,,
239300,,,,,
239400,1508885206000.0,42.99704355839304,-78.80122298552057,0.0,281.68552
239500,,,,,
239600,,,,,
239700,,,,,
239800,,,,,
239900,,,,,
240000,,,,,
240100,,,,,
240200,,,,,
240300,,,,,
240400,,,,,
240500,,,,,
240600,,,,,
240700,,,,,
240800,,,,,
240900,,,,,
241000,,,,,
241100,,,,,
241200,,,,,
241300,,,,,
241400,,,,,
241500,,,,,
241600,,,,,
241700,,,,,
241800,,,,,
241900,,,,,
242000,,,,,
242100,,,,,
242200,,,,,
242300,,,,,
242400,,,,,
242500,,,,,
242600,,,,,
242700,,,,,
242800,,,,,
242900,,,,,
243000,,,,,
243100,,,,,
243200,,,,,
243300,,,,,
243400,,,,,
243500,,,,,
243600,,,,,
243700,,,,,
243800,,,,,
243900,,,,,
244000,,,,,
244100,,,,,
244200,,,,,
244300,,,,,
244400,1508885211000.0,42.997057370442846,-78.8012168303581,1.241794,163.90445
244500,,,,,
244600,,,,,
244700,,,,,
244800,,,,,
244900,,,,,
245000,,,,,
245100,,,,,
245200,,,,,
245300,,,,,
245400,,,,,
245500,,,,,
245600,,,,,
245700,,,,,
245800,,,,,
245900,,,,,
246000,,,,,
246100,,,,,
246200,,,,,
246300,,,,,
246400,1508885213000.0,42.99706591366749,-78.8012027447355,0.0,69.02794
246500,,,,,
246600,,,,,
246700,,,,,
246800,,,,,
246900,,,,,
247000,,,,,
247100,,,,,
247200,,,,,
247300,,,,,
247400,,,,,
247500,,,,,
247600,,,,,
247700,,,,,
247800,,,,,
247900,,,,,
248000,,,,,
248100,,,,,
248200,,,,,
248300,,,,,
248400,,,,,
248500,,,,,
248600,,,,,
248700,,,,,
248800,,,,,
248900,,,,,
249000,,,,,
249100,,,,,
249200,,,,,
249300,,,,,
249400,,,,,
249500,,,,,
249600,,,,,
249700,,,,,
249800,,,,,
249900,,,,,
250000,,,,,
250100,,,,,
250200,,,,,
250300,,,,,
250400,1508885217000.0,42.997047400845204,-78.80119895320597,1.9432545,145.09067
250500,,,,,
250600,,,,,
250700,,,,,
250800,,,,,
250900,,,,,
251000,,,,,
251100,,,,,
251200,,,,,
251300,,,,,
251400,1508885218000.0,42.99703017820176,-78.80120577626549,1.9969492,145.09067
251500,,,,,
251600,,,,,
251700,,,,,
251800,,,,,
251900,,,,,
252000,,,,,
252100,,,,,
252200,,,,,
252300,,,,,
252400,1508885219000.0,42.99700416589589,-78.8012224077257,3.3233755,170.9971
252500,,,,,
252600,,,,,
252700,,,,,
252800,,,,,
252900,,,,,
253000,,,,,
253100,,,,,
253200,,,,,
253300,,,,,
253400,1508885220000.0,42.99697324529066,-78.80123746900736,3.171866,181.3998
253500,,,,,
253600,,,,,
253700,,,,,
253800,,,,,
253900,,,,,
254000,,,,,
254100,,,,,
254200,,,,,
254300,,,,,
254400,1508885221000.0,42.99694403556673,-78.80124147203986,2.383586,166.12599999999995
254500,,,,,
254600,,,,,
254700,,,,,
254800,,,,,
254900,,,,,
255000,,,,,
255100,,,,,
255200,,,,,
255300,,,,,
255400,1508885222000.0,42.99692187909855,-78.80123727702632,2.2288709,144.20935
255500,,,,,
255600,,,,,
255700,,,,,
255800,,,,,
255900,,,,,
256000,,,,,
256100,,,,,
256200,,,,,
256300,,,,,
256400,1508885223000.0,42.996912263999434,-78.80122279826003,1.703041,124.26703
256500,,,,,
256600,,,,,
256700,,,,,
256800,,,,,
256900,,,,,
257000,,,,,
257100,,,,,
257200,,,,,
257300,,,,,
257400,1508885224000.0,42.996904596436615,-78.80120736664875,2.451263,95.64988
257500,,,,,
257600,,,,,
257700,,,,,
257800,,,,,
257900,,,,,
258000,,,,,
258100,,,,,
258200,,,,,
258300,,,,,
258400,1508885225000.0,42.996898828366575,-78.80118199208903,2.444279,88.19917
258500,,,,,
258600,,,,,
258700,,,,,
258800,,,,,
258900,,,,,
259000,,,,,
259100,,,,,
259200,,,,,
259300,,,,,
259400,1508885226000.0,42.996894645050304,-78.8011552364392,2.4669645,81.82064
259500,,,,,
259600,,,,,
259700,,,,,
259800,,,,,
259900,,,,,
260000,,,,,
260100,,,,,
260200,,,,,
260300,,,,,
260400,1508885227000.0,42.99689011486501,-78.80112466902169,2.6601787,87.444435
260500,,,,,
260600,,,,,
260700,,,,,
260800,,,,,
260900,,,,,
261000,,,,,
261100,,,,,
261200,,,,,
261300,,,,,
261400,1508885228000.0,42.9968878889099,-78.80108874875543,2.4641085,88.88843
261500,,,,,
261600,,,,,
261700,,,,,
261800,,,,,
261900,,,,,
262000,,,,,
262100,,,,,
262200,,,,,
262300,,,,,
262400,1508885229000.0,42.996888080982295,-78.80105378113826,2.1203654,86.691376
262500,,,,,
262600,,,,,
262700,,,,,
262800,,,,,
262900,,,,,
263000,,,,,
263100,,,,,
263200,,,,,
263300,,,,,
263400,1508885230000.0,42.99688472893017,-78.80102280020591,2.0336885,98.08899
263500,,,,,
263600,,,,,
263700,,,,,
263800,,,,,
263900,,,,,
264000,,,,,
264100,,,,,
264200,,,,,
264300,,,,,
264400,1508885231000.0,42.9968848014894,-78.80099713542864,1.2416276000000002,77.40361
264500,,,,,
264600,,,,,
264700,,,,,
264800,,,,,
264900,,,,,
265000,,,,,
265100,,,,,
265200,,,,,
265300,,,,,
265400,1508885232000.0,42.996889360832434,-78.80097631900941,1.0649718,50.129063
265500,,,,,
265600,,,,,
265700,,,,,
265800,,,,,
265900,,,,,
266000,,,,,
266100,,,,,
266200,,,,,
266300,,,,,
266400,1508885233000.0,42.99690059610101,-78.80096107033859,1.233268,22.898205
266500,,,,,
266600,,,,,
266700,,,,,
266800,,,,,
266900,,,,,
267000,,,,,
267100,,,,,
267200,,,,,
267300,,,,,
267400,1508885234000.0,42.996911634443556,-78.80095781694031,1.1144979,339.23773
267500,,,,,
267600,,,,,
267700,,,,,
267800,,,,,
267900,,,,,
268000,,,,,
268100,,,,,
268200,,,,,
268300,,,,,
268400,1508885235000.0,42.99692322440745,-78.80095920917931,1.0049928,351.80707
268500,,,,,
268600,,,,,
268700,,,,,
268800,,,,,
268900,,,,,
269000,,,,,
269100,,,,,
269200,,,,,
269300,,,,,
269400,1508885236000.0,42.99693494927142,-78.80095751250137,1.0736893,350.0916
269500,,,,,
269600,,,,,
269700,,,,,
269800,,,,,
269900,,,,,
270000,,,,,
270100,,,,,
270200,,,,,
270300,,,,,
270400,1508885237000.0,42.99694525726388,-78.80095563175755,0.76731956,357.41605
