timestamp,system_time,lat,lon,speed,bearing
1508884971770.0,5200,43.003698169815976,-78.78828945163556,0.13122922,0.0
1508884975000.0,8200,43.003705634177656,-78.78828084083995,0.22600370000000006,0.0
1508884976000.0,9400,43.00370911119333,-78.7882933917011,0.071540006,0.0
1508884979000.0,12400,43.00369636498451,-78.78827071924566,0.6793967,0.0
1508884980000.0,13400,43.003685134417886,-78.78825569521624,0.9019711,0.0
1508884981000.0,14400,43.00370523889272,-78.78824600788795,1.1920667,357.79254
1508884982000.0,15400,43.003726138788785,-78.78824456947686,1.423384,12.112755
1508884983000.0,16400,43.0037435870209,-78.78825166355685,1.1525319,327.3423200000001
1508884984000.0,17400,43.00375954785464,-78.78826118616429,1.3657763,328.2044
1508884985000.0,18400,43.003773708744404,-78.78827241333508,1.2894968999999998,302.65533
1508884986000.0,19400,43.003786510725504,-78.78829355183738,2.29453,272.70184
1508884987000.0,20400,43.00379401603399,-78.78833223057906,3.6943953,276.3529
1508884988000.0,21400,43.003804829821526,-78.78839215711967,5.536249,275.11987
1508884989000.0,22400,43.00382021214217,-78.78846529595909,6.6117673,272.43317
1508884990000.0,23400,43.003834845411156,-78.78854653450671,7.3908644,271.84164
1508884991000.0,24400,43.00384583656282,-78.78863780278928,7.6714163,271.86212
1508884992000.0,25400,43.00385479090044,-78.78872892786937,7.392079400000001,274.30872
1508884993000.0,26400,43.00386293218372,-78.78881520440879,6.4551615999999985,275.31183
1508884994000.0,27400,43.00387188142911,-78.78888696965238,5.4105215,280.1212
1508884995000.0,28400,43.00388122189168,-78.78894534237719,3.9033577,296.69342
1508884996000.0,29400,43.00389881109018,-78.78898795534026,3.8091533,311.84045
1508884997000.0,30400,43.003922826562146,-78.78901858911556,3.4652448,327.53336
1508884998000.0,31400,43.00395489878161,-78.78903738929978,4.3710055,345.38913
1508884999000.0,32400,43.003994269117975,-78.78904417434465,5.008333,355.68396
1508885000000.0,33400,43.00404173198486,-78.78904384288566,5.0442944,357.84692
1508885001000.0,34400,43.00408508384617,-78.7890427035911,4.3527293,355.78668
1508885002000.0,35400,43.004119147853956,-78.78904326353761,3.4435549,348.4930700000001
1508885003000.0,36400,43.00414257779522,-78.78905489276839,2.8831258,319.1006
1508885004000.0,37400,43.00416036379973,-78.78909043408119,4.5498605,295.71893
1508885005000.0,38400,43.004172272960396,-78.78915071213903,5.698929,278.801
1508885006000.0,39400,43.00417850823136,-78.7892240223745,5.6627383,276.31363
1508885007000.0,40400,43.0041757614516,-78.78928916216681,4.7904887,270.6927
1508885008000.0,41400,43.00417247828415,-78.7893411470705,3.358287,268.26633
1508885009000.0,42400,43.004168817650296,-78.78937582007902,1.7730544999999998,258.9836
1508885010000.0,43400,43.00416499160815,-78.78939478586696,0.35927004,234.61598
1508885012000.0,45400,43.00415568556405,-78.78938526982324,1.19689,138.4739
1508885013000.0,46400,43.004154786875674,-78.7893716644413,0.9456524,98.26053
1508885019000.0,52400,43.00415753644145,-78.78938898852817,2.0115366000000003,318.705
1508885020000.0,53400,43.004167472259454,-78.78942135263104,3.860712,297.1016
1508885021000.0,54400,43.004193391673134,-78.78946818952964,5.0394416,314.58194
1508885022000.0,55400,43.00423925650362,-78.78951631574219,6.6411667,329.49313
1508885023000.0,56400,43.00430716704608,-78.78955632818919,8.333407000000001,339.30563
1508885024000.0,57400,43.00439165269849,-78.78958749834312,9.967538,346.41446
1508885025000.0,58400,43.00449027714605,-78.78960599298388,10.887972,350.8609
1508885026000.0,59400,43.00459490642177,-78.78961835759317,11.077382,353.06363
1508885027000.0,60400,43.004697187863904,-78.78962371938496,10.787885,356.5315
1508885028000.0,61400,43.004796249352495,-78.78962012745923,10.836178,1.659829
1508885029000.0,62400,43.004889704132616,-78.7896135128372,9.674215,359.79465
1508885030000.0,63400,43.00497752278327,-78.78960704522818,9.781958,1.6398085
1508885031000.0,64400,43.00506332854096,-78.78960033086126,9.484148,0.24401356
1508885032000.0,65400,43.00514752260985,-78.78959756605731,9.286272,358.3735700000001
1508885033000.0,66400,43.00522617798154,-78.78960619697726,8.387775999999999,350.12354
1508885034000.0,67400,43.00529488807793,-78.7896291078699,7.4419327000000015,338.53125
1508885035000.0,68400,43.00534982263154,-78.7896689496302,7.071664299999999,322.9942
1508885036000.0,69400,43.00540308209789,-78.7897365560997,8.547292,313.21545
1508885037000.0,70400,43.005449502096376,-78.78982027545081,8.5206,302.87704
1508885038000.0,71400,43.00548360026259,-78.78992334009214,9.686543,288.45465
1508885039000.0,72400,43.00549973707711,-78.79005543140302,11.617202,274.67453
1508885040000.0,73400,43.00550191071257,-78.79021061315636,12.821309,268.65143
1508885041000.0,74400,43.005498416273525,-78.79037838279527,13.792297,267.07422
1508885042000.0,75400,43.00549106963053,-78.7905568787912,14.473216,266.8466
1508885043000.0,76400,43.00548441025568,-78.79074092201806,15.21591,268.1034
1508885044000.0,77400,43.00547996791424,-78.79093584705267,15.773431,269.09183
1508885045000.0,78400,43.00548029463457,-78.79113745875587,16.35166,270.78247000000005
1508885046000.0,79400,43.00548379530991,-78.7913458853785,16.887228,271.42264
1508885047000.0,80400,43.00548962248935,-78.79155925585054,17.116377,271.67862
1508885048000.0,81400,43.005495997943285,-78.79177407410756,17.336838,271.46796
1508885049000.0,82400,43.005500006819155,-78.79198812429983,17.333579999999998,270.93796000000003
1508885050000.0,83400,43.005502686047336,-78.7922029472163,17.371584,269.98288
1508885051000.0,84400,43.00550165771036,-78.79241906281281,17.657003,268.98206
1508885052000.0,85400,43.00549649441202,-78.79263690495856,17.594662,266.86447000000004
1508885053000.0,86400,43.00548564256298,-78.79285396990369,17.487856,264.50638
1508885054000.0,87400,43.005475878624075,-78.79307235427737,17.797714000000006,266.77374
1508885055000.0,88400,43.005463423052795,-78.79329224858255,17.545707999999998,263.8151
1508885056000.0,89400,43.00544068856249,-78.79351256095066,17.536459,260.4298
1508885057000.0,90400,43.00541248227843,-78.79373072927801,17.614147,259.00055
1508885058000.0,91400,43.00537708327006,-78.79394687220311,17.799715,256.30707
1508885059000.0,92400,43.00533511092175,-78.79416003502573,17.861073,253.69409
1508885060000.0,93400,43.00528495486354,-78.79437516110895,18.040201,251.77876
1508885061000.0,94400,43.00522694712614,-78.79458732754746,18.208921,249.67227000000003
1508885062000.0,95400,43.00516260783309,-78.79479867108225,18.3548,248.57957
1508885063000.0,96400,43.00509201426676,-78.79500738379956,18.500338,245.96017
1508885064000.0,97400,43.00501254805993,-78.79521262142909,18.669525,241.55438
1508885065000.0,98400,43.004923169279785,-78.79541258860006,19.129707,238.04065
1508885066000.0,99400,43.00482417416896,-78.79560943419729,19.47483,235.13588
1508885067000.0,100400,43.00471548121949,-78.79580071828588,19.620384,231.90941
1508885068000.0,101400,43.004597526096745,-78.79598405230008,19.974236,228.33418
1508885069000.0,102400,43.00447166556796,-78.79615873779926,19.976015,224.4372
1508885070000.0,103400,43.00433609607994,-78.79632014893733,19.67421,220.1052
1508885071000.0,104400,43.00418815598825,-78.79646996380633,20.486027,216.65045
1508885072000.0,105400,43.004031857502156,-78.79660210079305,19.55245,211.87672
1508885073000.0,106400,43.003878829309215,-78.79671853503412,18.88887,208.7237
1508885074000.0,107400,43.00372204089089,-78.79682063533362,18.915848,205.81633
1508885075000.0,108400,43.00356268193429,-78.79690976941453,19.104029,202.0179
1508885076000.0,109400,43.00340146678149,-78.79698517529349,18.982021,198.57605
1508885077000.0,110400,43.00323879150061,-78.79704832601549,18.817177,194.84273
1508885078000.0,111400,43.003075079694355,-78.79709611049826,18.726461,190.73447
1508885079000.0,112400,43.00291198022027,-78.79712795987238,18.604984,187.18433
1508885080000.0,113400,43.00275019700789,-78.79714559945683,18.456446,183.49394
1508885081000.0,114400,43.00259145292777,-78.79714907674587,18.518488,179.79369
1508885082000.0,115400,43.00242916188848,-78.79714022600525,18.390278,177.35158
1508885083000.0,116400,43.002266958244725,-78.79712467505959,18.020176,175.46129
1508885084000.0,117400,43.002105821196025,-78.79710547002476,18.103392000000003,175.14565
1508885085000.0,118400,43.00194222936244,-78.79708515530164,18.295809,174.97705
1508885086000.0,119400,43.001778885637094,-78.79706824926275,18.125368,176.40081999999995
1508885087000.0,120400,43.001616680310576,-78.79705444843458,18.125788,176.12735
1508885088000.0,121400,43.00145751112871,-78.79704579027288,17.561567,178.85568
1508885089000.0,122400,43.00129985510471,-78.7970425818576,17.420626000000002,179.38837
1508885090000.0,123400,43.001144417796546,-78.79703748125766,17.091972,177.81235
1508885091000.0,124400,43.000994156078825,-78.797034206321,16.334532,180.14566
1508885092000.0,125400,43.00085093488817,-78.7970360822723,15.539347,180.02225
1508885093000.0,126400,43.00072135761727,-78.79703840589495,13.696754,180.61536
1508885094000.0,127400,43.00060658698185,-78.79704465197241,12.3868265,182.80118
1508885095000.0,128400,43.00050419209423,-78.79705341382989,10.893917,182.92561
1508885096000.0,129400,43.000413994967715,-78.79705930512108,9.750057,181.40906
1508885097000.0,130400,43.00033472187428,-78.79706385069727,8.389772,181.79204
1508885098000.0,131400,43.000268540128964,-78.79706843100792,6.599552,181.92232
1508885099000.0,132400,43.00022148938985,-78.79707297385566,4.309886,186.76505
1508885100000.0,133400,43.00019623167615,-78.79708133471266,2.0881515,199.23677
1508885101000.0,134400,43.00018504395566,-78.79708805088694,0.54043275,239.16266
1508885104000.0,137400,43.000194415101745,-78.79709107555925,0.84277517,329.4971
1508885118000.0,151400,43.00016874297877,-78.7971040070809,2.820249,238.52696
1508885119000.0,152400,43.00013929218816,-78.79712700378316,4.370515,213.95625
1508885120000.0,153400,43.00009954987696,-78.79717238756652,6.4764433,226.53789
1508885121000.0,154400,43.00005970533177,-78.79724302745724,7.756456,239.65503
1508885122000.0,155400,43.00002998992968,-78.79732735677527,7.834383,252.53813
1508885123000.0,156400,43.00001695462212,-78.79742619905558,8.914182,263.4266
1508885124000.0,157400,43.00001763157933,-78.79753242616033,9.004187,270.9781
1508885125000.0,158400,43.000023842545005,-78.79763671588536,8.594392,272.72522000000004
1508885126000.0,159400,43.00002916949428,-78.79773320260655,7.5648227,272.45908
1508885127000.0,160400,43.00003469057572,-78.797816948981,6.6974350000000005,274.0816
1508885128000.0,161400,43.000039708536654,-78.797887241116,5.387964,271.8077
1508885129000.0,162400,43.00003564777004,-78.79794836744072,4.9374466,256.19904
1508885130000.0,163400,43.00003703516055,-78.79800602010488,5.5323677,269.9161
1508885131000.0,164400,43.00004415490545,-78.79807436105703,6.1206584,270.3464
1508885132000.0,165400,43.00004338616221,-78.79815816603451,7.3290515,265.29462
1508885133000.0,166400,43.00003860301086,-78.79825400201672,7.946210400000001,267.80742999999995
1508885134000.0,167400,43.00003567530267,-78.79836082696974,9.042065,268.721
1508885135000.0,168400,43.00003278901247,-78.79847661473545,9.541094,268.6532
1508885136000.0,169400,43.00002715551463,-78.79858925992433,9.09266,262.59818
1508885137000.0,170400,43.000009286362975,-78.79869175076145,7.925055499999999,250.08417000000003
1508885138000.0,171400,42.99996805962578,-78.79877212034026,7.594069500000002,223.89906
1508885139000.0,172400,42.9998929310691,-78.79881998091486,9.289619,194.76099
1508885140000.0,173400,42.99979314180212,-78.79883786219459,10.829904,183.6457
1508885141000.0,174400,42.999676358326575,-78.79883934226515,11.777229,178.06607
1508885142000.0,175400,42.999557994155985,-78.79883457496972,12.645813,177.11498999999995
1508885143000.0,176400,42.99943855421913,-78.79882792801747,12.952405,178.1868
1508885144000.0,177400,42.99931750332224,-78.7988189220863,13.054722,176.83491999999995
1508885145000.0,178400,42.99919377408063,-78.79881156108547,13.682185,178.48344
1508885146000.0,179400,42.99906431435239,-78.79880795749919,14.360708,179.66367
1508885147000.0,180400,42.99893068811733,-78.79880988479101,14.874363,182.05823
1508885148000.0,181400,42.9987935975459,-78.79881524078445,15.010455,182.93015
1508885149000.0,182400,42.99865538833944,-78.79882675167464,15.112692,185.05281
1508885150000.0,183400,42.998517738840725,-78.79884878038631,15.195479,188.88094
1508885151000.0,184400,42.99838082220887,-78.7988832771635,15.472314,192.01968
1508885152000.0,185400,42.99824232756768,-78.79892715385728,15.558270000000002,194.97694
1508885153000.0,186400,42.998106422523676,-78.79898239577166,15.593234,197.45467
1508885154000.0,187400,42.9979695676908,-78.79904564942552,16.05896,199.53609
1508885155000.0,188400,42.9978344815792,-78.79911333880283,15.636126,200.7639
1508885156000.0,189400,42.99770717388142,-78.79918297451867,14.442568,202.87099
1508885157000.0,190400,42.99759096876773,-78.7992543284284,13.264579,206.14233
1508885158000.0,191400,42.997486105458066,-78.7993270332148,12.499881,208.88983
1508885159000.0,192400,42.99738905705547,-78.79940618408955,12.530328,211.98055
1508885160000.0,193400,42.99729603215079,-78.79949014804677,12.377134,213.60773
1508885161000.0,194400,42.9972057761057,-78.79957992387399,12.399652,216.19127000000003
1508885162000.0,195400,42.99711592013937,-78.79967240226306,12.627332,215.73494
1508885163000.0,196400,42.99702982444073,-78.79976193997929,11.5338335,217.62221
1508885164000.0,197400,42.99695090334667,-78.79984817812118,10.863586,218.45383
1508885165000.0,198400,42.99688482595643,-78.79992227708712,8.599965,218.90546
1508885166000.0,199400,42.99683440810808,-78.79998016177981,6.40732,221.24086
1508885167000.0,200400,42.99680635855685,-78.80002596598882,4.059218,242.22148
1508885168000.0,201400,42.99679966846925,-78.80006261397826,3.1501415,263.80048
1508885169000.0,202400,42.99681478089443,-78.80009619656313,3.394182,302.8198
1508885170000.0,203400,42.99684277168119,-78.80012405382034,3.9190447,318.50336
1508885171000.0,204400,42.99687981044085,-78.80014270730601,3.5054788999999995,332.61063
1508885172000.0,205400,42.99691331539128,-78.80015087198656,3.1149678,354.95688
1508885173000.0,206400,42.99695347169725,-78.8001532460982,3.3279767,354.4642
1508885174000.0,207400,42.99699367424881,-78.80015237071551,3.5109510000000004,4.881394
1508885175000.0,208400,42.99703088337058,-78.80014998994055,3.3183665,0.616861
1508885176000.0,209400,42.99706174162297,-78.80015520538925,2.6444886000000003,338.5395
1508885177000.0,210400,42.997083023971605,-78.80017243393004,2.4015431,296.86298
1508885178000.0,211400,42.9970919731521,-78.80019915122114,2.4406054,275.6625
1508885179000.0,212400,42.9970922965133,-78.80023420749139,2.8844671,263.25964
1508885180000.0,213400,42.997091923566884,-78.80027829082933,3.4386225,263.58463
1508885181000.0,214400,42.997095394793746,-78.80032646368292,3.4610078,282.82913
1508885182000.0,215400,42.99710221978782,-78.80037586475557,4.2312584000000015,273.6287
1508885183000.0,216400,42.997108160322774,-78.80043132572395,4.381164599999999,271.92532
1508885184000.0,217400,42.99711372088413,-78.80048236764512,3.8600216,272.97812000000005
1508885185000.0,218400,42.99711276381258,-78.80052350331867,2.9240968,259.17935
1508885186000.0,219400,42.997104227894965,-78.80055419696261,2.5054653,235.5173
1508885187000.0,220400,42.99709416809685,-78.80057707479583,1.9499605,248.49518
1508885188000.0,221400,42.99708765694872,-78.80060022408531,2.1314604,258.53946
1508885189000.0,222400,42.9970872494277,-78.80063035298052,2.5369775000000003,269.4086
1508885190000.0,223400,42.99709319455759,-78.80066392794976,2.7788322,276.4563
1508885191000.0,224400,42.99710065857215,-78.80069936583325,2.904042,281.547
1508885192000.0,225400,42.99710751530926,-78.80073146345836,2.7194138,282.86325
1508885193000.0,226400,42.997107107857005,-78.80076510391655,2.545632,278.7175
1508885194000.0,227400,42.997102135932245,-78.8008003914997,2.4516904,272.81458
1508885195000.0,228400,42.99710205234524,-78.8008291271517,2.1165392000000005,271.19464
1508885196000.0,229400,42.99708809873413,-78.80085437098505,1.7694168,248.23712
1508885197000.0,230400,42.997076706355664,-78.80087706084518,1.9092587,245.58646
1508885198000.0,231400,42.99707178068062,-78.80090610969995,2.7108521,264.27762
1508885199000.0,232400,42.99707107304075,-78.80095056532281,3.6632364,276.2107
1508885200000.0,233400,42.997072211610295,-78.80100427034961,3.66694,284.2245
1508885201000.0,234400,42.997072848646745,-78.8010558122632,3.8083558,274.19315
1508885202000.0,235400,42.99707133751362,-78.80110845705336,3.125355,276.6707
1508885203000.0,236400,42.99706835764592,-78.8011554519223,2.7425525,267.56528
1508885204000.0,237400,42.99705841768776,-78.80118792941599,1.8981942,235.71233
1508885205000.0,238400,42.99704787678358,-78.8012068393813,1.2370812,203.37102
1508885206000.0,239400,42.99704355839304,-78.80122298552057,0.0,281.68552
1508885211000.0,244400,42.997057370442846,-78.8012168303581,1.241794,163.90445
1508885213000.0,246400,42.99706591366749,-78.8012027447355,0.0,69.02794
1508885217000.0,250400,42.997047400845204,-78.80119895320597,1.9432545,145.09067
1508885218000.0,251400,42.99703017820176,-78.80120577626549,1.9969492,145.09067
1508885219000.0,252400,42.99700416589589,-78.8012224077257,3.3233755,170.9971
1508885220000.0,253400,42.99697324529066,-78.80123746900736,3.171866,181.3998
1508885221000.0,254400,42.99694403556673,-78.80124147203986,2.383586,166.12599999999995
1508885222000.0,255400,42.99692187909855,-78.80123727702632,2.2288709,144.20935
1508885223000.0,256400,42.996912263999434,-78.80122279826003,1.703041,124.26703
1508885224000.0,257400,42.996904596436615,-78.80120736664875,2.451263,95.64988
1508885225000.0,258400,42.996898828366575,-78.80118199208903,2.444279,88.19917
1508885226000.0,259400,42.996894645050304,-78.8011552364392,2.4669645,81.82064
1508885227000.0,260400,42.99689011486501,-78.80112466902169,2.6601787,87.444435
1508885228000.0,261400,42.9968878889099,-78.80108874875543,2.4641085,88.88843
1508885229000.0,262400,42.996888080982295,-78.80105378113826,2.1203654,86.691376
1508885230000.0,263400,42.99688472893017,-78.80102280020591,2.0336885,98.08899
1508885231000.0,264400,42.9968848014894,-78.80099713542864,1.2416276000000002,77.40361
1508885232000.0,265400,42.996889360832434,-78.80097631900941,1.0649718,50.129063
1508885233000.0,266400,42.99690059610101,-78.80096107033859,1.233268,22.898205
1508885234000.0,267400,42.996911634443556,-78.80095781694031,1.1144979,339.23773
1508885235000.0,268400,42.99692322440745,-78.80095920917931,1.0049928,351.80707
1508885236000.0,269400,42.99693494927142,-78.80095751250137,1.0736893,350.0916
1508885237000.0,270400,42.99694525726388,-78.80095563175755,0.76731956,357.41605
