sys_time,timestamp,abs_timestamp,raw_x_gyro,raw_y_gyro,raw_z_gyro
0,4600.0,2514539968432283,0.0,0.0,0.0
200,4800.0,2514540168435408,0.02565634,0.07452556,0.017104227
400,5000.0,2514540368440096,0.0,0.0,0.0
600,5200.0,2514540568441658,0.0,0.0,0.0
800,5400.0,2514540768444783,0.0,0.0,0.0
1000,5600.0,2514540968446346,0.0,0.0,0.0
1200,5800.0,2514541168451033,0.0,0.0,0.0
1400,6000.0,2514541368422908,0.0,0.0,0.0
1600,6200.0,2514541568424471,0.0,0.0,0.0
1800,6400.0,2514541768429158,0.0,0.0,0.0
2000,6600.0,2514541968432283,0.0,0.0,0.0
2200,6800.0,2514542168435408,0.0,0.0,0.0
2400,7000.0,2514542368438533,0.0,0.0,0.0
2600,7200.0,2514542568441658,0.0,0.0,0.0
2800,7400.0,2514542768443221,0.0,0.0,0.0
3000,7600.0,2514542968447908,0.0,0.0,0.0
3200,7800.0,2514543168451033,0.0,0.0,0.0
3400,8000.0,2514543368422908,0.0,0.0,0.0
3600,8200.0,2514543568426033,0.0,0.0,0.0
3800,8400.0,2514543768427596,-0.07086037,0.08552113,0.004886922
4000,8600.0,2514543968432283,0.0,0.0,0.0
4200,8800.0,2514544168433846,0.0,0.0,0.0
4400,9000.0,2514544368438533,0.0,0.0,0.0
4600,9200.0,2514544568440096,0.0,0.0,0.0
4800,9400.0,2514544768444783,0.0,0.0,0.0
5000,9600.0,2514544968446346,0.0,0.0,0.0
5200,9800.0,2514545168451033,-0.02076942,0.057421334,-0.04642576
5400,9999.0,2514545368421346,0.0,0.0,0.0
5600,10200.0,2514545568426033,0.0,0.0,0.0
5800,10400.0,2514545768427596,0.0,0.0,0.0
6000,10600.0,2514545968430721,0.0,0.0,0.0
6200,10800.0,2514546168433846,0.0,0.0,0.0
6400,11000.0,2514546368438533,0.0,0.0,0.0
6600,11200.0,2514546568440096,0.0,0.0,0.0
6800,11400.0,2514546768444783,0.0,0.0,0.0
7000,11600.0,2514546968446346,0.0,0.0,0.0
7200,11800.0,2514547168449471,0.0,0.0,0.0
7400,11999.0,2514547368421346,0.0,0.06597344599999999,0.039095376
7600,12200.0,2514547568424471,0.0,0.0,0.0
7800,12400.0,2514547768427596,0.0,0.0,0.0
8000,12600.0,2514547968430721,0.0,0.0,0.0
8200,12800.0,2514548168433846,0.0,0.0,0.0
8400,13000.0,2514548368436971,0.0,0.0,0.0
8600,13200.0,2514548568440096,-0.07941248,0.0061086523,-0.012217305
8800,13400.0,2514548768443221,0.0,0.0,0.0
9000,13600.0,2514548968446346,0.07819075,0.007330383,0.002443461
9200,13800.0,2514549168449471,0.0,0.0,0.0
9400,13999.0,2514549368419783,0.0,0.0,0.0
9600,14200.0,2514549568424471,0.0,0.0,0.0
9800,14400.0,2514549768427596,0.103847094,-0.13805555,0.02687807
10000,14600.0,2514549968430721,0.07574729,-0.08063421400000001,0.014660766
10200,14800.0,2514550168433846,-0.056199603,0.056199603,-0.007330383
10400,15000.0,2514550368436971,0.0,0.0,0.0
10600,15200.0,2514550568440096,0.0,0.0,0.0
10800,0.0,2514550768443221,-0.056199603,0.05497787,0.0
11000,200.0,2514550968446346,0.0,0.0,0.0
11200,400.0,2514551168449471,0.06841691,-0.035430185,0.015882496
11400,599.0,2514551368421346,0.0,0.0,0.0
11600,799.0,2514551568422908,-0.057421334,0.05009095,-0.002443461
11800,999.0,2514551768426033,0.0,0.0,0.0
12000,1199.0,2514551968430721,-0.035430185,0.06963864,0.009773844
12200,1399.0,2514552168433846,0.04153884,-0.064751714,0.02443461
12400,1599.0,2514552368436971,-0.07941248,0.012217305,0.0
12600,1799.0,2514552568438533,0.0,0.0,0.0
12800,2000.0,2514552768443221,0.0,0.0,0.0
13000,2200.0,2514552968446346,-0.028099801,0.06963864,0.02076942
13200,2400.0,2514553168447908,0.10751228,-0.019547688,0.004886922
13400,2599.0,2514553368421346,0.0,0.0,0.0
13600,2799.0,2514553568422908,-0.012217305,-0.04642576,0.09773844
13800,2999.0,2514553768427596,-0.08674286,0.14660765,-0.037873644
14000,3199.0,2514553968429158,-0.089186326,0.11728613,-0.04886922
14200,3399.0,2514554168432283,0.04886922,-0.07941248,0.06597344599999999
14400,3599.0,2514554368436971,0.0,0.0,0.0
14600,3799.0,2514554568440096,0.0,0.0,0.0
14800,3999.0,2514554768441658,0.0,0.0,0.0
15000,4200.0,2514554968446346,0.0,0.0,0.0
15200,4400.0,2514555168447908,0.02443461,0.10262536,0.036651913
15400,4599.0,2514555368421346,0.0,0.0,0.0
15600,4799.0,2514555568422908,0.0,0.0,0.0
15800,4999.0,2514555768426033,-0.047647487,0.05497787,-0.0842994
16000,5199.0,2514555968429158,0.0,0.0,0.0
16200,5399.0,2514556168432283,-0.04153884,0.12339478,-0.12339478
16400,5599.0,2514556368435408,0.06352998,-0.029321533,0.040317107000000005
16600,5799.0,2514556568438533,0.0,0.0,0.0
16800,5999.0,2514556768441658,0.042760565999999986,-0.004886922,0.06597344599999999
17000,6200.0,2514556968444783,0.0,0.0,0.0
17200,6400.0,2514557168447908,0.0,0.0,0.0
17400,6599.0,2514557368419783,0.0,0.0,0.0
17600,6799.0,2514557568422908,0.02687807,-0.09285152,0.04886922
17800,6999.0,2514557768426033,0.10140363,-0.06597344599999999,-0.09773844
18000,7199.0,2514557968429158,0.08063421400000001,-0.12339478,-0.04886922
18200,7399.0,2514558168432283,0.09896017,-0.10140363,-0.10873401
18400,7599.0,2514558368435408,-0.015882496,0.0,-0.11362094
18600,7799.0,2514558568438533,-0.007330383,0.014660766,-0.10995574
18800,7999.0,2514558768441658,-0.06597344599999999,-0.017104227,-0.037873644
19000,8200.0,2514558968444783,-0.04520403,-0.06352998,0.007330383
19200,8400.0,2514559168447908,0.058643065,-0.12339478,-0.10873401
19400,8600.0,2514559368451033,-0.1563815,0.0842994,0.05497787
19600,8799.0,2514559568422908,-0.09773844,0.02443461,0.040317107000000005
19800,8999.0,2514559768426033,-0.047647487,-0.09285152,0.08674286
20000,9199.0,2514559968429158,0.018325957,-0.08307768,-0.0720821
20200,9399.0,2514560168432283,-0.10995574,-0.089186326,0.2565634
20400,9599.0,2514560368435408,-0.10262536,-0.037873644,0.11484267
20600,9799.0,2514560568438533,-0.06719518,0.019547688,0.040317107000000005
20800,9999.0,2514560768441658,-0.17715092,0.036651913,0.21624629
21000,10200.0,2514560968444783,-0.06841691,0.08796459400000001,0.0
21200,10400.0,2514561168447908,0.0,0.0,0.0
21400,10600.0,2514561368451033,-0.043982297,0.04520403,0.042760565999999986
21600,10799.0,2514561568422908,0.017104227,-0.06597344599999999,0.13561209
21800,10999.0,2514561768426033,-0.21868975,0.34330627,-0.089186326
22000,11199.0,2514561968429158,-0.16982053,0.20525073,0.064751714
22200,11399.0,2514562168432283,-0.07941248,0.11484267,-0.0012217305
22400,11599.0,2514562368435408,0.009773844,0.081855945,-0.07941248
22600,11799.0,2514562568436971,-0.14905111,0.11484267,0.05375614
22800,11999.0,2514562768441658,-0.039095376,0.13072516,0.0061086523
23000,12200.0,2514562968444783,-0.08796459400000001,0.103847094,0.007330383
23200,12400.0,2514563168446346,0.103847094,-0.07452556,-0.04520403
23400,12600.0,2514563368451033,0.0,0.0,0.0
23600,12799.0,2514563568421346,0.056199603,-0.009773844,-0.05131268
23800,12999.0,2514563768424471,-0.07819075,0.07574729,-0.0061086523
24000,13199.0,2514563968427596,-0.09407325,0.14660765,-0.008552114
24200,13399.0,2514564168430721,0.0,0.0,0.0
24400,13599.0,2514564368435408,0.0,0.0,0.0
24600,13799.0,2514564568436971,-0.07819075,0.06719518,0.04886922
24800,13999.0,2514564768441658,-0.04886922,0.061086524,0.007330383
25000,14200.0,2514564968443221,-0.06352998,0.029321533,0.035430185
25200,14400.0,2514565168446346,-0.04153884,0.10140363,-0.02076942
25400,14600.0,2514565368451033,0.0,0.0,0.0
25600,14799.0,2514565568421346,-0.057421334,0.040317107000000005,0.030543262
25800,14999.0,2514565768424471,0.0,0.0,0.0
26000,15199.0,2514565968429158,-0.11362094,0.015882496,0.13194689
26200,15399.0,2514566168430721,0.0,0.0,0.0
26400,15599.0,2514566368433846,-0.07819075,-0.009773844,0.13805555
26600,15799.0,2514566568436971,-0.05009095,0.10140363,0.018325957
26800,15999.0,2514566768440096,-0.056199603,0.004886922,0.09285152
27000,16200.0,2514566968443221,0.14660765,-0.16493362,0.013439035
27200,16400.0,2514567168446346,0.0,0.0,0.0
27400,16600.0,2514567368449471,-0.21746802,0.019547688,0.26267207
27600,16799.0,2514567568421346,0.15882497,0.064751714,-0.16737708
27800,16999.0,2514567768424471,-0.04886922,-0.08063421400000001,0.22113322
28000,17199.0,2514567968427596,0.0,-0.02687807,0.07452556
28200,17399.0,2514568168430721,0.39584067,-0.028099801,-0.2968805
28400,17599.0,2514568368433846,0.0,0.0,0.0
28600,17799.0,2514568568436971,-0.030543262,-0.112399206,0.15760323
28800,17999.0,2514568768440096,0.19303341,-0.06963864,-0.11362094
29000,18200.0,2514568968443221,-0.04520403,-0.018325957,0.16371189
29200,18400.0,2514569168446346,0.15149458,-0.02565634,-0.019547688
29400,18600.0,2514569368449471,0.0,0.0,0.0
29600,18799.0,2514569568422908,-0.039095376,-0.057421334,0.18936823
29800,18999.0,2514569768424471,0.3885103,-0.33841935,-0.05497787
30000,19199.0,2514569968427596,0.16982053,-0.103847094,-0.095294975
30200,19399.0,2514570168430721,-0.23090707,0.035430185,0.36041048
30400,19599.0,2514570368433846,0.037873644,0.09040806,-0.058643065
30600,19799.0,2514570568436971,0.22235495,-0.095294975,-0.13561209
30800,19999.0,2514570768440096,-0.002443461,0.037873644,0.10140363
31000,20200.0,2514570968443221,-0.064751714,0.062308256,0.12705997
31200,20400.0,2514571168444783,-0.0061086523,0.19181168,-0.10995574
31400,20600.0,2514571368449471,-0.058643065,0.24678956,-0.12095132
31600,20799.0,2514571568421346,-0.002443461,0.1160644,-0.064751714
31800,20999.0,2514571768422908,0.2003638,-0.012217305,-0.21746802
32000,21199.0,2514571968427596,0.0,0.0,0.0
32200,21399.0,2514572168429158,-0.009773844,0.0720821,0.029321533
32400,21599.0,2514572368432283,0.10629055,0.0012217305,-0.16371189
32600,21799.0,2514572568436971,-0.14049901,0.12461651,0.05375614
32800,21999.0,2514572768440096,-0.061086524,0.08552113,0.035430185
33000,22200.0,2514572968443221,0.037873644,0.073303826,-0.14049901
33200,22400.0,2514573168446346,-0.14294247,0.14538592,0.039095376
33400,22600.0,2514573368449471,-0.035430185,0.15760323,-0.10262536
33600,22799.0,2514573568419783,0.09407325,0.035430185,-0.13805555
33800,22999.0,2514573768422908,0.0012217305,-0.05009095,0.058643065
34000,23199.0,2514573968427596,0.05009095,-0.057421334,0.008552114
34200,23399.0,2514574168430721,0.27366763,-0.22968534,-0.032986723
34400,23599.0,2514574368432283,0.1160644,-0.037873644,-0.13072516
34600,23799.0,2514574568435408,0.05375614,0.061086524,-0.17837265
34800,23999.0,2514574768438533,0.052534413,-0.09162979,-0.09040806
35000,24199.0,2514574968441658,0.15027285,-0.13194689,-0.16615535
35200,24400.0,2514575168444783,0.103847094,-0.15882497,0.02076942
35400,24600.0,2514575368447908,0.043982297,-0.05497787,-0.1160644
35600,24799.0,2514575568419783,0.04153884,-0.05131268,-0.08552113
35800,24999.0,2514575768422908,0.10751228,-0.17104226,0.014660766
36000,25199.0,2514575968426033,-0.064751714,0.02443461,0.034208454
36200,25399.0,2514576168429158,-0.0036651916,-0.018325957,-0.07574729
36400,25599.0,2514576368432283,-0.1881465,0.04153884,0.26878070000000004
36600,25799.0,2514576568435408,0.22357668,-0.17470746,-0.3652974
36800,25999.0,2514576768438533,-0.035430185,0.0012217305,-0.10629055
37000,26199.0,2514576968441658,-0.19914207,0.103847094,0.13072516
37200,26400.0,2514577168444783,0.039095376,0.06719518,-0.3213151
37400,26600.0,2514577368447908,-0.07452556,0.02443461,0.002443461
37600,26799.0,2514577568419783,-0.32986724,0.11728613,0.35918877
37800,26999.0,2514577768422908,-0.15882497,0.12583824,-0.0061086523
38000,27199.0,2514577968426033,0.0,0.0,0.0
38200,27399.0,2514578168429158,-0.172264,0.013439035,0.13805555
38400,27599.0,2514578368432283,-0.14782938,0.21502456,-0.12461651
38600,27799.0,2514578568435408,-0.45448375,0.19914207,0.34941490000000003
38800,27999.0,2514578768438533,-0.26511553,0.23701571,0.05131268
39000,28199.0,2514578968441658,-0.21013765,0.18936823,0.07452556
39200,28400.0,2514579168444783,-0.15515977,0.019547688,0.13561209
39400,28600.0,2514579368447908,0.030543262,0.22479841,-0.16737708
39600,28800.0,2514579568451033,-0.28955013,0.17959438,0.15271631
39800,28999.0,2514579768422908,0.0,0.0,0.0
40000,29199.0,2514579968426033,0.0,0.0,0.0
40200,29399.0,2514580168429158,-0.06963864,0.02076942,0.030543262
40400,29599.0,2514580368432283,0.14905111,-0.019547688,-0.09773844
40600,29799.0,2514580568435408,0.0,0.0,0.0
40800,29999.0,2514580768438533,0.0,0.0,0.0
41000,30199.0,2514580968441658,0.04153884,-0.06597344599999999,0.002443461
41200,30400.0,2514581168444783,0.0,0.0,0.0
41400,30600.0,2514581368447908,0.02443461,-0.1563815,0.073303826
41600,30800.0,2514581568451033,0.17104226,-0.13072516,0.0
41800,30999.0,2514581768422908,0.081855945,-0.07086037,0.010995574
42000,31199.0,2514581968424471,0.0,0.0,0.0
42200,31399.0,2514582168429158,0.0,0.0,0.0
42400,31599.0,2514582368432283,0.06352998,-0.04153884,0.02687807
42600,31799.0,2514582568433846,0.0,0.0,0.0
42800,31999.0,2514582768436971,0.1160644,-0.23579398,0.037873644
43000,32199.0,2514582968441658,0.19425514,-0.2406809,0.040317107000000005
43200,32400.0,2514583168444783,-0.052534413,0.14538592,-0.014660766
43400,32600.0,2514583368446346,0.0,0.0,0.0
43600,32800.0,2514583568451033,-0.015882496,0.07452556,0.004886922
43800,32999.0,2514583768421346,0.10262536,-0.014660766,0.032986723
44000,33199.0,2514583968424471,-0.06963864,0.03176499,-0.0012217305
44200,33399.0,2514584168427596,0.0,0.0,0.0
44400,33599.0,2514584368430721,0.0,0.0,0.0
44600,33799.0,2514584568433846,0.0,0.0,0.0
44800,33999.0,2514584768436971,-0.07819075,0.010995574,-0.017104227
45000,34199.0,2514584968440096,0.073303826,0.007330383,0.028099801
45200,34400.0,2514585168444783,0.0,0.0,0.0
45400,34600.0,2514585368446346,-0.10629055,0.034208454,-0.0012217305
45600,34800.0,2514585568449471,0.0,0.0,0.0
45800,34999.0,2514585768422908,0.073303826,0.008552114,0.02076942
46000,35199.0,2514585968424471,0.0,0.0,0.0
46200,35399.0,2514586168427596,-0.105068825,0.02443461,-0.029321533
46400,35599.0,2514586368430721,0.0,0.0,0.0
46600,35799.0,2514586568433846,0.0,0.0,0.0
46800,35999.0,2514586768436971,-0.07819075,0.004886922,-0.019547688
47000,36199.0,2514586968440096,0.0,0.0,0.0
47200,36400.0,2514587168443221,0.0,0.0,0.0
47400,36600.0,2514587368446346,-0.07696902,0.009773844,-0.009773844
47600,36800.0,2514587568449471,0.0,0.0,0.0
47800,36999.0,2514587768421346,0.06352998,0.032986723,0.018325957
48000,37199.0,2514587968424471,-0.058643065,0.04520403,-0.018325957
48200,37399.0,2514588168426033,0.0,0.0,0.0
48400,37599.0,2514588368430721,0.0,0.0,0.0
48600,37799.0,2514588568432283,0.073303826,0.032986723,-0.0061086523
48800,37999.0,2514588768436971,0.0,0.0,0.0
49000,38199.0,2514588968440096,-0.10751228,0.018325957,0.02321288
49200,38400.0,2514589168443221,0.0,0.0,0.0
49400,38600.0,2514589368446346,0.0,0.0,0.0
49600,38800.0,2514589568449471,0.07086037,-0.13683382,0.02076942
49800,38999.0,2514589768421346,0.11362094,-0.09896017,0.013439035
50000,39199.0,2514589968424471,0.0,0.0,0.0
50200,39399.0,2514590168427596,0.0,0.0,0.0
50400,39599.0,2514590368430721,-0.058643065,0.05131268,0.004886922
50600,39799.0,2514590568433846,0.0,0.0,0.0
50800,39999.0,2514590768436971,0.0,0.0,0.0
51000,40199.0,2514590968440096,-0.06963864,0.008552114,0.034208454
51200,40400.0,2514591168443221,0.0,0.0,0.0
51400,0.0,2514591368444783,0.36896262,-0.4605924,0.039095376
51600,200.0,2514591568449471,0.25900686,-0.4373795,0.10873401
51800,399.0,2514591768421346,0.081855945,-0.16982053,0.14049901
52000,599.0,2514591968422908,-0.05497787,0.14172074,0.07819075
52200,799.0,2514592168427596,-0.1600467,0.081855945,0.103847094
52400,999.0,2514592368430721,0.0,0.0,0.0
52600,1199.0,2514592568433846,-0.35796702,0.1685988,0.4605924
52800,1399.0,2514592768436971,-0.3885103,0.27855456,0.2724459
53000,1599.0,2514592968440096,-0.09162979,0.043982297,0.09040806
53200,1799.0,2514593168441658,0.22357668,0.05375614,-0.118507855
53400,2000.0,2514593368444783,0.12339478,0.0,0.095294975
53600,2200.0,2514593568449471,-0.07819075,0.02565634,0.10873401
53800,2399.0,2514593768419783,0.27122417,-0.12705997,-0.05497787
54000,2599.0,2514593968422908,0.21991149,-0.14660765,0.07452556
54200,2799.0,2514594168426033,0.02565634,0.06597344599999999,-0.032986723
54400,2999.0,2514594368429158,0.10751228,-0.019547688,-0.08063421400000001
54600,3199.0,2514594568432283,0.22235495,0.037873644,-0.064751714
54800,3399.0,2514594768435408,0.36285394,-0.08796459400000001,-0.3885103
55000,3599.0,2514594968438533,0.13683382,-0.17348573,-0.1563815
55200,3799.0,2514595168443221,0.2003638,-0.07696902,-0.22602014
55400,4000.0,2514595368444783,0.13072516,-0.08674286,0.06597344599999999
55600,4200.0,2514595568447908,-0.017104227,0.07696902,0.002443461
55800,4399.0,2514595768419783,0.0,0.0,0.0
56000,4599.0,2514595968422908,-0.039095376,0.12095132,-0.08307768
56200,4799.0,2514596168426033,0.017104227,0.018325957,-0.07452556
56400,4999.0,2514596368429158,-0.12217305,0.09896017,-0.10751228
56600,5199.0,2514596568432283,-0.09162979,0.13927728,-0.06597344599999999
56800,5399.0,2514596768435408,0.1001819,-0.09896017,0.22602014
57000,5599.0,2514596968438533,0.15149458,0.036651913,-0.19792034
57200,5799.0,2514597168441658,-0.35796702,0.35918877,0.14049901
57400,6000.0,2514597368444783,0.15271631,-0.19547687,-0.07696902
57600,6200.0,2514597568447908,-0.312763,0.33108896,-0.036651913
57800,6400.0,2514597768451033,-0.15760323,0.13072516,0.06597344599999999
58000,6599.0,2514597968422908,0.034208454,0.06352998,0.02687807
58200,6799.0,2514598168426033,-0.017104227,0.1282817,-0.04153884
58400,6999.0,2514598368429158,0.0,0.0,0.0
58600,7199.0,2514598568430721,0.03176499,-0.07941248,0.07452556
58800,7399.0,2514598768433846,0.035430185,-0.058643065,0.04153884
59000,7599.0,2514598968438533,0.09285152,-0.08674286,-0.057421334
59200,7799.0,2514599168441658,-0.029321533,0.062308256,-0.037873644
59400,8000.0,2514599368444783,0.07819075,0.002443461,0.012217305
59600,8200.0,2514599568447908,-0.058643065,0.04886922,0.018325957
59800,8400.0,2514599768451033,-0.021991149,0.0720821,0.010995574
60000,8599.0,2514599968422908,-0.028099801,0.07696902,0.0720821
60200,8799.0,2514600168426033,0.02076942,0.03176499,-0.06841691
60400,8999.0,2514600368427596,-0.057421334,0.08552113,-0.042760565999999986
60600,9199.0,2514600568432283,-0.19425514,0.18325958,0.07574729
60800,9399.0,2514600768433846,0.2932153,-0.38362336,0.017104227
61000,9599.0,2514600968438533,-0.13194689,0.21135938,-0.039095376
61200,9799.0,2514601168440096,0.07941248,-0.07819075,-0.0012217305
61400,9999.0,2514601368443221,0.0,0.0,0.0
61600,10200.0,2514601568447908,0.061086524,-0.015882496,-0.04642576
61800,10400.0,2514601768449471,-0.06597344599999999,0.02687807,0.029321533
62000,10599.0,2514601968422908,0.06719518,-0.07819075,-0.08307768
62200,10799.0,2514602168424471,0.043982297,-0.012217305,0.061086524
62400,10999.0,2514602368429158,0.013439035,0.04886922,-0.12583824
62600,11199.0,2514602568430721,0.040317107000000005,-0.061086524,-0.08796459400000001
62800,11399.0,2514602768433846,0.0,0.0,0.0
63000,11599.0,2514602968438533,-0.010995574,-0.037873644,0.10751228
63200,11799.0,2514603168440096,-0.07452556,0.02321288,0.012217305
63400,12000.0,2514603368444783,0.0,0.0,0.0
63600,12200.0,2514603568446346,0.0,0.0,0.0
63800,12400.0,2514603768451033,0.0,0.0,0.0
64000,12599.0,2514603968422908,-0.0842994,0.06841691,0.009773844
64200,12799.0,2514604168424471,0.0,0.0,0.0
64400,12999.0,2514604368427596,0.032986723,0.030543262,-0.064751714
64600,13199.0,2514604568430721,-0.0036651916,0.017104227,-0.07819075
64800,13399.0,2514604768433846,-0.010995574,0.06719518,-0.042760565999999986
65000,13599.0,2514604968436971,0.15515977,0.035430185,-0.2125811
65200,13799.0,2514605168440096,-0.09896017,0.1441642,-0.10140363
65400,13999.0,2514605368443221,0.1160644,-0.05497787,-0.21013765
65600,14200.0,2514605568446346,0.07696902,0.118507855,-0.23090707
65800,14400.0,2514605768449471,0.13927728,-0.03176499,-0.1685988
66000,14599.0,2514605968421346,-0.039095376,0.096516706,-0.029321533
66200,14799.0,2514606168424471,0.103847094,-0.08063421400000001,-0.021991149
66400,14999.0,2514606368427596,-0.05009095,0.042760565999999986,0.042760565999999986
66600,15199.0,2514606568430721,0.0,0.0,0.0
66800,15399.0,2514606768433846,0.039095376,-0.029321533,-0.10262536
67000,15599.0,2514606968436971,0.0,0.10140363,-0.095294975
67200,15799.0,2514607168440096,0.105068825,-0.28221974,0.081855945
67400,15999.0,2514607368443221,-0.06352998,0.018325957,-0.042760565999999986
67600,16200.0,2514607568446346,0.032986723,-0.040317107000000005,0.058643065
67800,16400.0,2514607768449471,0.042760565999999986,-0.06352998,-0.0061086523
68000,16599.0,2514607968421346,-0.096516706,0.04520403,-0.02443461
68200,16799.0,2514608168424471,0.119729586,-0.21013765,0.07452556
68400,16999.0,2514608368427596,0.12705997,-0.03176499,-0.17715092
68600,17199.0,2514608568429158,-0.11362094,-0.004886922,0.16737708
68800,17399.0,2514608768433846,0.05131268,-0.036651913,-0.095294975
69000,17599.0,2514608968436971,0.0,0.0,0.0
69200,17799.0,2514609168440096,-0.06841691,0.002443461,-0.037873644
69400,17999.0,2514609368443221,-0.118507855,0.05497787,-0.037873644
69600,18200.0,2514609568446346,0.14660765,-0.21380283,-0.007330383
69800,18400.0,2514609768447908,-0.13561209,0.18081611,-0.095294975
70000,18599.0,2514609968421346,0.0,0.0,0.0
70200,18799.0,2514610168424471,0.0,0.0,0.0
70400,18999.0,2514610368427596,-0.05009095,-0.017104227,0.095294975
70600,19199.0,2514610568430721,0.0,-0.013439035,-0.17470746
70800,19399.0,2514610768432283,0.029321533,-0.04886922,-0.12705997
71000,19599.0,2514610968436971,0.0,0.0,0.0
71200,19799.0,2514611168440096,-0.012217305,-0.07941248,0.13316862
71400,19999.0,2514611368441658,0.0,0.0,0.0
71600,20200.0,2514611568446346,-0.040317107000000005,-0.05009095,0.043982297
71800,20400.0,2514611768449471,-0.057421334,0.002443461,0.05375614
72000,20599.0,2514611968421346,-0.017104227,-0.07086037,-0.02443461
72200,20799.0,2514612168422908,-0.1441642,0.02687807,0.13927728
72400,20999.0,2514612368426033,-0.12950343,-0.05375614,0.3652974
72600,21199.0,2514612568429158,-0.12095132,-0.021991149,0.25289822
72800,21399.0,2514612768432283,0.0,-0.047647487,0.064751714
73000,21599.0,2514612968435408,-0.13561209,0.04886922,0.13194689
73200,21799.0,2514613168440096,-0.037873644,-0.019547688,0.06597344599999999
73400,21999.0,2514613368441658,-0.07941248,0.05131268,0.058643065
73600,22200.0,2514613568444783,-0.05009095,0.05497787,0.02565634
73800,22400.0,2514613768447908,-0.15027285,0.09040806,-0.034208454
74000,22599.0,2514613968421346,-0.040317107000000005,-0.10873401,0.06352998
74200,22799.0,2514614168422908,-0.1685988,0.09040806,0.064751714
74400,22999.0,2514614368427596,0.0,0.0,0.0
74600,23199.0,2514614568429158,-0.052534413,0.056199603,0.015882496
74800,23399.0,2514614768432283,0.061086524,-0.04153884,-0.030543262
75000,23599.0,2514614968435408,0.0,0.0,0.0
75200,23799.0,2514615168438533,0.07819075,0.002443461,-0.012217305
75400,23999.0,2514615368441658,0.0,0.0,0.0
75600,24200.0,2514615568444783,-0.10995574,0.103847094,0.002443461
75800,24400.0,2514615768447908,0.0,0.0,0.0
76000,24599.0,2514615968419783,0.0,0.0,0.0
76200,24799.0,2514616168422908,-0.042760565999999986,0.002443461,0.06352998
76400,24999.0,2514616368426033,0.0,0.0,0.0
76600,25199.0,2514616568429158,0.0,0.0,0.0
76800,25399.0,2514616768432283,0.043982297,-0.07574729,-0.073303826
77000,25599.0,2514616968435408,0.062308256,0.0036651916,-0.05009095
77200,25799.0,2514617168438533,-0.043982297,0.018325957,0.10140363
77400,25999.0,2514617368441658,-0.047647487,0.030543262,0.05131268
77600,26200.0,2514617568444783,0.0,0.0,0.0
77800,26400.0,2514617768447908,-0.09040806,0.08796459400000001,0.04886922
78000,26600.0,2514617968451033,0.0,0.0,0.0
78200,26799.0,2514618168422908,0.0,0.0,0.0
78400,26999.0,2514618368426033,0.0,0.0,0.0
78600,27199.0,2514618568429158,0.0,0.0,0.0
78800,27399.0,2514618768432283,0.0,0.0,0.0
79000,27599.0,2514618968433846,0.0,0.0,0.0
79200,27799.0,2514619168438533,-0.036651913,0.06841691,-0.019547688
79400,27999.0,2514619368441658,0.0,0.0,0.0
79600,28200.0,2514619568444783,0.0,0.0,0.0
79800,28400.0,2514619768446346,0.0,0.0,0.0
80000,28600.0,2514619968451033,-0.028099801,0.07086037,0.0
80200,28799.0,2514620168421346,0.10995574,-0.05009095,-0.05375614
80400,28999.0,2514620368426033,0.0,0.0,0.0
80600,29199.0,2514620568429158,0.0,0.0,0.0
80800,29399.0,2514620768430721,0.0,0.0,0.0
81000,29599.0,2514620968435408,0.0,0.0,0.0
81200,29799.0,2514621168438533,0.047647487,-0.096516706,0.036651913
81400,29999.0,2514621368441658,0.09407325,0.05009095,-0.112399206
81600,30200.0,2514621568444783,0.09407325,-0.042760565999999986,-0.040317107000000005
81800,30400.0,2514621768447908,-0.12339478,0.09407325,0.002443461
82000,30600.0,2514621968449471,-0.1001819,0.014660766,-0.1563815
82200,30799.0,2514622168422908,0.008552114,-0.096516706,-0.05009095
82400,30999.0,2514622368424471,0.0,0.0,0.0
82600,31199.0,2514622568429158,0.20158553,0.056199603,-0.036651913
82800,31399.0,2514622768430721,0.12705997,-0.040317107000000005,-0.040317107000000005
83000,31599.0,2514622968433846,-0.057421334,0.05009095,0.02443461
83200,31799.0,2514623168438533,0.0,0.0,0.0
83400,31999.0,2514623368441658,0.0,0.0,0.0
83600,32199.0,2514623568443221,-0.14172074,-0.015882496,0.1685988
83800,32400.0,2514623768446346,-0.057421334,0.034208454,0.089186326
84000,32600.0,2514623968451033,0.0,0.0,0.0
84200,32799.0,2514624168421346,0.0,0.0,0.0
84400,32999.0,2514624368424471,0.0,0.0,0.0
84600,33199.0,2514624568427596,-0.0061086523,0.12461651,-0.12217305
84800,33399.0,2514624768430721,0.0,0.0,0.0
85000,33599.0,2514624968433846,0.09773844,-0.04520403,-0.037873644
85200,33799.0,2514625168436971,0.0,0.0,0.0
85400,33999.0,2514625368440096,0.0,0.0,0.0
85600,34199.0,2514625568443221,0.0,0.0,0.0
85800,34400.0,2514625768446346,-0.056199603,0.037873644,-0.039095376
86000,34600.0,2514625968449471,0.0,0.0,0.0
86200,34799.0,2514626168421346,0.0,0.0,0.0
86400,34999.0,2514626368424471,-0.059864793,0.037873644,0.028099801
86600,35199.0,2514626568427596,0.0,0.0,0.0
86800,35399.0,2514626768430721,0.0,0.0,0.0
87000,35599.0,2514626968433846,0.0,0.0,0.0
87200,35799.0,2514627168436971,0.08796459400000001,-0.07086037,-0.017104227
87400,35999.0,2514627368440096,-0.07819075,0.06963864,-0.028099801
87600,36199.0,2514627568443221,0.0,0.0,0.0
87800,36400.0,2514627768446346,0.0,0.0,0.0
88000,36600.0,2514627968449471,0.040317107000000005,0.08674286,-0.11728613
88200,36799.0,2514628168421346,-0.02443461,-0.09773844,0.040317107000000005
88400,36999.0,2514628368424471,-0.07574729,0.04520403,0.064751714
88600,37199.0,2514628568427596,0.0,0.0,0.0
88800,37399.0,2514628768430721,0.0,0.0,0.0
89000,37599.0,2514628968433846,0.021991149,-0.06841691,0.036651913
89200,37799.0,2514629168436971,0.0,0.0,0.0
89400,37999.0,2514629368440096,-0.08796459400000001,0.0,0.103847094
89600,38199.0,2514629568443221,-0.07452556,0.034208454,0.07452556
89800,38400.0,2514629768444783,0.0720821,-0.014660766,-0.02687807
90000,38600.0,2514629968447908,0.0,0.0,0.0
90200,38799.0,2514630168421346,0.0,0.0,0.0
90400,38999.0,2514630368424471,0.0,0.0,0.0
90600,39199.0,2514630568426033,0.081855945,-0.0720821,-0.019547688
90800,39399.0,2514630768429158,-0.11484267,0.06841691,0.02076942
91000,39599.0,2514630968432283,-0.06597344599999999,-0.009773844,0.09285152
91200,39799.0,2514631168436971,0.0,0.0,0.0
91400,39999.0,2514631368440096,0.0,0.0,0.0
91600,40199.0,2514631568443221,0.0,0.0,0.0
91800,40400.0,2514631768444783,0.0,0.0,0.0
92000,40600.0,2514631968449471,0.0,0.0,0.0
92200,40799.0,2514632168421346,-0.010995574,-0.05131268,0.095294975
92400,40999.0,2514632368424471,-0.11728613,0.061086524,0.073303826
92600,41199.0,2514632568427596,0.0,0.0,0.0
92800,41399.0,2514632768429158,0.05009095,0.06963864,-0.12950343
93000,41599.0,2514632968433846,0.08307768,-0.07574729,0.017104227
93200,41799.0,2514633168435408,-0.09040806,0.10629055,0.0012217305
93400,41999.0,2514633368438533,-0.11484267,0.103847094,0.007330383
93600,42199.0,2514633568441658,0.0,0.0,0.0
93800,42400.0,2514633768446346,0.02321288,0.02687807,-0.06597344599999999
94000,42600.0,2514633968449471,0.0,0.0,0.0
94200,42799.0,2514634168419783,0.029321533,-0.058643065,-0.037873644
94400,42999.0,2514634368422908,0.018325957,-0.10629055,-0.010995574
94600,43199.0,2514634568426033,0.06352998,-0.08674286,0.030543262
94800,43399.0,2514634768429158,0.0,0.0,0.0
95000,43599.0,2514634968432283,0.0,0.0,0.0
95200,43799.0,2514635168435408,0.06841691,-0.029321533,-0.029321533
95400,43999.0,2514635368438533,0.04520403,-0.04520403,0.04520403
95600,44199.0,2514635568441658,0.040317107000000005,0.059864793,-0.11484267
95800,44400.0,2514635768444783,0.0,0.0,0.0
96000,44600.0,2514635968447908,0.035430185,0.035430185,-0.12705997
96200,44799.0,2514636168421346,0.06597344599999999,0.0,-0.08674286
96400,44999.0,2514636368422908,0.0,0.0,0.0
96600,45199.0,2514636568426033,-0.06719518,-0.018325957,0.08674286
96800,45399.0,2514636768429158,-0.019547688,-0.017104227,0.07452556
97000,45599.0,2514636968432283,0.0,0.0,0.0
97200,45799.0,2514637168435408,0.0,0.0,0.0
97400,45999.0,2514637368438533,0.09773844,-0.07941248,-0.058643065
97600,46199.0,2514637568441658,-0.04886922,0.061086524,-0.004886922
97800,46400.0,2514637768444783,0.007330383,-0.08674286,0.06841691
98000,46600.0,2514637968447908,0.013439035,0.06352998,-0.04520403
98200,46800.0,2514638168451033,-0.028099801,0.08307768,-0.064751714
98400,46999.0,2514638368422908,0.06841691,-0.0720821,-0.05009095
98600,47199.0,2514638568426033,-0.095294975,0.04886922,0.03176499
98800,47399.0,2514638768429158,-0.019547688,-0.04153884,0.06352998
99000,47599.0,2514638968432283,0.056199603,-0.052534413,-0.021991149
99200,47799.0,2514639168433846,0.02687807,0.030543262,-0.06963864
99400,47999.0,2514639368438533,-0.13805555,0.096516706,0.059864793
99600,48199.0,2514639568441658,0.0,0.0,0.0
99800,48400.0,2514639768444783,-0.02321288,0.056199603,-0.05009095
100000,48600.0,2514639968447908,0.0,0.0,0.0
100200,48800.0,2514640168451033,-0.08063421400000001,0.073303826,0.02443461
100400,48999.0,2514640368422908,0.08796459400000001,-0.04886922,-0.04153884
100600,49199.0,2514640568424471,-0.073303826,0.081855945,-0.015882496
100800,49399.0,2514640768427596,-0.073303826,0.021991149,0.112399206
101000,49599.0,2514640968432283,-0.0720821,-0.007330383,0.034208454
101200,49799.0,2514641168433846,0.036651913,-0.009773844,-0.07086037
101400,49999.0,2514641368438533,-0.0061086523,0.10140363,-0.05131268
101600,50199.0,2514641568441658,0.0,0.0,0.0
101800,50400.0,2514641768444783,0.02321288,0.05375614,-0.12339478
102000,50600.0,2514641968447908,-0.030543262,-0.06719518,0.08674286
102200,50800.0,2514642168449471,-0.008552114,0.09773844,-0.04642576
102400,50999.0,2514642368422908,0.0,0.0,0.0
102600,51199.0,2514642568424471,0.0,0.0,0.0
102800,51399.0,2514642768427596,0.0,0.0,0.0
103000,51599.0,2514642968430721,-0.06963864,0.034208454,0.02076942
103200,51799.0,2514643168433846,0.0,0.0,0.0
103400,51999.0,2514643368436971,-0.13561209,0.017104227,0.19792034
103600,52199.0,2514643568441658,-0.057421334,-0.032986723,0.089186326
103800,52400.0,2514643768444783,0.0,0.0,0.0
104000,52600.0,2514643968447908,0.05497787,0.012217305,-0.05497787
104200,52800.0,2514644168449471,0.0,0.0,0.0
104400,52999.0,2514644368421346,-0.04886922,0.02321288,0.05375614
104600,53199.0,2514644568424471,0.04520403,0.061086524,-0.10873401
104800,53399.0,2514644768427596,0.061086524,0.03176499,-0.11362094
105000,53599.0,2514644968430721,-0.1160644,0.06352998,0.032986723
105200,53799.0,2514645168433846,0.0,0.0,0.0
105400,53999.0,2514645368436971,-0.07819075,0.0,-0.018325957
105600,54199.0,2514645568440096,-0.103847094,-0.028099801,0.10629055
105800,54399.0,2514645768443221,0.04642576,0.037873644,0.05131268
106000,54600.0,2514645968446346,0.064751714,0.02321288,-0.036651913
106200,54800.0,2514646168449471,-0.06841691,0.0061086523,-0.034208454
106400,54999.0,2514646368421346,0.0,0.0,0.0
106600,55199.0,2514646568424471,0.0,0.0,0.0
106800,55399.0,2514646768427596,0.0,0.0,0.0
107000,55599.0,2514646968430721,0.05375614,-0.0036651916,-0.12461651
107200,55799.0,2514647168433846,-0.052534413,-0.019547688,0.14905111
107400,55999.0,2514647368436971,-0.0036651916,0.13683382,-0.11484267
107600,56199.0,2514647568440096,-0.10995574,0.012217305,0.014660766
107800,56399.0,2514647768443221,0.0,-0.021991149,0.13439035
108000,56600.0,2514647968446346,-0.007330383,0.13072516,-0.035430185
108200,56800.0,2514648168449471,-0.089186326,0.002443461,0.06719518
108400,56999.0,2514648368419783,-0.012217305,0.09773844,-0.04642576
108600,57199.0,2514648568424471,0.008552114,0.07574729,0.002443461
108800,57399.0,2514648768427596,-0.07086037,0.032986723,0.013439035
109000,57599.0,2514648968430721,-0.05375614,-0.036651913,0.047647487
109200,57799.0,2514649168432283,0.0,0.0,0.0
109400,57999.0,2514649368436971,0.0,0.0,0.0
109600,58199.0,2514649568440096,-0.07086037,-0.064751714,0.096516706
109800,58399.0,2514649768443221,0.036651913,-0.06352998,0.02565634
110000,58600.0,2514649968446346,0.0,0.0,0.0
110200,58800.0,2514650168449471,-0.021991149,-0.032986723,-0.06719518
110400,58999.0,2514650368419783,0.0,0.0,0.0
110600,59199.0,2514650568424471,0.018325957,-0.021991149,0.07086037
110800,59399.0,2514650768427596,-0.029321533,-0.021991149,0.07086037
111000,59599.0,2514650968429158,0.06597344599999999,-0.02565634,-0.034208454
111200,59799.0,2514651168433846,-0.042760565999999986,-0.029321533,0.12950343
111400,59999.0,2514651368435408,0.073303826,0.08307768,-0.18081611
111600,60199.0,2514651568440096,0.11728613,-0.04642576,-0.119729586
111800,60399.0,2514651768441658,-0.05497787,0.12461651,-0.010995574
112000,60600.0,2514651968446346,0.07574729,-0.05497787,-0.061086524
112200,60800.0,2514652168449471,-0.0842994,0.089186326,0.057421334
112400,60999.0,2514652368419783,0.0,0.0,0.0
112600,61199.0,2514652568422908,0.0,0.0,0.0
112800,61399.0,2514652768426033,0.0,0.0,0.0
113000,61599.0,2514652968429158,-0.017104227,-0.043982297,0.06352998
113200,61799.0,2514653168432283,-0.036651913,0.06963864,0.015882496
113400,61999.0,2514653368435408,-0.056199603,-0.019547688,0.12583824
113600,62199.0,2514653568438533,-0.029321533,0.002443461,0.07086037
113800,62399.0,2514653768441658,0.043982297,-0.042760565999999986,0.04886922
114000,62600.0,2514653968446346,-0.03176499,-0.004886922,0.0720821
114200,62800.0,2514654168447908,0.0,0.0,0.0
114400,62999.0,2514654368421346,0.0,0.0,0.0
114600,63199.0,2514654568422908,-0.12217305,-0.010995574,0.16126843
114800,63399.0,2514654768426033,0.0,0.0,0.0
115000,63599.0,2514654968429158,0.0,0.0,0.0
115200,63799.0,2514655168432283,-0.06352998,-0.032986723,0.119729586
115400,63999.0,2514655368435408,-0.0842994,0.013439035,0.10995574
115600,64199.0,2514655568438533,0.059864793,-0.05009095,-0.007330383
115800,64399.0,2514655768441658,-0.02565634,0.089186326,0.061086524
116000,64600.0,2514655968444783,-0.007330383,-0.07941248,0.081855945
116200,64800.0,2514656168447908,0.0,0.0,0.0
116400,65000.0,2514656368451033,-0.06841691,-0.009773844,0.0842994
116600,65199.0,2514656568422908,-0.06597344599999999,-0.042760565999999986,0.07452556
116800,65399.0,2514656768426033,-0.040317107000000005,0.064751714,0.017104227
117000,65599.0,2514656968429158,0.0,0.0,0.0
117200,65799.0,2514657168432283,-0.10629055,0.036651913,0.11362094
117400,65999.0,2514657368435408,0.07941248,-0.112399206,-0.02076942
117600,66199.0,2514657568438533,0.0,0.062308256,-0.05131268
117800,66399.0,2514657768441658,0.0,0.0,0.0
118000,66600.0,2514657968444783,0.0,0.0,0.0
118200,66800.0,2514658168446346,-0.103847094,0.07941248,0.08307768
118400,67000.0,2514658368451033,0.13072516,-0.1441642,-0.05497787
118600,67199.0,2514658568421346,-0.3213151,0.28588495,0.21991149
118800,67399.0,2514658768426033,0.26511553,-0.36163223,-0.111177474
119000,67599.0,2514658968429158,0.002443461,0.021991149,-0.07574729
119200,67799.0,2514659168432283,-0.089186326,0.02565634,0.103847094
119400,67999.0,2514659368435408,0.1001819,-0.008552114,-0.12339478
119600,68199.0,2514659568438533,0.0,0.0,0.0
119800,68399.0,2514659768441658,0.0,0.0,0.0
120000,68600.0,2514659968444783,0.047647487,-0.062308256,0.004886922
120200,68800.0,2514660168446346,0.0,0.0,0.0
120400,69000.0,2514660368449471,0.059864793,-0.0036651916,-0.047647487
120600,69199.0,2514660568421346,0.0,0.0,0.0
120800,69399.0,2514660768424471,0.0,0.0,0.0
121000,69599.0,2514660968429158,0.019547688,-0.058643065,0.047647487
121200,69799.0,2514661168432283,-0.073303826,0.03176499,0.08063421400000001
121400,69999.0,2514661368435408,0.02565634,0.042760565999999986,-0.062308256
121600,70199.0,2514661568438533,0.030543262,0.057421334,-0.12339478
121800,70399.0,2514661768441658,0.0,0.0,0.0
122000,70599.0,2514661968443221,-0.043982297,0.14294247,-0.040317107000000005
122200,70800.0,2514662168447908,0.02687807,-0.09285152,0.05497787
122400,71000.0,2514662368449471,-0.09407325,0.057421334,0.105068825
122600,71199.0,2514662568421346,0.06352998,-0.04153884,-0.013439035
122800,71399.0,2514662768424471,0.02076942,0.09285152,-0.118507855
123000,71599.0,2514662968427596,-0.05375614,0.047647487,0.029321533
123200,71799.0,2514663168430721,-0.04153884,0.15271631,-0.02076942
123400,71999.0,2514663368433846,-0.021991149,0.12095132,-0.064751714
123600,72199.0,2514663568436971,-0.105068825,0.095294975,0.0720821
123800,72399.0,2514663768440096,0.052534413,0.056199603,-0.07941248
124000,72600.0,2514663968444783,0.0,0.0,0.0
124200,72800.0,2514664168446346,0.0,0.0,0.0
124400,73000.0,2514664368449471,0.0,0.0,0.0
124600,73199.0,2514664568421346,0.0,0.0,0.0
124800,73399.0,2514664768424471,0.010995574,0.06841691,-0.032986723
125000,73599.0,2514664968427596,0.0,0.0,0.0
125200,73799.0,2514665168430721,0.052534413,0.08796459400000001,-0.08796459400000001
125400,73999.0,2514665368433846,0.0,0.0,0.0
125600,74199.0,2514665568436971,0.0,0.0,0.0
125800,74399.0,2514665768440096,-0.056199603,0.14172074,-0.03176499
126000,74599.0,2514665968443221,0.015882496,-0.06597344599999999,0.039095376
126200,74800.0,2514666168446346,-0.089186326,0.096516706,0.035430185
126400,75000.0,2514666368449471,0.037873644,-0.06597344599999999,-0.002443461
126600,75199.0,2514666568421346,0.06963864,-0.13439035,-0.007330383
126800,75399.0,2514666768424471,0.081855945,-0.047647487,-0.05375614
127000,75599.0,2514666968427596,0.057421334,0.04642576,-0.02443461
127200,75799.0,2514667168430721,-0.047647487,-0.040317107000000005,0.09162979
127400,75999.0,2514667368433846,0.059864793,-0.12583824,0.013439035
127600,76199.0,2514667568436971,0.0,0.0,0.0
127800,76399.0,2514667768440096,0.004886922,-0.06963864,0.035430185
128000,76599.0,2514667968443221,0.0,0.0,0.0
128200,76800.0,2514668168446346,-0.08796459400000001,0.036651913,0.09773844
128400,77000.0,2514668368449471,-0.1160644,0.12705997,-0.029321533
128600,77199.0,2514668568421346,-0.007330383,0.06841691,0.034208454
128800,77399.0,2514668768422908,-0.013439035,0.06963864,0.029321533
129000,77599.0,2514668968427596,-0.096516706,0.05375614,0.019547688
129200,77799.0,2514669168430721,-0.012217305,0.06352998,-0.043982297
129400,77999.0,2514669368433846,0.0842994,0.0720821,-0.012217305
129600,78199.0,2514669568436971,0.018325957,0.112399206,0.0036651916
129800,78399.0,2514669768440096,-0.12583824,0.08796459400000001,0.02565634
130000,78599.0,2514669968443221,0.0,0.111177474,-0.0012217305
130200,78800.0,2514670168444783,-0.043982297,0.11362094,0.061086524
130400,79000.0,2514670368449471,-0.1160644,0.1282817,-0.02076942
130600,79199.0,2514670568419783,-0.095294975,0.14538592,0.06719518
130800,79399.0,2514670768424471,0.04886922,0.09040806,0.036651913
131000,79599.0,2514670968426033,0.0,0.0,0.0
131200,79799.0,2514671168429158,-0.1001819,0.02076942,0.037873644
131400,79999.0,2514671368432283,0.0,0.0,0.0
131600,80199.0,2514671568436971,0.0,0.0,0.0
131800,80399.0,2514671768438533,0.0,0.0,0.0
132000,80599.0,2514671968441658,0.052534413,-0.09773844,0.002443461
132200,80800.0,2514672168446346,0.030543262,-0.06597344599999999,0.029321533
132400,81000.0,2514672368449471,0.0,0.0,0.0
132600,81199.0,2514672568419783,0.10995574,0.004886922,-0.103847094
132800,81399.0,2514672768422908,0.09896017,-0.02321288,-0.037873644
133000,81599.0,2514672968426033,0.07086037,-0.057421334,-0.058643065
133200,81799.0,2514673168429158,-0.040317107000000005,-0.021991149,-0.06352998
133400,81999.0,2514673368432283,0.0,0.0,0.0
133600,82199.0,2514673568435408,0.07086037,-0.036651913,-0.008552114
133800,82399.0,2514673768438533,-0.03176499,-0.105068825,-0.017104227
134000,82599.0,2514673968443221,0.0,0.0,0.0
134200,82800.0,2514674168444783,0.08796459400000001,-0.10262536,-0.008552114
134400,83000.0,2514674368447908,0.0,0.0,0.0
134600,83199.0,2514674568419783,0.0061086523,-0.13439035,-0.021991149
134800,83399.0,2514674768422908,0.096516706,-0.15760323,0.028099801
135000,83599.0,2514674968426033,0.07452556,-0.10995574,0.029321533
135200,83799.0,2514675168429158,-0.014660766,-0.07696902,-0.010995574
135400,83999.0,2514675368432283,0.0720821,-0.081855945,0.032986723
135600,84199.0,2514675568435408,0.089186326,-0.17104226,0.030543262
135800,84399.0,2514675768438533,-0.08796459400000001,0.10140363,-0.019547688
136000,84599.0,2514675968441658,-0.059864793,-0.05131268,0.004886922
136200,84800.0,2514676168444783,0.02443461,0.06597344599999999,0.035430185
136400,85000.0,2514676368447908,0.0,0.0,0.0
136600,85200.0,2514676568451033,0.0,0.0,0.0
136800,85399.0,2514676768422908,0.0,0.0,0.0
137000,85599.0,2514676968426033,0.06719518,0.039095376,0.009773844
137200,85799.0,2514677168429158,0.0,0.0,0.0
137400,85999.0,2514677368432283,0.0,0.0,0.0
137600,86199.0,2514677568433846,0.0,0.0,0.0
137800,86399.0,2514677768438533,0.0,0.0,0.0
138000,86599.0,2514677968441658,-0.09896017,0.04642576,-0.02443461
138200,86800.0,2514678168444783,0.0,0.0,0.0
138400,87000.0,2514678368447908,0.0,0.0,0.0
138600,87200.0,2514678568451033,0.0,0.035430185,-0.06841691
138800,87399.0,2514678768422908,-0.064751714,0.035430185,0.021991149
139000,87599.0,2514678968426033,0.0,0.0,0.0
139200,87799.0,2514679168429158,0.0,0.0,0.0
139400,87999.0,2514679368432283,0.0,0.0,0.0
139600,88199.0,2514679568433846,0.0,0.0,0.0
139800,88399.0,2514679768438533,0.0,0.0,0.0
140000,88599.0,2514679968440096,-0.10751228,0.019547688,-0.021991149
140200,88799.0,2514680168443221,0.0,0.0,0.0
140400,89000.0,2514680368447908,0.0,0.0,0.0
140600,89200.0,2514680568449471,-0.073303826,0.019547688,-0.008552114
140800,89399.0,2514680768422908,0.0,0.0,0.0
141000,89599.0,2514680968424471,0.0,0.0,0.0
141200,89799.0,2514681168427596,0.0,0.0,0.0
141400,89999.0,2514681368430721,0.0,0.0,0.0
141600,90199.0,2514681568433846,0.0,0.0,0.0
141800,90399.0,2514681768436971,0.06963864,0.02565634,0.03176499
142000,90599.0,2514681968441658,0.0,0.0,0.0
142200,90800.0,2514682168444783,-0.06963864,0.036651913,-0.004886922
142400,91000.0,2514682368446346,0.10629055,0.019547688,0.029321533
142600,91200.0,2514682568449471,0.0,0.0,0.0
142800,91399.0,2514682768422908,-0.10140363,0.018325957,-0.034208454
143000,91599.0,2514682968424471,0.0,0.0,0.0
143200,91799.0,2514683168427596,0.073303826,0.02076942,0.017104227
143400,91999.0,2514683368430721,0.0,0.0,0.0
143600,92199.0,2514683568433846,0.0,0.0,0.0
143800,92399.0,2514683768436971,0.0,0.0,0.0
144000,92599.0,2514683968440096,0.0,0.0,0.0
144200,92799.0,2514684168443221,0.0,0.0,0.0
144400,93000.0,2514684368446346,0.0,0.0,0.0
144600,93200.0,2514684568451033,0.0,0.0,0.0
144800,93399.0,2514684768421346,0.0,0.0,0.0
145000,93599.0,2514684968424471,0.0,0.0,0.0
145200,93799.0,2514685168427596,0.0,0.0,0.0
145400,93999.0,2514685368430721,0.0,0.0,0.0
145600,94199.0,2514685568433846,-0.0720821,0.019547688,-0.029321533
145800,94399.0,2514685768436971,0.04886922,0.06352998,0.008552114
146000,94599.0,2514685968440096,0.0,0.0,0.0
146200,94799.0,2514686168443221,0.0,0.0,0.0
146400,95000.0,2514686368446346,0.0,0.0,0.0
146600,95200.0,2514686568449471,0.09896017,0.037873644,0.02443461
146800,95399.0,2514686768421346,0.0,0.0,0.0
147000,95599.0,2514686968422908,0.0,0.0,0.0
147200,95799.0,2514687168427596,0.06719518,-0.021991149,0.034208454
147400,95999.0,2514687368429158,0.06719518,-0.039095376,0.017104227
147600,96199.0,2514687568433846,0.002443461,-0.08063421400000001,0.0036651916
147800,96399.0,2514687768436971,0.095294975,-0.09896017,0.02687807
148000,96599.0,2514687968440096,0.06719518,-0.034208454,0.02076942
148200,96799.0,2514688168443221,-0.13194689,0.018325957,-0.02687807
148400,97000.0,2514688368446346,0.0,0.0,0.0
148600,97200.0,2514688568449471,0.061086524,0.05131268,-0.009773844
148800,97399.0,2514688768421346,0.0,0.0,0.0
149000,97599.0,2514688968424471,0.0,0.0,0.0
149200,97799.0,2514689168426033,0.0,0.0,0.0
149400,97999.0,2514689368430721,0.08063421400000001,-0.14538592,0.05375614
149600,98199.0,2514689568433846,0.096516706,-0.3359759,0.02321288
149800,98399.0,2514689768435408,0.27366763,-0.41050145,-0.04886922
150000,98599.0,2514689968440096,0.112399206,-0.1881465,0.111177474
150200,98799.0,2514690168441658,-0.09407325,0.032986723,0.05131268
150400,99000.0,2514690368446346,-0.08796459400000001,0.0720821,-0.0036651916
150600,99200.0,2514690568449471,-0.08063421400000001,0.103847094,0.16126843
150800,99399.0,2514690768421346,-0.007330383,0.09162979,-0.057421334
151000,99599.0,2514690968424471,0.0,-0.105068825,0.018325957
151200,99799.0,2514691168427596,-0.32498032,0.44959682,0.16126843
151400,99999.0,2514691368429158,-0.119729586,-0.02565634,0.2773328
151600,100199.0,2514691568432283,-0.1441642,0.1563815,0.007330383
151800,100399.0,2514691768435408,0.028099801,-0.40317106,0.26511553
152000,100599.0,2514691968440096,-0.22357668,0.36163223,0.12461651
152200,100799.0,2514692168441658,0.057421334,0.16737708,-0.14172074
152400,101000.0,2514692368444783,-0.36774087,0.095294975,0.28955013
152600,101200.0,2514692568449471,0.54367006,-0.21868975,-0.4092797
152800,101399.0,2514692768419783,-0.22113322,0.28588495,0.09407325
153000,101599.0,2514692968422908,-0.31520647,0.08063421400000001,0.26511553
153200,101799.0,2514693168426033,0.28099802,-0.030543262,-0.23335053
153400,101999.0,2514693368429158,0.010995574,-0.07941248,0.10995574
153600,102199.0,2514693568432283,-0.09896017,0.08674286,0.04520403
153800,102399.0,2514693768435408,0.095294975,-0.002443461,-0.12705997
154000,102599.0,2514693968438533,0.0,0.0,0.0
154200,102799.0,2514694168441658,0.010995574,0.073303826,0.02443461
154400,103000.0,2514694368444783,0.2724459,-0.09407325,-0.23945917
154600,103200.0,2514694568447908,0.06963864,0.073303826,-0.047647487
154800,103399.0,2514694768419783,0.26022860000000003,-0.039095376,-0.15271631
155000,103599.0,2514694968422908,0.1881465,-0.07696902,-0.10629055
155200,103799.0,2514695168426033,0.0,0.0,0.0
155400,103999.0,2514695368429158,0.017104227,0.059864793,-0.04642576
155600,104199.0,2514695568432283,-0.015882496,0.13316862,0.039095376
155800,104399.0,2514695768435408,-0.05375614,0.09285152,0.02687807
156000,104599.0,2514695968438533,-0.0012217305,0.25411993,-0.1600467
156200,104799.0,2514696168441658,-0.08552113,0.02076942,0.06719518
156400,105000.0,2514696368444783,-0.002443461,0.19181168,-0.10995574
156600,105200.0,2514696568447908,0.05009095,0.05131268,-0.11484267
156800,105400.0,2514696768451033,-0.047647487,0.14905111,-0.10140363
157000,105599.0,2514696968422908,-0.15271631,0.11728613,0.062308256
157200,105799.0,2514697168426033,0.06963864,-0.037873644,0.0012217305
157400,105999.0,2514697368429158,-0.06719518,0.021991149,0.034208454
157600,106199.0,2514697568430721,0.012217305,0.02687807,0.0720821
157800,106399.0,2514697768435408,0.0,0.0,0.0
158000,106599.0,2514697968438533,0.0,0.0,0.0
158200,106799.0,2514698168441658,-0.04642576,0.057421334,-0.02565634
158400,107000.0,2514698368444783,-0.017104227,0.07574729,0.014660766
158600,107200.0,2514698568446346,-0.081855945,0.10873401,0.004886922
158800,107400.0,2514698768449471,0.02565634,0.05497787,-0.04642576
159000,107599.0,2514698968422908,-0.08552113,0.12950343,0.06841691
159200,107799.0,2514699168426033,-0.004886922,0.12339478,-0.10140363
159400,107999.0,2514699368429158,-0.12461651,0.12095132,0.019547688
159600,108199.0,2514699568430721,0.0720821,-0.009773844,-0.034208454
159800,108399.0,2514699768433846,0.0,0.0,0.0
160000,108599.0,2514699968438533,0.0,0.0,0.0
160200,108799.0,2514700168441658,0.105068825,-0.22235495,0.014660766
160400,109000.0,2514700368444783,0.02443461,-0.15149458,0.02443461
160600,109200.0,2514700568447908,-0.028099801,-0.105068825,-0.02443461
160800,109400.0,2514700768451033,-0.040317107000000005,0.034208454,-0.056199603
161000,109599.0,2514700968421346,0.0720821,-0.16615535,0.10140363
161200,109799.0,2514701168424471,-0.062308256,0.032986723,-0.030543262
161400,109999.0,2514701368429158,0.1600467,-0.103847094,-0.002443461
161600,110199.0,2514701568430721,0.4092797,-0.035430185,0.11362094
161800,110399.0,2514701768433846,0.19058995,-0.015882496,0.04153884
162000,110599.0,2514701968438533,-0.08552113,-0.09162979,0.061086524
162200,110799.0,2514702168440096,0.039095376,-0.002443461,-0.103847094
162400,110999.0,2514702368443221,-0.002443461,0.014660766,0.07696902
162600,111200.0,2514702568447908,-0.05497787,-0.052534413,-0.017104227
162800,111400.0,2514702768449471,0.0,0.0,0.0
163000,111599.0,2514702968421346,0.17592919,-0.014660766,0.12339478
163200,111799.0,2514703168424471,0.27977628,-0.021991149,-0.047647487
163400,111999.0,2514703368427596,0.0,-0.012217305,0.111177474
163600,112199.0,2514703568432283,0.07086037,-0.05375614,-0.06597344599999999
163800,112399.0,2514703768433846,-0.13683382,0.0012217305,-0.02565634
164000,112599.0,2514703968436971,-0.41905355,-0.06597344599999999,-0.042760565999999986
164200,112799.0,2514704168440096,-0.2565634,-0.004886922,-0.042760565999999986
164400,112999.0,2514704368443221,-0.07452556,-0.057421334,-0.058643065
164600,113200.0,2514704568446346,0.0,0.0,0.0
164800,113400.0,2514704768449471,0.052534413,0.039095376,-0.040317107000000005
165000,113599.0,2514704968421346,0.0720821,-0.111177474,0.07452556
165200,113799.0,2514705168424471,0.0,0.0,0.0
165400,113999.0,2514705368427596,0.073303826,0.06719518,0.05131268
165600,114199.0,2514705568429158,0.06719518,0.05375614,-0.07086037
165800,114399.0,2514705768433846,0.037873644,-0.021991149,0.06719518
166000,114599.0,2514705968436971,0.06841691,0.0,-0.09162979
166200,114799.0,2514706168440096,-0.13561209,0.07941248,0.02443461
166400,114999.0,2514706368443221,0.05375614,0.035430185,-0.09040806
166600,115200.0,2514706568446346,0.05497787,0.040317107000000005,-0.037873644
166800,115400.0,2514706768449471,-0.089186326,0.19303341,-0.1001819
167000,115599.0,2514706968421346,-0.039095376,0.15027285,-0.07086037
167200,115799.0,2514707168424471,0.021991149,0.02687807,-0.1282817
167400,115999.0,2514707368427596,-0.08063421400000001,0.25778514,-0.021991149
167600,116199.0,2514707568430721,-0.009773844,0.09285152,-0.12339478
167800,116399.0,2514707768433846,-0.103847094,0.16493362,-0.11484267
168000,116599.0,2514707968436971,0.02443461,-0.030543262,-0.10751228
168200,116799.0,2514708168440096,-0.1160644,0.20280726,-0.073303826
168400,116999.0,2514708368443221,0.07452556,-0.036651913,-0.07452556
168600,117200.0,2514708568446346,0.002443461,0.056199603,-0.05497787
168800,117400.0,2514708768449471,0.064751714,-0.0720821,-0.05497787
169000,117599.0,2514708968421346,0.3042109000000001,-0.22968534,-0.37384954
169200,117799.0,2514709168424471,-0.058643065,0.06963864,-0.059864793
169400,117999.0,2514709368426033,-0.02443461,-0.13194689,0.13561209
169600,118199.0,2514709568430721,0.064751714,0.0061086523,-0.21135938
169800,118399.0,2514709768432283,0.002443461,-0.13439035,0.037873644
170000,118599.0,2514709968435408,0.02565634,-0.20769419,0.18203785
170200,118799.0,2514710168438533,0.09285152,-0.2443461,0.12950343
170400,118999.0,2514710368441658,0.081855945,-0.028099801,-0.15149458
170600,119200.0,2514710568444783,0.02687807,0.05497787,-0.2125811
170800,119400.0,2514710768447908,-0.004886922,0.035430185,-0.10629055
171000,119599.0,2514710968421346,0.08796459400000001,-0.02443461,-0.25900686
171200,119799.0,2514711168422908,0.0,0.0,0.0
171400,119999.0,2514711368427596,-0.05131268,0.103847094,-0.07086037
171600,120199.0,2514711568430721,-0.09773844,0.007330383,0.1001819
171800,120399.0,2514711768432283,-0.018325957,-0.09162979,0.12950343
172000,120599.0,2514711968436971,-0.07452556,0.028099801,-0.012217305
172200,120799.0,2514712168438533,0.14294247,-0.13683382,-0.06352998
172400,120999.0,2514712368443221,-0.14538592,-0.02321288,0.30787608
172600,121200.0,2514712568444783,-0.13194689,-0.0061086523,0.32498032
172800,121400.0,2514712768447908,0.047647487,-0.18325958,0.22357668
173000,121599.0,2514712968419783,-0.089186326,0.043982297,0.15760323
173200,121799.0,2514713168422908,-0.056199603,-0.034208454,0.23090707
173400,121999.0,2514713368426033,-0.11484267,-0.02687807,0.15027285
173600,122199.0,2514713568429158,-0.07452556,-0.058643065,0.058643065
173800,122399.0,2514713768432283,-0.08552113,0.0061086523,0.07452556
174000,122599.0,2514713968435408,0.0,0.0,0.0
174200,122799.0,2514714168438533,-0.07819075,0.062308256,0.118507855
174400,122999.0,2514714368443221,0.009773844,-0.08307768,0.10262536
174600,123200.0,2514714568444783,-0.10873401,0.0842994,0.10629055
174800,123400.0,2514714768447908,0.0,0.0,0.0
175000,123600.0,2514714968451033,0.0,0.0,0.0
175200,123799.0,2514715168422908,-0.06597344599999999,0.05009095,0.07086037
175400,123999.0,2514715368426033,0.0,0.0,0.0
175600,124199.0,2514715568429158,0.0,0.0,0.0
175800,124399.0,2514715768432283,0.0,0.0,0.0
176000,124599.0,2514715968435408,0.0,0.0,0.0
176200,124799.0,2514716168438533,0.057421334,0.010995574,0.052534413
176400,124999.0,2514716368441658,0.0,0.0,0.0
176600,125200.0,2514716568444783,-0.04153884,0.06597344599999999,-0.004886922
176800,125400.0,2514716768447908,0.0,0.0,0.0
177000,125600.0,2514716968451033,0.040317107000000005,-0.019547688,-0.061086524
177200,125799.0,2514717168422908,0.040317107000000005,-0.064751714,0.0061086523
177400,125999.0,2514717368426033,-0.13194689,0.032986723,0.002443461
177600,126199.0,2514717568427596,0.0,0.0,0.0
177800,126399.0,2514717768430721,-0.059864793,0.05375614,0.004886922
178000,126599.0,2514717968433846,0.05375614,-0.02565634,-0.09773844
178200,126799.0,2514718168438533,0.1001819,-0.08307768,-0.047647487
178400,126999.0,2514718368441658,0.0,0.0,0.0
178600,127200.0,2514718568444783,0.0,0.0,0.0
178800,127400.0,2514718768447908,0.035430185,-0.032986723,0.061086524
179000,127600.0,2514718968451033,-0.08552113,0.13927728,0.08796459400000001
179200,127799.0,2514719168422908,-0.014660766,-0.047647487,0.057421334
179400,127999.0,2514719368424471,-0.035430185,0.06352998,0.02321288
179600,128199.0,2514719568427596,0.037873644,-0.02565634,-0.06352998
179800,128399.0,2514719768430721,0.002443461,0.06841691,-0.042760565999999986
180000,128599.0,2514719968433846,-0.06963864,0.1160644,0.036651913
180200,128799.0,2514720168436971,-0.12095132,0.19058995,0.028099801
180400,128999.0,2514720368441658,-0.04642576,0.043982297,0.04520403
180600,129199.0,2514720568443221,-0.064751714,0.09040806,0.0012217305
180800,129400.0,2514720768447908,-0.04153884,0.06597344599999999,0.009773844
181000,129600.0,2514720968451033,0.0,0.0,0.0
181200,129799.0,2514721168422908,-0.057421334,-0.007330383,0.05009095
181400,129999.0,2514721368424471,-0.042760565999999986,-0.0842994,-0.052534413
181600,130199.0,2514721568427596,-0.040317107000000005,0.07941248,-0.10262536
181800,130399.0,2514721768430721,-0.02687807,0.06597344599999999,-0.036651913
182000,130599.0,2514721968433846,-0.019547688,-0.15393804,0.09040806
182200,130799.0,2514722168436971,-0.09162979,0.057421334,0.035430185
182400,130999.0,2514722368440096,0.12705997,-0.040317107000000005,0.02443461
182600,131199.0,2514722568443221,0.089186326,-0.05375614,0.040317107000000005
182800,131400.0,2514722768446346,0.0,0.0,0.0
183000,131600.0,2514722968449471,0.0,0.0,0.0
183200,131799.0,2514723168421346,0.02443461,-0.06352998,0.034208454
183400,131999.0,2514723368424471,0.0,0.0,0.0
183600,132199.0,2514723568427596,0.047647487,0.04642576,-0.04153884
183800,132399.0,2514723768430721,-0.05131268,0.034208454,0.047647487
184000,132599.0,2514723968433846,0.017104227,-0.06719518,0.040317107000000005
184200,132799.0,2514724168436971,-0.0061086523,0.10140363,-0.05131268
184400,132999.0,2514724368441658,0.0,0.0,0.0
184600,133199.0,2514724568443221,-0.034208454,0.096516706,-0.043982297
184800,133400.0,2514724768446346,0.0,0.0,0.0
185000,133600.0,2514724968449471,-0.061086524,0.089186326,-0.014660766
185200,133799.0,2514725168421346,0.06597344599999999,-0.032986723,-0.018325957
185400,133999.0,2514725368424471,0.0,0.0,0.0
185600,134199.0,2514725568427596,0.012217305,0.06597344599999999,-0.04520403
185800,134399.0,2514725768430721,0.02565634,-0.10995574,0.07452556
186000,134599.0,2514725968433846,0.0,0.0,0.0
186200,134799.0,2514726168436971,-0.034208454,-0.05497787,-0.047647487
186400,134999.0,2514726368440096,0.0036651916,0.089186326,-0.06719518
186600,135199.0,2514726568443221,0.0,0.0,0.0
186800,135400.0,2514726768446346,0.05375614,-0.089186326,0.037873644
187000,135600.0,2514726968449471,-0.014660766,0.12217305,-0.058643065
187200,135799.0,2514727168421346,-0.009773844,0.105068825,-0.028099801
187400,135999.0,2514727368422908,-0.035430185,0.096516706,-0.032986723
187600,136199.0,2514727568426033,-0.052534413,0.05131268,0.02565634
187800,136399.0,2514727768430721,-0.07086037,0.13072516,0.043982297
188000,136599.0,2514727968433846,-0.12950343,0.30298916,-0.029321533
188200,136799.0,2514728168436971,-0.047647487,0.18448131,-0.04520403
188400,136999.0,2514728368440096,0.008552114,0.07086037,-0.032986723
188600,137199.0,2514728568443221,0.0,0.0,0.0
188800,137400.0,2514728768446346,0.0,0.0,0.0
189000,137600.0,2514728968447908,-0.06841691,0.018325957,0.035430185
189200,137799.0,2514729168419783,-0.05131268,0.047647487,0.03176499
189400,137999.0,2514729368424471,0.0,0.0,0.0
189600,138199.0,2514729568426033,0.0720821,-0.17470746,0.02687807
189800,138399.0,2514729768429158,0.035430185,-0.13072516,0.013439035
190000,138599.0,2514729968432283,-0.034208454,-0.03176499,0.06352998
190200,138799.0,2514730168435408,0.009773844,-0.014660766,0.07819075
190400,138999.0,2514730368438533,0.0,0.0,0.0
190600,139199.0,2514730568443221,-0.059864793,0.04520403,0.02321288
190800,139400.0,2514730768444783,-0.013439035,-0.07819075,0.07819075
191000,139600.0,2514730968447908,0.0,0.0,0.0
191200,139799.0,2514731168421346,0.0,0.0,0.0
191400,139999.0,2514731368422908,0.059864793,-0.09040806,-0.004886922
191600,140199.0,2514731568426033,0.073303826,-0.07086037,-0.04520403
191800,140399.0,2514731768429158,-0.017104227,-0.07574729,-0.019547688
192000,140599.0,2514731968432283,0.021991149,-0.07696902,-0.0036651916
192200,140799.0,2514732168435408,0.13194689,-0.042760565999999986,-0.009773844
192400,140999.0,2514732368438533,-0.07452556,0.13561209,-0.017104227
192600,141199.0,2514732568441658,-0.040317107000000005,0.05009095,-0.043982297
192800,141400.0,2514732768446346,-0.002443461,0.07086037,0.08552113
193000,141600.0,2514732968447908,-0.021991149,0.089186326,0.06352998
193200,141799.0,2514733168419783,-0.12095132,0.09040806,-0.002443461
193400,141999.0,2514733368422908,-0.036651913,-0.05009095,0.089186326
193600,142199.0,2514733568426033,0.07696902,0.017104227,0.013439035
193800,142399.0,2514733768429158,0.0,0.0,0.0
194000,142599.0,2514733968432283,-0.095294975,0.062308256,0.004886922
194200,142799.0,2514734168435408,0.0,0.0,0.0
194400,142999.0,2514734368438533,0.05497787,0.05375614,0.012217305
194600,143199.0,2514734568441658,-0.06352998,0.042760565999999986,-0.0036651916
194800,143400.0,2514734768444783,0.0,0.0,0.0
195000,143600.0,2514734968447908,-0.019547688,0.15393804,-0.017104227
195200,143800.0,2514735168451033,-0.04520403,0.073303826,-0.06597344599999999
195400,143999.0,2514735368422908,-0.05131268,0.17348573,-0.04153884
195600,144199.0,2514735568426033,-0.052534413,0.073303826,0.10140363
195800,144399.0,2514735768429158,0.0,0.0,0.0
196000,144599.0,2514735968432283,-0.06352998,0.030543262,-0.037873644
196200,144799.0,2514736168435408,0.029321533,0.052534413,0.052534413
196400,144999.0,2514736368438533,0.0,0.0,0.0
196600,145199.0,2514736568441658,0.0,0.0,0.0
196800,145400.0,2514736768444783,-0.047647487,0.096516706,-0.028099801
197000,145600.0,2514736968449471,0.02565634,0.13316862,-0.012217305
197200,145800.0,2514737168451033,-0.058643065,0.13805555,-0.021991149
197400,145999.0,2514737368422908,-0.029321533,0.058643065,-0.039095376
197600,146199.0,2514737568426033,0.0,0.0,0.0
197800,146399.0,2514737768429158,0.0061086523,0.15515977,0.0
198000,146599.0,2514737968432283,-0.17348573,0.1563815,0.07574729
198200,146799.0,2514738168435408,0.0,0.0,0.0
198400,146999.0,2514738368438533,-0.08552113,0.042760565999999986,0.10140363
198600,147199.0,2514738568441658,-0.17837265,0.018325957,0.1282817
198800,147400.0,2514738768444783,-0.16737708,0.04642576,0.08063421400000001
199000,147600.0,2514738968447908,-0.096516706,0.030543262,0.11728613
199200,147800.0,2514739168449471,-0.18203785,0.035430185,0.13316862
199400,147999.0,2514739368421346,-0.1282817,-0.16493362,0.09407325
199600,148199.0,2514739568424471,-0.20525073,-0.112399206,0.18081611
199800,148399.0,2514739768429158,-0.10995574,-0.004886922,0.103847094
200000,148599.0,2514739968430721,0.0,0.0,0.0
200200,148799.0,2514740168433846,0.103847094,0.039095376,-0.029321533
200400,148999.0,2514740368436971,0.4801401,-0.02443461,-0.21868975
200600,149199.0,2514740568440096,-0.17837265,-0.40194935,0.37507126
200800,149399.0,2514740768443221,-0.14905111,0.02565634,0.1160644
201000,149600.0,2514740968446346,0.5326744999999999,-0.4642576,-0.10751228
201200,149800.0,2514741168451033,-0.04153884,0.015882496,0.12461651
201400,149999.0,2514741368421346,0.0,0.0,0.0
201600,150199.0,2514741568424471,0.19547687,0.17348573,-0.18936823
201800,150399.0,2514741768427596,0.21502456,-0.02076942,-0.047647487
202000,150599.0,2514741968430721,0.19547687,-0.012217305,-0.07086037
202200,150799.0,2514742168433846,0.18325958,-0.06963864,-0.08307768
202400,150999.0,2514742368438533,-0.028099801,-0.04642576,0.21991149
202600,151199.0,2514742568441658,0.13927728,0.021991149,-0.06597344599999999
202800,151399.0,2514742768443221,0.002443461,-0.1282817,0.118507855
203000,151600.0,2514742968446346,0.21380283,0.10629055,-0.19914207
203200,151800.0,2514743168449471,-0.07452556,0.021991149,0.24801129
203400,151999.0,2514743368421346,-0.14172074,0.10262536,0.06352998
203600,152199.0,2514743568424471,0.06597344599999999,0.09896017,-0.12095132
203800,152399.0,2514743768427596,0.20158553,0.035430185,-0.0842994
204000,152599.0,2514743968430721,0.17715092,-0.2565634,0.14172074
204200,152799.0,2514744168433846,0.04520403,-0.004886922,-0.06719518
204400,152999.0,2514744368436971,-0.12217305,0.030543262,0.18936823
204600,153199.0,2514744568440096,0.23090707,0.0,-0.119729586
204800,153399.0,2514744768443221,0.04642576,-0.04886922,-0.08796459400000001
205000,153600.0,2514744968446346,0.06719518,-0.12705997,0.059864793
205200,153800.0,2514745168449471,0.19792034,-0.1563815,-0.021991149
205400,153999.0,2514745368421346,0.039095376,-0.002443461,0.06841691
205600,154199.0,2514745568424471,0.07696902,-0.07574729,-0.010995574
205800,154399.0,2514745768427596,0.07941248,0.07086037,-0.11362094
206000,154599.0,2514745968430721,0.0,0.0,0.0
206200,154799.0,2514746168433846,0.18692477,-0.11362094,-0.16982053
206400,154999.0,2514746368436971,-0.11484267,0.014660766,0.19425514
206600,155199.0,2514746568440096,0.0,0.0,0.0
206800,155399.0,2514746768443221,0.09896017,0.040317107000000005,-0.19303341
207000,155600.0,2514746968446346,0.05131268,0.064751714,-0.20525073
207200,155800.0,2514747168447908,0.0720821,0.035430185,-0.15515977
207400,155999.0,2514747368421346,-0.08796459400000001,0.089186326,-0.043982297
207600,156199.0,2514747568424471,0.012217305,0.07941248,-0.15027285
207800,156399.0,2514747768426033,0.103847094,0.04886922,-0.20525073
208000,156599.0,2514747968429158,-0.10995574,0.032986723,0.13194689
208200,156799.0,2514748168432283,0.030543262,0.047647487,-0.12705997
208400,156999.0,2514748368436971,-0.07696902,0.1282817,-0.05375614
208600,157199.0,2514748568440096,-0.057421334,0.09896017,-0.13194689
208800,157399.0,2514748768441658,-0.07574729,-0.007330383,0.08063421400000001
209000,157600.0,2514748968446346,0.0,0.0,0.0
209200,157800.0,2514749168449471,-0.009773844,-0.1001819,0.04886922
209400,157999.0,2514749368419783,-0.10995574,-0.06719518,0.22968534
209600,158199.0,2514749568424471,-0.030543262,-0.111177474,0.16615535
209800,158399.0,2514749768427596,-0.004886922,0.10262536,-0.14172074
210000,158599.0,2514749968430721,-0.09896017,-0.058643065,0.07086037
210200,158799.0,2514750168432283,0.10140363,0.012217305,-0.23090707
210400,158999.0,2514750368435408,-0.02443461,-0.13194689,0.08674286
210600,159199.0,2514750568438533,0.0061086523,-0.105068825,0.037873644
210800,159399.0,2514750768441658,0.0,0.0,0.0
211000,159600.0,2514750968444783,-0.06597344599999999,-0.04886922,0.10873401
211200,159800.0,2514751168447908,-0.06352998,0.012217305,-0.040317107000000005
211400,159999.0,2514751368419783,-0.13316862,-0.04642576,0.19425514
211600,160199.0,2514751568422908,-0.119729586,0.05131268,0.02443461
211800,160399.0,2514751768426033,0.05131268,0.042760565999999986,-0.17959438
212000,160599.0,2514751968429158,-0.19181168,-0.04520403,0.21624629
212200,160799.0,2514752168432283,-0.06597344599999999,-0.015882496,0.09162979
212400,160999.0,2514752368435408,0.009773844,0.064751714,-0.14538592
212600,161199.0,2514752568438533,-0.19914207,0.059864793,0.13072516
212800,161399.0,2514752768441658,0.019547688,0.019547688,-0.073303826
213000,161600.0,2514752968444783,-0.07819075,-0.05131268,0.059864793
213200,161800.0,2514753168447908,0.07574729,-0.02443461,-0.10995574
213400,161999.0,2514753368419783,-0.052534413,-0.057421334,0.10751228
213600,162199.0,2514753568424471,-0.10751228,0.10751228,-0.007330383
213800,162399.0,2514753768426033,0.06841691,-0.14905111,0.057421334
214000,162599.0,2514753968429158,-0.096516706,0.039095376,0.08674286
214200,162799.0,2514754168432283,0.0,0.0,0.0
214400,162999.0,2514754368435408,-0.030543262,0.08307768,-0.073303826
214600,163199.0,2514754568438533,0.014660766,-0.089186326,0.10629055
214800,163399.0,2514754768441658,-0.019547688,0.08796459400000001,-0.06597344599999999
215000,163600.0,2514754968444783,0.0,0.056199603,-0.05497787
215200,163800.0,2514755168447908,-0.103847094,0.19547687,-0.004886922
215400,164000.0,2514755368451033,-0.11362094,0.09285152,0.040317107000000005
215600,164199.0,2514755568421346,0.0,0.0,0.0
215800,164399.0,2514755768426033,0.0,0.0,0.0
216000,164599.0,2514755968429158,-0.20647246,0.15271631,0.11484267
216200,164799.0,2514756168432283,-0.017104227,0.13561209,-0.1160644
216400,164999.0,2514756368435408,-0.04153884,0.18692477,-0.09285152
216600,165199.0,2514756568438533,-0.2003638,0.15515977,0.07819075
216800,165399.0,2514756768441658,0.021991149,0.07452556,-0.07941248
217000,165600.0,2514756968444783,0.09285152,0.010995574,-0.12461651
217200,165800.0,2514757168446346,-0.19425514,0.059864793,0.11728613
217400,166000.0,2514757368449471,0.16126843,0.030543262,-0.1600467
217600,166199.0,2514757568422908,-0.13683382,0.08796459400000001,0.04886922
217800,166399.0,2514757768426033,0.08796459400000001,0.021991149,-0.064751714
218000,166599.0,2514757968427596,0.0,0.0,0.0
218200,166799.0,2514758168432283,-0.10262536,-0.05131268,0.10995574
218400,166999.0,2514758368433846,0.2321288,-0.37873647,0.035430185
218600,167199.0,2514758568438533,0.23457226,-0.2883284,0.059864793
218800,167399.0,2514758768441658,0.0,0.0,0.0
219000,167600.0,2514758968444783,0.0,0.0,0.0
219200,167800.0,2514759168447908,0.0,0.0,0.0
219400,168000.0,2514759368449471,0.06841691,-0.13194689,-0.02687807
219600,168199.0,2514759568422908,0.22235495,-0.36163223,0.081855945
219800,168399.0,2514759768424471,0.312763,-0.3933972,-0.004886922
220000,168599.0,2514759968427596,0.061086524,-0.09285152,0.0012217305
220200,168799.0,2514760168430721,-0.05131268,0.09162979,0.04520403
220400,168999.0,2514760368433846,-0.13805555,0.13439035,0.032986723
220600,169199.0,2514760568436971,-0.12705997,0.17959438,-0.05497787
220800,169399.0,2514760768440096,-0.10629055,0.18570304,-0.02565634
221000,169599.0,2514760968443221,-0.09162979,0.08552113,0.052534413
221200,169800.0,2514761168446346,-0.09896017,0.14294247,0.017104227
221400,170000.0,2514761368449471,-0.02687807,0.096516706,-0.040317107000000005
221600,170199.0,2514761568421346,-0.007330383,0.07574729,-0.004886922
221800,170399.0,2514761768424471,0.047647487,0.13072516,-0.059864793
222000,170599.0,2514761968427596,-0.095294975,0.062308256,0.073303826
222200,170799.0,2514762168430721,-0.07819075,0.02565634,0.07452556
222400,170999.0,2514762368433846,0.07574729,-0.0061086523,-0.028099801
222600,171199.0,2514762568436971,0.014660766,0.014660766,0.07574729
222800,171399.0,2514762768440096,0.0,0.0,0.0
223000,171599.0,2514762968443221,-0.05497787,0.02321288,0.05009095
223200,171800.0,2514763168446346,0.10751228,0.017104227,-0.111177474
223400,172000.0,2514763368449471,0.0,0.0,0.0
223600,172199.0,2514763568421346,-0.10262536,0.015882496,0.10995574
223800,172399.0,2514763768424471,-0.0036651916,0.06841691,-0.034208454
224000,172599.0,2514763968427596,-0.012217305,0.04886922,-0.059864793
224200,172799.0,2514764168430721,-0.14294247,0.02565634,0.12339478
224400,172999.0,2514764368433846,0.0,0.0,0.0
224600,173199.0,2514764568436971,0.0,0.0,0.0
224800,173399.0,2514764768440096,-0.07452556,0.06963864,0.043982297
225000,173599.0,2514764968443221,0.0,0.0,0.0
225200,173800.0,2514765168446346,0.119729586,-0.032986723,-0.09407325
225400,174000.0,2514765368449471,-0.11728613,0.02443461,0.12705997
225600,174199.0,2514765568421346,0.0,0.0,0.0
225800,174399.0,2514765768424471,0.0720821,0.061086524,-0.09285152
226000,174599.0,2514765968427596,0.0,0.0,0.0
226200,174799.0,2514766168430721,-0.096516706,0.02443461,0.118507855
226400,174999.0,2514766368433846,0.13683382,-0.002443461,-0.14049901
226600,175199.0,2514766568436971,-0.05131268,0.036651913,0.04886922
226800,175399.0,2514766768440096,0.018325957,0.0842994,-0.06963864
227000,175599.0,2514766968443221,-0.036651913,0.05009095,0.047647487
227200,175800.0,2514767168446346,-0.05375614,0.057421334,-0.0012217305
227400,176000.0,2514767368449471,0.052534413,0.052534413,-0.08307768
227600,176199.0,2514767568421346,-0.15149458,0.09773844,0.09040806
227800,176399.0,2514767768424471,-0.06352998,0.02565634,0.035430185
228000,176599.0,2514767968426033,0.05131268,-0.039095376,-0.04520403
228200,176799.0,2514768168430721,0.08307768,-0.10629055,-0.017104227
228400,176999.0,2514768368432283,0.12705997,-0.16982053,0.017104227
228600,177199.0,2514768568435408,-0.0842994,-0.008552114,0.07574729
228800,177399.0,2514768768440096,0.057421334,-0.05375614,-0.0036651916
229000,177599.0,2514768968443221,0.0,0.0,0.0
229200,177800.0,2514769168446346,-0.047647487,-0.018325957,0.059864793
229400,178000.0,2514769368449471,0.103847094,-0.040317107000000005,0.004886922
229600,178199.0,2514769568421346,0.021991149,-0.073303826,0.008552114
229800,178399.0,2514769768422908,0.09040806,-0.16249016,0.0061086523
230000,178599.0,2514769968427596,0.27977628,-0.37873647,-0.021991149
230200,178799.0,2514770168429158,0.26267207,-0.35063666,0.06841691
230400,178999.0,2514770368432283,-0.064751714,0.0012217305,0.04886922
230600,179199.0,2514770568435408,-0.112399206,0.17837265,-0.02565634
230800,179399.0,2514770768440096,-0.11484267,0.12095132,0.04886922
231000,179599.0,2514770968441658,-0.096516706,0.09040806,0.03176499
231200,179800.0,2514771168444783,0.06352998,-0.073303826,0.056199603
231400,180000.0,2514771368447908,0.12339478,0.030543262,-0.039095376
231600,180199.0,2514771568419783,0.0,0.0,0.0
231800,180399.0,2514771768422908,-0.26633725,0.2846632,0.07941248
232000,180599.0,2514771968426033,-0.111177474,0.312763,-0.08063421400000001
232200,180799.0,2514772168429158,-0.02076942,0.07574729,-0.007330383
232400,180999.0,2514772368432283,-0.04886922,0.04153884,0.04886922
232600,181199.0,2514772568435408,0.15027285,-0.017104227,-0.12461651
232800,181399.0,2514772768438533,-0.06597344599999999,0.13439035,-0.043982297
233000,181599.0,2514772968441658,-0.17959438,0.03176499,0.16493362
233200,181800.0,2514773168444783,0.07819075,0.007330383,-0.111177474
233400,182000.0,2514773368447908,-0.09162979,-0.14905111,0.22479841
233600,182200.0,2514773568451033,-0.06352998,-0.034208454,0.13316862
233800,182399.0,2514773768422908,0.13316862,-0.037873644,-0.12461651
234000,182599.0,2514773968426033,-0.02565634,0.08552113,-0.06719518
234200,182799.0,2514774168429158,-0.15393804,0.07696902,0.08307768
234400,182999.0,2514774368432283,-0.035430185,0.1881465,-0.12095132
234600,183199.0,2514774568435408,-0.014660766,0.1881465,-0.09896017
234800,183399.0,2514774768438533,0.028099801,0.019547688,-0.0720821
235000,183599.0,2514774968441658,-0.25534168,0.09407325,0.22113322
235200,183800.0,2514775168444783,0.4447099,-0.06352998,-0.3933972
235400,184000.0,2514775368447908,-0.08307768,0.10751228,-0.012217305
235600,184200.0,2514775568451033,-0.06963864,0.06719518,0.05009095
235800,184399.0,2514775768422908,-0.08796459400000001,-0.07941248,0.059864793
236000,184599.0,2514775968424471,0.19547687,0.10629055,-0.25900686
236200,184799.0,2514776168427596,0.0,0.0,0.0
236400,184999.0,2514776368432283,-0.15149458,-0.057421334,0.15760323
236600,185199.0,2514776568433846,0.13194689,-0.112399206,-0.11362094
236800,185399.0,2514776768438533,0.18081611,-0.07086037,-0.1160644
237000,185599.0,2514776968440096,-0.1160644,-0.035430185,0.062308256
237200,185800.0,2514777168444783,-0.09285152,-0.02687807,0.05497787
237400,186000.0,2514777368447908,-0.625526,0.6133086999999999,0.2125811
237600,186200.0,2514777568451033,-0.312763,0.42394048,0.04520403
237800,186399.0,2514777768422908,-0.16615535,0.010995574,0.11484267
238000,186599.0,2514777968424471,-0.035430185,-0.14294247,0.08552113
238200,186799.0,2514778168429158,0.06352998,-0.18448131,0.02076942
238400,186999.0,2514778368432283,0.34941490000000003,-0.49357912,-0.05009095
238600,187199.0,2514778568435408,0.6780604,-0.88453287,-0.09285152
238800,187399.0,2514778768438533,-0.3652974,0.44715336,0.013439035
239000,187599.0,2514778968441658,0.10873401,-0.15393804,0.03176499
239200,187800.0,2514779168444783,-0.039095376,0.062308256,-0.02687807
239400,188000.0,2514779368447908,0.0,0.0,0.0
239600,188200.0,2514779568449471,0.0,0.0,0.0
239800,188399.0,2514779768421346,-0.058643065,0.04153884,-0.02565634
240000,188599.0,2514779968426033,0.0,0.0,0.0
240200,188799.0,2514780168427596,0.0,0.0,0.0
240400,188999.0,2514780368430721,0.0,0.0,0.0
240600,189199.0,2514780568433846,0.0,0.0,0.0
240800,189399.0,2514780768438533,0.0,0.0,0.0
241000,189599.0,2514780968441658,0.0,0.0,0.0
241200,189799.0,2514781168443221,-0.02687807,0.007330383,-0.073303826
241400,190000.0,2514781368446346,-0.057421334,0.052534413,0.0061086523
241600,190200.0,2514781568449471,0.0,0.0,0.0
241800,190399.0,2514781768421346,0.0,0.0,0.0
242000,190599.0,2514781968424471,0.0,0.0,0.0
242200,190799.0,2514782168427596,0.0,0.0,0.0
242400,190999.0,2514782368430721,0.0,0.0,0.0
242600,191199.0,2514782568433846,0.0,0.0,0.0
242800,191399.0,2514782768436971,0.0,0.0,0.0
243000,191599.0,2514782968440096,0.0,0.0,0.0
243200,191799.0,2514783168443221,-0.07086037,0.034208454,-0.004886922
243400,192000.0,2514783368446346,0.0,0.0,0.0
243600,192200.0,2514783568449471,0.0,0.0,0.0
243800,192399.0,2514783768421346,0.0036651916,0.07696902,0.004886922
244000,192599.0,2514783968424471,0.0,0.0,0.0
244200,192799.0,2514784168427596,0.0,0.0,0.0
244400,192999.0,2514784368430721,0.0,0.0,0.0
244600,193199.0,2514784568435408,0.0,0.0,0.0
244800,193399.0,2514784768436971,0.0,0.0,0.0
245000,193599.0,2514784968440096,0.0,0.0,0.0
245200,193799.0,2514785168443221,0.0,0.0,0.0
245400,194000.0,2514785368444783,0.0,0.0,0.0
245600,194200.0,2514785568449471,0.0,0.0,0.0
245800,194399.0,2514785768419783,0.0,0.0,0.0
246000,194599.0,2514785968424471,0.0,0.0,0.0
246200,194799.0,2514786168427596,0.0,0.0,0.0
246400,194999.0,2514786368429158,0.0,0.0,0.0
246600,195199.0,2514786568433846,0.0,0.0,0.0
246800,195399.0,2514786768436971,0.0,0.0,0.0
247000,195599.0,2514786968440096,0.0,0.0,0.0
247200,195799.0,2514787168443221,0.059864793,-0.05009095,-0.0061086523
247400,196000.0,2514787368446346,0.06597344599999999,-0.089186326,0.002443461
247600,196200.0,2514787568447908,0.0,0.0,0.0
247800,196399.0,2514787768421346,0.07086037,-0.07574729,-0.03176499
248000,196599.0,2514787968422908,0.05375614,-0.09285152,-0.013439035
248200,196799.0,2514788168427596,0.1600467,-0.23701571,-0.058643065
248400,196999.0,2514788368430721,0.14660765,-0.21624629,-0.06841691
248600,197199.0,2514788568432283,0.10751228,-0.07941248,-0.08552113
248800,197399.0,2514788768435408,-0.1441642,0.16493362,-0.057421334
249000,197599.0,2514788968440096,-0.14782938,0.14172074,0.03176499
249200,197799.0,2514789168441658,-0.10262536,0.13561209,-0.037873644
249400,198000.0,2514789368446346,-0.096516706,0.12095132,-0.0036651916
249600,198200.0,2514789568447908,0.002443461,0.096516706,-0.19914207
249800,198399.0,2514789768421346,-0.10140363,-0.059864793,0.1441642
250000,198599.0,2514789968422908,0.0,0.0,0.0
250200,198799.0,2514790168427596,0.13439035,-0.12339478,-0.1001819
250400,198999.0,2514790368430721,-0.105068825,-0.07452556,0.17959438
250600,199199.0,2514790568432283,-0.04642576,-0.042760565999999986,0.04886922
250800,199399.0,2514790768435408,-0.118507855,0.12095132,0.057421334
251000,199599.0,2514790968438533,-0.1441642,0.14782938,0.021991149
251200,199799.0,2514791168441658,-0.0720821,0.07696902,0.036651913
251400,200000.0,2514791368444783,-0.07941248,0.028099801,0.10629055
251600,200200.0,2514791568447908,0.14049901,0.058643065,-0.23701571
251800,200399.0,2514791768419783,-0.056199603,0.032986723,0.040317107000000005
252000,200599.0,2514791968422908,-0.064751714,0.11484267,0.019547688
252200,200799.0,2514792168426033,0.12583824,0.07819075,-0.1966986
252400,200999.0,2514792368429158,0.039095376,0.14660765,-0.18692477
252600,201199.0,2514792568432283,0.018325957,0.12705997,-0.09407325
252800,201399.0,2514792768435408,-0.06841691,0.118507855,0.02443461
253000,201599.0,2514792968438533,-0.040317107000000005,0.021991149,0.06352998
253200,201799.0,2514793168441658,0.0061086523,0.119729586,-0.064751714
253400,202000.0,2514793368444783,0.047647487,0.039095376,-0.089186326
253600,202200.0,2514793568447908,0.0,0.0,0.0
253800,202400.0,2514793768451033,0.0,0.0,0.0
254000,202599.0,2514793968422908,-0.029321533,0.07086037,0.0061086523
254200,202799.0,2514794168426033,0.002443461,-0.04886922,0.1001819
254400,202999.0,2514794368429158,0.12461651,-0.02321288,-0.05131268
254600,203199.0,2514794568432283,-0.07574729,-0.05009095,0.19303341
254800,203399.0,2514794768433846,0.002443461,-0.029321533,0.07452556
255000,203599.0,2514794968438533,-0.06841691,-0.1160644,0.25534168
255200,203799.0,2514795168441658,0.1160644,0.02443461,-0.15027285
255400,204000.0,2514795368444783,0.0,0.02443461,0.10873401
255600,204200.0,2514795568447908,-0.02565634,-0.10873401,0.23457226
255800,204400.0,2514795768451033,0.12339478,0.035430185,-0.1563815
256000,204599.0,2514795968421346,0.02443461,0.10629055,0.0036651916
256200,204799.0,2514796168424471,-0.036651913,-0.07086037,0.2321288
256400,204999.0,2514796368427596,0.13439035,0.06352998,-0.12095132
256600,205199.0,2514796568432283,0.0036651916,-0.010995574,0.11362094
256800,205399.0,2514796768433846,0.0,0.0,0.0
257000,205599.0,2514796968436971,0.0,0.0,0.0
257200,205799.0,2514797168441658,-0.07819075,0.013439035,0.15515977
257400,205999.0,2514797368443221,0.064751714,0.017104227,-0.089186326
257600,206200.0,2514797568446346,-0.05009095,0.014660766,0.10140363
257800,206400.0,2514797768449471,0.0720821,-0.014660766,-0.02076942
258000,206599.0,2514797968421346,0.0,0.0,0.0
258200,206799.0,2514798168424471,0.06597344599999999,-0.035430185,-0.017104227
258400,206999.0,2514798368427596,-0.12095132,-0.02565634,0.16615535
258600,207199.0,2514798568430721,-0.04153884,0.037873644,0.1282817
258800,207399.0,2514798768433846,0.0,0.0,0.0
259000,207599.0,2514798968438533,0.06841691,0.035430185,-0.1160644
259200,207799.0,2514799168440096,-0.04153884,0.058643065,0.08552113
259400,207999.0,2514799368443221,-0.002443461,-0.010995574,0.07819075
259600,208200.0,2514799568447908,-0.05497787,0.08552113,0.09040806
259800,208400.0,2514799768451033,0.112399206,-0.040317107000000005,-0.14294247
260000,208599.0,2514799968421346,0.0,0.0,0.0
260200,208799.0,2514800168424471,-0.04520403,-0.002443461,0.061086524
260400,208999.0,2514800368427596,0.0720821,-0.021991149,-0.07819075
260600,209199.0,2514800568430721,-0.09162979,0.043982297,0.09040806
260800,209399.0,2514800768433846,0.0,0.0,0.0
261000,209599.0,2514800968438533,0.0,0.0,0.0
261200,209799.0,2514801168440096,0.0,0.0,0.0
261400,210000.0,2514801368444783,0.0,0.0,0.0
261600,210200.0,2514801568446346,-0.062308256,0.05009095,0.07819075
261800,210400.0,2514801768449471,0.0,0.0,0.0
262000,210599.0,2514801968421346,0.04642576,0.05009095,-0.0842994
262200,210799.0,2514802168424471,0.021991149,0.040317107000000005,-0.061086524
262400,210999.0,2514802368427596,-0.02687807,0.064751714,-0.034208454
262600,211199.0,2514802568430721,0.057421334,-0.05131268,-0.012217305
262800,211399.0,2514802768433846,0.0,0.0,0.0
263000,211599.0,2514802968436971,0.105068825,-0.021991149,-0.037873644
263200,211799.0,2514803168440096,0.07819075,-0.009773844,-0.007330383
263400,211999.0,2514803368443221,0.05009095,0.007330383,-0.09896017
263600,212200.0,2514803568446346,0.012217305,0.06963864,-0.1160644
263800,212400.0,2514803768449471,0.0,0.11484267,-0.105068825
264000,212599.0,2514803968421346,-0.05131268,0.018325957,0.05375614
264200,212799.0,2514804168424471,-0.015882496,-0.0036651916,0.07452556
264400,212999.0,2514804368427596,0.064751714,-0.036651913,0.02443461
264600,213199.0,2514804568430721,0.029321533,-0.019547688,0.06963864
264800,213399.0,2514804768433846,0.12583824,-0.02687807,-0.05375614
265000,213599.0,2514804968436971,0.05497787,0.05131268,-0.02687807
265200,213799.0,2514805168440096,0.0036651916,0.05497787,0.056199603
265400,213999.0,2514805368443221,0.0012217305,0.030543262,0.0720821
265600,214200.0,2514805568446346,-0.032986723,-0.06963864,0.19303341
265800,214400.0,2514805768449471,0.07696902,-0.043982297,0.06719518
266000,214599.0,2514805968421346,0.04520403,0.059864793,-0.07819075
266200,214799.0,2514806168422908,0.0,0.0,0.0
266400,214999.0,2514806368426033,0.02687807,0.03176499,0.06841691
266600,215199.0,2514806568430721,0.028099801,0.030543262,0.06719518
266800,215399.0,2514806768433846,0.009773844,-0.043982297,0.06719518
267000,215599.0,2514806968435408,0.02687807,-0.103847094,0.09040806
267200,215799.0,2514807168440096,0.09162979,-0.11728613,0.043982297
267400,215999.0,2514807368441658,0.018325957,-0.095294975,0.05009095
267600,216200.0,2514807568446346,0.040317107000000005,-0.032986723,0.058643065
267800,216400.0,2514807768449471,0.029321533,0.062308256,-0.1600467
268000,216599.0,2514807968419783,0.015882496,0.06963864,-0.081855945
268200,216799.0,2514808168424471,-0.056199603,0.018325957,0.09040806
268400,216999.0,2514808368426033,0.0,0.0,0.0
268600,217199.0,2514808568429158,0.0,0.0,0.0
268800,217399.0,2514808768433846,0.0,0.0,0.0
269000,217599.0,2514808968435408,-0.08796459400000001,0.07086037,0.017104227
269200,217799.0,2514809168440096,0.0,0.0,0.0
269400,217999.0,2514809368443221,0.0,0.0,0.0
269600,218200.0,2514809568446346,0.0,0.0,0.0
269800,218400.0,2514809768447908,-0.018325957,-0.02687807,-0.07086037
270000,218599.0,2514809968419783,-0.009773844,-0.07452556,-0.015882496
270200,218799.0,2514810168422908,-0.029321533,0.019547688,-0.06719518
270400,218999.0,2514810368426033,-0.018325957,-0.02443461,-0.07696902
270600,219199.0,2514810568429158,0.0,0.0,0.0
270800,219399.0,2514810768432283,-0.105068825,0.06841691,0.061086524
271000,219599.0,2514810968435408,-0.032986723,0.047647487,0.052534413
271200,219799.0,2514811168438533,-0.08307768,0.07574729,0.07696902
271400,219999.0,2514811368443221,-0.12705997,0.118507855,0.013439035
271600,220200.0,2514811568444783,-0.081855945,0.073303826,-0.018325957
271800,220400.0,2514811768447908,-0.06841691,0.036651913,-0.014660766
272000,220599.0,2514811968419783,0.31520647,-0.41416663,-0.05131268
272200,220799.0,2514812168422908,0.04153884,-0.06352998,0.010995574
272400,220999.0,2514812368426033,-0.009773844,0.105068825,0.035430185
272600,221199.0,2514812568429158,0.0,0.0,0.0
272800,221399.0,2514812768432283,0.0,0.0,0.0
273000,221599.0,2514812968435408,0.0,0.0,0.0
273200,221799.0,2514813168438533,0.0,0.0,0.0
273400,221999.0,2514813368441658,0.0,0.0,0.0
273600,222200.0,2514813568444783,0.018325957,0.064751714,-0.040317107000000005
273800,222400.0,2514813768447908,-0.07452556,0.014660766,-0.017104227
274000,222600.0,2514813968451033,-0.014660766,0.009773844,0.07452556
274200,222799.0,2514814168422908,0.043982297,0.012217305,-0.061086524
274400,222999.0,2514814368426033,-0.06352998,0.02687807,0.040317107000000005
274600,223199.0,2514814568429158,0.040317107000000005,-0.029321533,0.059864793
274800,223399.0,2514814768432283,0.043982297,0.02687807,-0.062308256
275000,223599.0,2514814968435408,0.0,0.0,0.0
275200,223799.0,2514815168438533,0.0,0.0,0.0
275400,223999.0,2514815368441658,0.0,0.0,0.0
275600,224199.0,2514815568443221,0.0,0.0,0.0
275800,224400.0,2514815768447908,0.0,0.0,0.0
276000,224600.0,2514815968451033,0.0,0.0,0.0
276200,224799.0,2514816168422908,0.0,0.0,0.0
276400,224999.0,2514816368426033,0.0,0.0,0.0
276600,225199.0,2514816568427596,0.0,0.0,0.0
276800,225399.0,2514816768430721,0.0,0.0,0.0
277000,225599.0,2514816968433846,0.0,0.0,0.0
277200,225799.0,2514817168436971,0.1160644,-0.02076942,0.07452556
277400,225999.0,2514817368441658,0.07452556,0.02321288,-0.009773844
277600,226199.0,2514817568443221,0.037873644,0.040317107000000005,0.05497787
277800,226400.0,2514817768447908,0.0,0.0,0.0
278000,226600.0,2514817968449471,0.0,0.0,0.0
278200,226799.0,2514818168422908,0.0,0.0,0.0
278400,226999.0,2514818368426033,-0.07086037,0.064751714,0.05009095
278600,227199.0,2514818568427596,0.0,0.0,0.0
278800,227399.0,2514818768432283,0.0,0.0,0.0
279000,227599.0,2514818968433846,0.0,0.0,0.0
279200,227799.0,2514819168438533,0.0,0.0,0.0
279400,227999.0,2514819368441658,0.0,0.0,0.0
279600,228200.0,2514819568444783,0.0,0.0,0.0
