sys_time,timestamp,abs_timestamp,raw_x_gyro,raw_y_gyro,raw_z_gyro
100,4600.0,2514539968432283.0,0.0,0.0,0.0
300,4800.0,2514540168435408.0,0.02565634,0.07452556,0.017104227
500,5000.0,2514540368440096.0,0.0,0.0,0.0
700,5200.0,2514540568441658.0,0.0,0.0,0.0
900,5400.0,2514540768444783.0,0.0,0.0,0.0
1100,5600.0,2514540968446346.0,0.0,0.0,0.0
1300,5800.0,2514541168451033.0,0.0,0.0,0.0
1500,6000.0,2514541368422908.0,0.0,0.0,0.0
1700,6200.0,2514541568424471.0,0.0,0.0,0.0
1900,6400.0,2514541768429158.0,0.0,0.0,0.0
2100,6600.0,2514541968432283.0,0.0,0.0,0.0
2300,6800.0,2514542168435408.0,0.0,0.0,0.0
2500,7000.0,2514542368438533.0,0.0,0.0,0.0
2700,7200.0,2514542568441658.0,0.0,0.0,0.0
2900,7400.0,2514542768443221.0,0.0,0.0,0.0
3100,7600.0,2514542968447908.0,0.0,0.0,0.0
3300,7800.0,2514543168451033.0,0.0,0.0,0.0
3500,8000.0,2514543368422908.0,0.0,0.0,0.0
3700,8200.0,2514543568426033.0,0.0,0.0,0.0
3900,8400.0,2514543768427596.0,-0.07086037,0.08552113,0.004886922
4100,8600.0,2514543968432283.0,0.0,0.0,0.0
4300,8800.0,2514544168433846.0,0.0,0.0,0.0
4500,9000.0,2514544368438533.0,0.0,0.0,0.0
4700,9200.0,2514544568440096.0,0.0,0.0,0.0
4900,9400.0,2514544768444783.0,0.0,0.0,0.0
5100,9600.0,2514544968446346.0,0.0,0.0,0.0
5300,9800.0,2514545168451033.0,-0.02076942,0.057421334,-0.04642576
5500,9999.0,2514545368421346.0,0.0,0.0,0.0
5700,10200.0,2514545568426033.0,0.0,0.0,0.0
5900,10400.0,2514545768427596.0,0.0,0.0,0.0
6100,10600.0,2514545968430721.0,0.0,0.0,0.0
6300,10800.0,2514546168433846.0,0.0,0.0,0.0
6500,11000.0,2514546368438533.0,0.0,0.0,0.0
6700,11200.0,2514546568440096.0,0.0,0.0,0.0
6900,11400.0,2514546768444783.0,0.0,0.0,0.0
7100,11600.0,2514546968446346.0,0.0,0.0,0.0
7300,11800.0,2514547168449471.0,0.0,0.0,0.0
7500,11999.0,2514547368421346.0,0.0,0.06597344599999999,0.039095376
7700,12200.0,2514547568424471.0,0.0,0.0,0.0
7900,12400.0,2514547768427596.0,0.0,0.0,0.0
8100,12600.0,2514547968430721.0,0.0,0.0,0.0
8300,12800.0,2514548168433846.0,0.0,0.0,0.0
8500,13000.0,2514548368436971.0,0.0,0.0,0.0
8700,13200.0,2514548568440096.0,-0.07941248,0.0061086523,-0.012217305
8900,13400.0,2514548768443221.0,0.0,0.0,0.0
9100,13600.0,2514548968446346.0,0.07819075,0.007330383,0.002443461
9300,13800.0,2514549168449471.0,0.0,0.0,0.0
9500,13999.0,2514549368419783.0,0.0,0.0,0.0
9700,14200.0,2514549568424471.0,0.0,0.0,0.0
9900,14400.0,2514549768427596.0,0.103847094,-0.13805555,0.02687807
10100,14600.0,2514549968430721.0,0.07574729,-0.08063421400000001,0.014660766
10300,14800.0,2514550168433846.0,-0.056199603,0.056199603,-0.007330383
10500,15000.0,2514550368436971.0,0.0,0.0,0.0
10700,15200.0,2514550568440096.0,0.0,0.0,0.0
10900,0.0,2514550768443221.0,-0.056199603,0.05497787,0.0
11100,200.0,2514550968446346.0,0.0,0.0,0.0
11300,400.0,2514551168449471.0,0.06841691,-0.035430185,0.015882496
11500,599.0,2514551368421346.0,0.0,0.0,0.0
11700,799.0,2514551568422908.0,-0.057421334,0.05009095,-0.002443461
11900,999.0,2514551768426033.0,0.0,0.0,0.0
12100,1199.0,2514551968430721.0,-0.035430185,0.06963864,0.009773844
12300,1399.0,2514552168433846.0,0.04153884,-0.064751714,0.02443461
12500,1599.0,2514552368436971.0,-0.07941248,0.012217305,0.0
12700,1799.0,2514552568438533.0,0.0,0.0,0.0
12900,2000.0,2514552768443221.0,0.0,0.0,0.0
13100,2200.0,2514552968446346.0,-0.028099801,0.06963864,0.02076942
13300,2400.0,2514553168447908.0,0.10751228,-0.019547688,0.004886922
13500,2599.0,2514553368421346.0,0.0,0.0,0.0
13700,2799.0,2514553568422908.0,-0.012217305,-0.04642576,0.09773844
13900,2999.0,2514553768427596.0,-0.08674286,0.14660765,-0.037873644
14100,3199.0,2514553968429158.0,-0.089186326,0.11728613,-0.04886922
14300,3399.0,2514554168432283.0,0.04886922,-0.07941248,0.06597344599999999
14500,3599.0,2514554368436971.0,0.0,0.0,0.0
14700,3799.0,2514554568440096.0,0.0,0.0,0.0
14900,3999.0,2514554768441658.0,0.0,0.0,0.0
15100,4200.0,2514554968446346.0,0.0,0.0,0.0
15300,4400.0,2514555168447908.0,0.02443461,0.10262536,0.036651913
15500,4599.0,2514555368421346.0,0.0,0.0,0.0
15700,4799.0,2514555568422908.0,0.0,0.0,0.0
15900,4999.0,2514555768426033.0,-0.047647487,0.05497787,-0.0842994
16100,5199.0,2514555968429158.0,0.0,0.0,0.0
16300,5399.0,2514556168432283.0,-0.04153884,0.12339478,-0.12339478
16500,5599.0,2514556368435408.0,0.06352998,-0.029321533,0.040317107000000005
16700,5799.0,2514556568438533.0,0.0,0.0,0.0
16900,5999.0,2514556768441658.0,0.042760565999999986,-0.004886922,0.06597344599999999
17100,6200.0,2514556968444783.0,0.0,0.0,0.0
17300,6400.0,2514557168447908.0,0.0,0.0,0.0
17500,6599.0,2514557368419783.0,0.0,0.0,0.0
17700,6799.0,2514557568422908.0,0.02687807,-0.09285152,0.04886922
17900,6999.0,2514557768426033.0,0.10140363,-0.06597344599999999,-0.09773844
18100,7199.0,2514557968429158.0,0.08063421400000001,-0.12339478,-0.04886922
18300,7399.0,2514558168432283.0,0.09896017,-0.10140363,-0.10873401
18500,7599.0,2514558368435408.0,-0.015882496,0.0,-0.11362094
18700,7799.0,2514558568438533.0,-0.007330383,0.014660766,-0.10995574
18900,7999.0,2514558768441658.0,-0.06597344599999999,-0.017104227,-0.037873644
19100,8200.0,2514558968444783.0,-0.04520403,-0.06352998,0.007330383
19300,8400.0,2514559168447908.0,0.058643065,-0.12339478,-0.10873401
19500,8600.0,2514559368451033.0,-0.1563815,0.0842994,0.05497787
19700,8799.0,2514559568422908.0,-0.09773844,0.02443461,0.040317107000000005
19900,8999.0,2514559768426033.0,-0.047647487,-0.09285152,0.08674286
20100,9199.0,2514559968429158.0,0.018325957,-0.08307768,-0.0720821
20300,9399.0,2514560168432283.0,-0.10995574,-0.089186326,0.2565634
20500,9599.0,2514560368435408.0,-0.10262536,-0.037873644,0.11484267
20700,9799.0,2514560568438533.0,-0.06719518,0.019547688,0.040317107000000005
20900,9999.0,2514560768441658.0,-0.17715092,0.036651913,0.21624629
21100,10200.0,2514560968444783.0,-0.06841691,0.08796459400000001,0.0
21300,10400.0,2514561168447908.0,0.0,0.0,0.0
21500,10600.0,2514561368451033.0,-0.043982297,0.04520403,0.042760565999999986
21700,10799.0,2514561568422908.0,0.017104227,-0.06597344599999999,0.13561209
21900,10999.0,2514561768426033.0,-0.21868975,0.34330627,-0.089186326
22100,11199.0,2514561968429158.0,-0.16982053,0.20525073,0.064751714
22300,11399.0,2514562168432283.0,-0.07941248,0.11484267,-0.0012217305
22500,11599.0,2514562368435408.0,0.009773844,0.081855945,-0.07941248
22700,11799.0,2514562568436971.0,-0.14905111,0.11484267,0.05375614
22900,11999.0,2514562768441658.0,-0.039095376,0.13072516,0.0061086523
23100,12200.0,2514562968444783.0,-0.08796459400000001,0.103847094,0.007330383
23300,12400.0,2514563168446346.0,0.103847094,-0.07452556,-0.04520403
23500,12600.0,2514563368451033.0,0.0,0.0,0.0
23700,12799.0,2514563568421346.0,0.056199603,-0.009773844,-0.05131268
23900,12999.0,2514563768424471.0,-0.07819075,0.07574729,-0.0061086523
24100,13199.0,2514563968427596.0,-0.09407325,0.14660765,-0.008552114
24300,13399.0,2514564168430721.0,0.0,0.0,0.0
24500,13599.0,2514564368435408.0,0.0,0.0,0.0
24700,13799.0,2514564568436971.0,-0.07819075,0.06719518,0.04886922
24900,13999.0,2514564768441658.0,-0.04886922,0.061086524,0.007330383
25100,14200.0,2514564968443221.0,-0.06352998,0.029321533,0.035430185
25300,14400.0,2514565168446346.0,-0.04153884,0.10140363,-0.02076942
25500,14600.0,2514565368451033.0,0.0,0.0,0.0
25700,14799.0,2514565568421346.0,-0.057421334,0.040317107000000005,0.030543262
25900,14999.0,2514565768424471.0,0.0,0.0,0.0
26100,15199.0,2514565968429158.0,-0.11362094,0.015882496,0.13194689
26300,15399.0,2514566168430721.0,0.0,0.0,0.0
26500,15599.0,2514566368433846.0,-0.07819075,-0.009773844,0.13805555
26700,15799.0,2514566568436971.0,-0.05009095,0.10140363,0.018325957
26900,15999.0,2514566768440096.0,-0.056199603,0.004886922,0.09285152
27100,16200.0,2514566968443221.0,0.14660765,-0.16493362,0.013439035
27300,16400.0,2514567168446346.0,0.0,0.0,0.0
27500,16600.0,2514567368449471.0,-0.21746802,0.019547688,0.26267207
27700,16799.0,2514567568421346.0,0.15882497,0.064751714,-0.16737708
27900,16999.0,2514567768424471.0,-0.04886922,-0.08063421400000001,0.22113322
28100,17199.0,2514567968427596.0,0.0,-0.02687807,0.07452556
28300,17399.0,2514568168430721.0,0.39584067,-0.028099801,-0.2968805
28500,17599.0,2514568368433846.0,0.0,0.0,0.0
28700,17799.0,2514568568436971.0,-0.030543262,-0.112399206,0.15760323
28900,17999.0,2514568768440096.0,0.19303341,-0.06963864,-0.11362094
29100,18200.0,2514568968443221.0,-0.04520403,-0.018325957,0.16371189
29300,18400.0,2514569168446346.0,0.15149458,-0.02565634,-0.019547688
29500,18600.0,2514569368449471.0,0.0,0.0,0.0
29700,18799.0,2514569568422908.0,-0.039095376,-0.057421334,0.18936823
29900,18999.0,2514569768424471.0,0.3885103,-0.33841935,-0.05497787
30100,19199.0,2514569968427596.0,0.16982053,-0.103847094,-0.095294975
30300,19399.0,2514570168430721.0,-0.23090707,0.035430185,0.36041048
30500,19599.0,2514570368433846.0,0.037873644,0.09040806,-0.058643065
30700,19799.0,2514570568436971.0,0.22235495,-0.095294975,-0.13561209
30900,19999.0,2514570768440096.0,-0.002443461,0.037873644,0.10140363
31100,20200.0,2514570968443221.0,-0.064751714,0.062308256,0.12705997
31300,20400.0,2514571168444783.0,-0.0061086523,0.19181168,-0.10995574
31500,20600.0,2514571368449471.0,-0.058643065,0.24678956,-0.12095132
31700,20799.0,2514571568421346.0,-0.002443461,0.1160644,-0.064751714
31900,20999.0,2514571768422908.0,0.2003638,-0.012217305,-0.21746802
32100,21199.0,2514571968427596.0,0.0,0.0,0.0
32300,21399.0,2514572168429158.0,-0.009773844,0.0720821,0.029321533
32500,21599.0,2514572368432283.0,0.10629055,0.0012217305,-0.16371189
32700,21799.0,2514572568436971.0,-0.14049901,0.12461651,0.05375614
32900,21999.0,2514572768440096.0,-0.061086524,0.08552113,0.035430185
33100,22200.0,2514572968443221.0,0.037873644,0.073303826,-0.14049901
33300,22400.0,2514573168446346.0,-0.14294247,0.14538592,0.039095376
33500,22600.0,2514573368449471.0,-0.035430185,0.15760323,-0.10262536
33700,22799.0,2514573568419783.0,0.09407325,0.035430185,-0.13805555
33900,22999.0,2514573768422908.0,0.0012217305,-0.05009095,0.058643065
34100,23199.0,2514573968427596.0,0.05009095,-0.057421334,0.008552114
34300,23399.0,2514574168430721.0,0.27366763,-0.22968534,-0.032986723
34500,23599.0,2514574368432283.0,0.1160644,-0.037873644,-0.13072516
34700,23799.0,2514574568435408.0,0.05375614,0.061086524,-0.17837265
34900,23999.0,2514574768438533.0,0.052534413,-0.09162979,-0.09040806
35100,24199.0,2514574968441658.0,0.15027285,-0.13194689,-0.16615535
35300,24400.0,2514575168444783.0,0.103847094,-0.15882497,0.02076942
35500,24600.0,2514575368447908.0,0.043982297,-0.05497787,-0.1160644
35700,24799.0,2514575568419783.0,0.04153884,-0.05131268,-0.08552113
35900,24999.0,2514575768422908.0,0.10751228,-0.17104226,0.014660766
36100,25199.0,2514575968426033.0,-0.064751714,0.02443461,0.034208454
36300,25399.0,2514576168429158.0,-0.0036651916,-0.018325957,-0.07574729
36500,25599.0,2514576368432283.0,-0.1881465,0.04153884,0.26878070000000004
36700,25799.0,2514576568435408.0,0.22357668,-0.17470746,-0.3652974
36900,25999.0,2514576768438533.0,-0.035430185,0.0012217305,-0.10629055
37100,26199.0,2514576968441658.0,-0.19914207,0.103847094,0.13072516
37300,26400.0,2514577168444783.0,0.039095376,0.06719518,-0.3213151
37500,26600.0,2514577368447908.0,-0.07452556,0.02443461,0.002443461
37700,26799.0,2514577568419783.0,-0.32986724,0.11728613,0.35918877
37900,26999.0,2514577768422908.0,-0.15882497,0.12583824,-0.0061086523
38100,27199.0,2514577968426033.0,0.0,0.0,0.0
38300,27399.0,2514578168429158.0,-0.172264,0.013439035,0.13805555
38500,27599.0,2514578368432283.0,-0.14782938,0.21502456,-0.12461651
38700,27799.0,2514578568435408.0,-0.45448375,0.19914207,0.34941490000000003
38900,27999.0,2514578768438533.0,-0.26511553,0.23701571,0.05131268
39100,28199.0,2514578968441658.0,-0.21013765,0.18936823,0.07452556
39300,28400.0,2514579168444783.0,-0.15515977,0.019547688,0.13561209
39500,28600.0,2514579368447908.0,0.030543262,0.22479841,-0.16737708
39700,28800.0,2514579568451033.0,-0.28955013,0.17959438,0.15271631
39900,28999.0,2514579768422908.0,0.0,0.0,0.0
40100,29199.0,2514579968426033.0,0.0,0.0,0.0
40300,29399.0,2514580168429158.0,-0.06963864,0.02076942,0.030543262
40500,29599.0,2514580368432283.0,0.14905111,-0.019547688,-0.09773844
40700,29799.0,2514580568435408.0,0.0,0.0,0.0
40900,29999.0,2514580768438533.0,0.0,0.0,0.0
41100,30199.0,2514580968441658.0,0.04153884,-0.06597344599999999,0.002443461
41300,30400.0,2514581168444783.0,0.0,0.0,0.0
41500,30600.0,2514581368447908.0,0.02443461,-0.1563815,0.073303826
41700,30800.0,2514581568451033.0,0.17104226,-0.13072516,0.0
41900,30999.0,2514581768422908.0,0.081855945,-0.07086037,0.010995574
42100,31199.0,2514581968424471.0,0.0,0.0,0.0
42300,31399.0,2514582168429158.0,0.0,0.0,0.0
42500,31599.0,2514582368432283.0,0.06352998,-0.04153884,0.02687807
42700,31799.0,2514582568433846.0,0.0,0.0,0.0
42900,31999.0,2514582768436971.0,0.1160644,-0.23579398,0.037873644
43100,32199.0,2514582968441658.0,0.19425514,-0.2406809,0.040317107000000005
43300,32400.0,2514583168444783.0,-0.052534413,0.14538592,-0.014660766
43500,32600.0,2514583368446346.0,0.0,0.0,0.0
43700,32800.0,2514583568451033.0,-0.015882496,0.07452556,0.004886922
43900,32999.0,2514583768421346.0,0.10262536,-0.014660766,0.032986723
44100,33199.0,2514583968424471.0,-0.06963864,0.03176499,-0.0012217305
44300,33399.0,2514584168427596.0,0.0,0.0,0.0
44500,33599.0,2514584368430721.0,0.0,0.0,0.0
44700,33799.0,2514584568433846.0,0.0,0.0,0.0
44900,33999.0,2514584768436971.0,-0.07819075,0.010995574,-0.017104227
45100,34199.0,2514584968440096.0,0.073303826,0.007330383,0.028099801
45300,34400.0,2514585168444783.0,0.0,0.0,0.0
45500,34600.0,2514585368446346.0,-0.10629055,0.034208454,-0.0012217305
45700,34800.0,2514585568449471.0,0.0,0.0,0.0
45900,34999.0,2514585768422908.0,0.073303826,0.008552114,0.02076942
46100,35199.0,2514585968424471.0,0.0,0.0,0.0
46300,35399.0,2514586168427596.0,-0.105068825,0.02443461,-0.029321533
46500,35599.0,2514586368430721.0,0.0,0.0,0.0
46700,35799.0,2514586568433846.0,0.0,0.0,0.0
46900,35999.0,2514586768436971.0,-0.07819075,0.004886922,-0.019547688
47100,36199.0,2514586968440096.0,0.0,0.0,0.0
47300,36400.0,2514587168443221.0,0.0,0.0,0.0
47500,36600.0,2514587368446346.0,-0.07696902,0.009773844,-0.009773844
47700,36800.0,2514587568449471.0,0.0,0.0,0.0
47900,36999.0,2514587768421346.0,0.06352998,0.032986723,0.018325957
48100,37199.0,2514587968424471.0,-0.058643065,0.04520403,-0.018325957
48300,37399.0,2514588168426033.0,0.0,0.0,0.0
48500,37599.0,2514588368430721.0,0.0,0.0,0.0
48700,37799.0,2514588568432283.0,0.073303826,0.032986723,-0.0061086523
48900,37999.0,2514588768436971.0,0.0,0.0,0.0
49100,38199.0,2514588968440096.0,-0.10751228,0.018325957,0.02321288
49300,38400.0,2514589168443221.0,0.0,0.0,0.0
49500,38600.0,2514589368446346.0,0.0,0.0,0.0
49700,38800.0,2514589568449471.0,0.07086037,-0.13683382,0.02076942
49900,38999.0,2514589768421346.0,0.11362094,-0.09896017,0.013439035
50100,39199.0,2514589968424471.0,0.0,0.0,0.0
50300,39399.0,2514590168427596.0,0.0,0.0,0.0
50500,39599.0,2514590368430721.0,-0.058643065,0.05131268,0.004886922
50700,39799.0,2514590568433846.0,0.0,0.0,0.0
50900,39999.0,2514590768436971.0,0.0,0.0,0.0
51100,40199.0,2514590968440096.0,-0.06963864,0.008552114,0.034208454
51300,40400.0,2514591168443221.0,0.0,0.0,0.0
51500,0.0,2514591368444783.0,0.36896262,-0.4605924,0.039095376
51700,200.0,2514591568449471.0,0.25900686,-0.4373795,0.10873401
51900,399.0,2514591768421346.0,0.081855945,-0.16982053,0.14049901
52100,599.0,2514591968422908.0,-0.05497787,0.14172074,0.07819075
52300,799.0,2514592168427596.0,-0.1600467,0.081855945,0.103847094
52500,999.0,2514592368430721.0,0.0,0.0,0.0
52700,1199.0,2514592568433846.0,-0.35796702,0.1685988,0.4605924
52900,1399.0,2514592768436971.0,-0.3885103,0.27855456,0.2724459
53100,1599.0,2514592968440096.0,-0.09162979,0.043982297,0.09040806
53300,1799.0,2514593168441658.0,0.22357668,0.05375614,-0.118507855
53500,2000.0,2514593368444783.0,0.12339478,0.0,0.095294975
53700,2200.0,2514593568449471.0,-0.07819075,0.02565634,0.10873401
53900,2399.0,2514593768419783.0,0.27122417,-0.12705997,-0.05497787
54100,2599.0,2514593968422908.0,0.21991149,-0.14660765,0.07452556
54300,2799.0,2514594168426033.0,0.02565634,0.06597344599999999,-0.032986723
54500,2999.0,2514594368429158.0,0.10751228,-0.019547688,-0.08063421400000001
54700,3199.0,2514594568432283.0,0.22235495,0.037873644,-0.064751714
54900,3399.0,2514594768435408.0,0.36285394,-0.08796459400000001,-0.3885103
55100,3599.0,2514594968438533.0,0.13683382,-0.17348573,-0.1563815
55300,3799.0,2514595168443221.0,0.2003638,-0.07696902,-0.22602014
55500,4000.0,2514595368444783.0,0.13072516,-0.08674286,0.06597344599999999
55700,4200.0,2514595568447908.0,-0.017104227,0.07696902,0.002443461
55900,4399.0,2514595768419783.0,0.0,0.0,0.0
56100,4599.0,2514595968422908.0,-0.039095376,0.12095132,-0.08307768
56300,4799.0,2514596168426033.0,0.017104227,0.018325957,-0.07452556
56500,4999.0,2514596368429158.0,-0.12217305,0.09896017,-0.10751228
56700,5199.0,2514596568432283.0,-0.09162979,0.13927728,-0.06597344599999999
56900,5399.0,2514596768435408.0,0.1001819,-0.09896017,0.22602014
57100,5599.0,2514596968438533.0,0.15149458,0.036651913,-0.19792034
57300,5799.0,2514597168441658.0,-0.35796702,0.35918877,0.14049901
57500,6000.0,2514597368444783.0,0.15271631,-0.19547687,-0.07696902
57700,6200.0,2514597568447908.0,-0.312763,0.33108896,-0.036651913
57900,6400.0,2514597768451033.0,-0.15760323,0.13072516,0.06597344599999999
58100,6599.0,2514597968422908.0,0.034208454,0.06352998,0.02687807
58300,6799.0,2514598168426033.0,-0.017104227,0.1282817,-0.04153884
58500,6999.0,2514598368429158.0,0.0,0.0,0.0
58700,7199.0,2514598568430721.0,0.03176499,-0.07941248,0.07452556
58900,7399.0,2514598768433846.0,0.035430185,-0.058643065,0.04153884
59100,7599.0,2514598968438533.0,0.09285152,-0.08674286,-0.057421334
59300,7799.0,2514599168441658.0,-0.029321533,0.062308256,-0.037873644
59500,8000.0,2514599368444783.0,0.07819075,0.002443461,0.012217305
59700,8200.0,2514599568447908.0,-0.058643065,0.04886922,0.018325957
59900,8400.0,2514599768451033.0,-0.021991149,0.0720821,0.010995574
60100,8599.0,2514599968422908.0,-0.028099801,0.07696902,0.0720821
60300,8799.0,2514600168426033.0,0.02076942,0.03176499,-0.06841691
60500,8999.0,2514600368427596.0,-0.057421334,0.08552113,-0.042760565999999986
60700,9199.0,2514600568432283.0,-0.19425514,0.18325958,0.07574729
60900,9399.0,2514600768433846.0,0.2932153,-0.38362336,0.017104227
61100,9599.0,2514600968438533.0,-0.13194689,0.21135938,-0.039095376
61300,9799.0,2514601168440096.0,0.07941248,-0.07819075,-0.0012217305
61500,9999.0,2514601368443221.0,0.0,0.0,0.0
61700,10200.0,2514601568447908.0,0.061086524,-0.015882496,-0.04642576
61900,10400.0,2514601768449471.0,-0.06597344599999999,0.02687807,0.029321533
62100,10599.0,2514601968422908.0,0.06719518,-0.07819075,-0.08307768
62300,10799.0,2514602168424471.0,0.043982297,-0.012217305,0.061086524
62500,10999.0,2514602368429158.0,0.013439035,0.04886922,-0.12583824
62700,11199.0,2514602568430721.0,0.040317107000000005,-0.061086524,-0.08796459400000001
62900,11399.0,2514602768433846.0,0.0,0.0,0.0
63100,11599.0,2514602968438533.0,-0.010995574,-0.037873644,0.10751228
63300,11799.0,2514603168440096.0,-0.07452556,0.02321288,0.012217305
63500,12000.0,2514603368444783.0,0.0,0.0,0.0
63700,12200.0,2514603568446346.0,0.0,0.0,0.0
63900,12400.0,2514603768451033.0,0.0,0.0,0.0
64100,12599.0,2514603968422908.0,-0.0842994,0.06841691,0.009773844
64300,12799.0,2514604168424471.0,0.0,0.0,0.0
64500,12999.0,2514604368427596.0,0.032986723,0.030543262,-0.064751714
64700,13199.0,2514604568430721.0,-0.0036651916,0.017104227,-0.07819075
64900,13399.0,2514604768433846.0,-0.010995574,0.06719518,-0.042760565999999986
65100,13599.0,2514604968436971.0,0.15515977,0.035430185,-0.2125811
65300,13799.0,2514605168440096.0,-0.09896017,0.1441642,-0.10140363
65500,13999.0,2514605368443221.0,0.1160644,-0.05497787,-0.21013765
65700,14200.0,2514605568446346.0,0.07696902,0.118507855,-0.23090707
65900,14400.0,2514605768449471.0,0.13927728,-0.03176499,-0.1685988
66100,14599.0,2514605968421346.0,-0.039095376,0.096516706,-0.029321533
66300,14799.0,2514606168424471.0,0.103847094,-0.08063421400000001,-0.021991149
66500,14999.0,2514606368427596.0,-0.05009095,0.042760565999999986,0.042760565999999986
66700,15199.0,2514606568430721.0,0.0,0.0,0.0
66900,15399.0,2514606768433846.0,0.039095376,-0.029321533,-0.10262536
67100,15599.0,2514606968436971.0,0.0,0.10140363,-0.095294975
67300,15799.0,2514607168440096.0,0.105068825,-0.28221974,0.081855945
67500,15999.0,2514607368443221.0,-0.06352998,0.018325957,-0.042760565999999986
67700,16200.0,2514607568446346.0,0.032986723,-0.040317107000000005,0.058643065
67900,16400.0,2514607768449471.0,0.042760565999999986,-0.06352998,-0.0061086523
68100,16599.0,2514607968421346.0,-0.096516706,0.04520403,-0.02443461
68300,16799.0,2514608168424471.0,0.119729586,-0.21013765,0.07452556
68500,16999.0,2514608368427596.0,0.12705997,-0.03176499,-0.17715092
68700,17199.0,2514608568429158.0,-0.11362094,-0.004886922,0.16737708
68900,17399.0,2514608768433846.0,0.05131268,-0.036651913,-0.095294975
69100,17599.0,2514608968436971.0,0.0,0.0,0.0
69300,17799.0,2514609168440096.0,-0.06841691,0.002443461,-0.037873644
69500,17999.0,2514609368443221.0,-0.118507855,0.05497787,-0.037873644
69700,18200.0,2514609568446346.0,0.14660765,-0.21380283,-0.007330383
69900,18400.0,2514609768447908.0,-0.13561209,0.18081611,-0.095294975
70100,18599.0,2514609968421346.0,0.0,0.0,0.0
70300,18799.0,2514610168424471.0,0.0,0.0,0.0
70500,18999.0,2514610368427596.0,-0.05009095,-0.017104227,0.095294975
70700,19199.0,2514610568430721.0,0.0,-0.013439035,-0.17470746
70900,19399.0,2514610768432283.0,0.029321533,-0.04886922,-0.12705997
71100,19599.0,2514610968436971.0,0.0,0.0,0.0
71300,19799.0,2514611168440096.0,-0.012217305,-0.07941248,0.13316862
71500,19999.0,2514611368441658.0,0.0,0.0,0.0
71700,20200.0,2514611568446346.0,-0.040317107000000005,-0.05009095,0.043982297
71900,20400.0,2514611768449471.0,-0.057421334,0.002443461,0.05375614
72100,20599.0,2514611968421346.0,-0.017104227,-0.07086037,-0.02443461
72300,20799.0,2514612168422908.0,-0.1441642,0.02687807,0.13927728
72500,20999.0,2514612368426033.0,-0.12950343,-0.05375614,0.3652974
72700,21199.0,2514612568429158.0,-0.12095132,-0.021991149,0.25289822
72900,21399.0,2514612768432283.0,0.0,-0.047647487,0.064751714
73100,21599.0,2514612968435408.0,-0.13561209,0.04886922,0.13194689
73300,21799.0,2514613168440096.0,-0.037873644,-0.019547688,0.06597344599999999
73500,21999.0,2514613368441658.0,-0.07941248,0.05131268,0.058643065
73700,22200.0,2514613568444783.0,-0.05009095,0.05497787,0.02565634
73900,22400.0,2514613768447908.0,-0.15027285,0.09040806,-0.034208454
74100,22599.0,2514613968421346.0,-0.040317107000000005,-0.10873401,0.06352998
74300,22799.0,2514614168422908.0,-0.1685988,0.09040806,0.064751714
74500,22999.0,2514614368427596.0,0.0,0.0,0.0
74700,23199.0,2514614568429158.0,-0.052534413,0.056199603,0.015882496
74900,23399.0,2514614768432283.0,0.061086524,-0.04153884,-0.030543262
75100,23599.0,2514614968435408.0,0.0,0.0,0.0
75300,23799.0,2514615168438533.0,0.07819075,0.002443461,-0.012217305
75500,23999.0,2514615368441658.0,0.0,0.0,0.0
75700,24200.0,2514615568444783.0,-0.10995574,0.103847094,0.002443461
75900,24400.0,2514615768447908.0,0.0,0.0,0.0
76100,24599.0,2514615968419783.0,0.0,0.0,0.0
76300,24799.0,2514616168422908.0,-0.042760565999999986,0.002443461,0.06352998
76500,24999.0,2514616368426033.0,0.0,0.0,0.0
76700,25199.0,2514616568429158.0,0.0,0.0,0.0
76900,25399.0,2514616768432283.0,0.043982297,-0.07574729,-0.073303826
77100,25599.0,2514616968435408.0,0.062308256,0.0036651916,-0.05009095
77300,25799.0,2514617168438533.0,-0.043982297,0.018325957,0.10140363
77500,25999.0,2514617368441658.0,-0.047647487,0.030543262,0.05131268
77700,26200.0,2514617568444783.0,0.0,0.0,0.0
77900,26400.0,2514617768447908.0,-0.09040806,0.08796459400000001,0.04886922
78100,26600.0,2514617968451033.0,0.0,0.0,0.0
78300,26799.0,2514618168422908.0,0.0,0.0,0.0
78500,26999.0,2514618368426033.0,0.0,0.0,0.0
78700,27199.0,2514618568429158.0,0.0,0.0,0.0
78900,27399.0,2514618768432283.0,0.0,0.0,0.0
79100,27599.0,2514618968433846.0,0.0,0.0,0.0
79300,27799.0,2514619168438533.0,-0.036651913,0.06841691,-0.019547688
79500,27999.0,2514619368441658.0,0.0,0.0,0.0
79700,28200.0,2514619568444783.0,0.0,0.0,0.0
79900,28400.0,2514619768446346.0,0.0,0.0,0.0
80100,28600.0,2514619968451033.0,-0.028099801,0.07086037,0.0
80300,28799.0,2514620168421346.0,0.10995574,-0.05009095,-0.05375614
80500,28999.0,2514620368426033.0,0.0,0.0,0.0
80700,29199.0,2514620568429158.0,0.0,0.0,0.0
80900,29399.0,2514620768430721.0,0.0,0.0,0.0
81100,29599.0,2514620968435408.0,0.0,0.0,0.0
81300,29799.0,2514621168438533.0,0.047647487,-0.096516706,0.036651913
81500,29999.0,2514621368441658.0,0.09407325,0.05009095,-0.112399206
81700,30200.0,2514621568444783.0,0.09407325,-0.042760565999999986,-0.040317107000000005
81900,30400.0,2514621768447908.0,-0.12339478,0.09407325,0.002443461
82100,30600.0,2514621968449471.0,-0.1001819,0.014660766,-0.1563815
82300,30799.0,2514622168422908.0,0.008552114,-0.096516706,-0.05009095
82500,30999.0,2514622368424471.0,0.0,0.0,0.0
82700,31199.0,2514622568429158.0,0.20158553,0.056199603,-0.036651913
82900,31399.0,2514622768430721.0,0.12705997,-0.040317107000000005,-0.040317107000000005
83100,31599.0,2514622968433846.0,-0.057421334,0.05009095,0.02443461
83300,31799.0,2514623168438533.0,0.0,0.0,0.0
83500,31999.0,2514623368441658.0,0.0,0.0,0.0
83700,32199.0,2514623568443221.0,-0.14172074,-0.015882496,0.1685988
83900,32400.0,2514623768446346.0,-0.057421334,0.034208454,0.089186326
84100,32600.0,2514623968451033.0,0.0,0.0,0.0
84300,32799.0,2514624168421346.0,0.0,0.0,0.0
84500,32999.0,2514624368424471.0,0.0,0.0,0.0
84700,33199.0,2514624568427596.0,-0.0061086523,0.12461651,-0.12217305
84900,33399.0,2514624768430721.0,0.0,0.0,0.0
85100,33599.0,2514624968433846.0,0.09773844,-0.04520403,-0.037873644
85300,33799.0,2514625168436971.0,0.0,0.0,0.0
85500,33999.0,2514625368440096.0,0.0,0.0,0.0
85700,34199.0,2514625568443221.0,0.0,0.0,0.0
85900,34400.0,2514625768446346.0,-0.056199603,0.037873644,-0.039095376
86100,34600.0,2514625968449471.0,0.0,0.0,0.0
86300,34799.0,2514626168421346.0,0.0,0.0,0.0
86500,34999.0,2514626368424471.0,-0.059864793,0.037873644,0.028099801
86700,35199.0,2514626568427596.0,0.0,0.0,0.0
86900,35399.0,2514626768430721.0,0.0,0.0,0.0
87100,35599.0,2514626968433846.0,0.0,0.0,0.0
87300,35799.0,2514627168436971.0,0.08796459400000001,-0.07086037,-0.017104227
87500,35999.0,2514627368440096.0,-0.07819075,0.06963864,-0.028099801
87700,36199.0,2514627568443221.0,0.0,0.0,0.0
87900,36400.0,2514627768446346.0,0.0,0.0,0.0
88100,36600.0,2514627968449471.0,0.040317107000000005,0.08674286,-0.11728613
88300,36799.0,2514628168421346.0,-0.02443461,-0.09773844,0.040317107000000005
88500,36999.0,2514628368424471.0,-0.07574729,0.04520403,0.064751714
88700,37199.0,2514628568427596.0,0.0,0.0,0.0
88900,37399.0,2514628768430721.0,0.0,0.0,0.0
89100,37599.0,2514628968433846.0,0.021991149,-0.06841691,0.036651913
89300,37799.0,2514629168436971.0,0.0,0.0,0.0
89500,37999.0,2514629368440096.0,-0.08796459400000001,0.0,0.103847094
89700,38199.0,2514629568443221.0,-0.07452556,0.034208454,0.07452556
89900,38400.0,2514629768444783.0,0.0720821,-0.014660766,-0.02687807
90100,38600.0,2514629968447908.0,0.0,0.0,0.0
90300,38799.0,2514630168421346.0,0.0,0.0,0.0
90500,38999.0,2514630368424471.0,0.0,0.0,0.0
90700,39199.0,2514630568426033.0,0.081855945,-0.0720821,-0.019547688
90900,39399.0,2514630768429158.0,-0.11484267,0.06841691,0.02076942
91100,39599.0,2514630968432283.0,-0.06597344599999999,-0.009773844,0.09285152
91300,39799.0,2514631168436971.0,0.0,0.0,0.0
91500,39999.0,2514631368440096.0,0.0,0.0,0.0
91700,40199.0,2514631568443221.0,0.0,0.0,0.0
91900,40400.0,2514631768444783.0,0.0,0.0,0.0
92100,40600.0,2514631968449471.0,0.0,0.0,0.0
92300,40799.0,2514632168421346.0,-0.010995574,-0.05131268,0.095294975
92500,40999.0,2514632368424471.0,-0.11728613,0.061086524,0.073303826
92700,41199.0,2514632568427596.0,0.0,0.0,0.0
92900,41399.0,2514632768429158.0,0.05009095,0.06963864,-0.12950343
93100,41599.0,2514632968433846.0,0.08307768,-0.07574729,0.017104227
93300,41799.0,2514633168435408.0,-0.09040806,0.10629055,0.0012217305
93500,41999.0,2514633368438533.0,-0.11484267,0.103847094,0.007330383
93700,42199.0,2514633568441658.0,0.0,0.0,0.0
93900,42400.0,2514633768446346.0,0.02321288,0.02687807,-0.06597344599999999
94100,42600.0,2514633968449471.0,0.0,0.0,0.0
94300,42799.0,2514634168419783.0,0.029321533,-0.058643065,-0.037873644
94500,42999.0,2514634368422908.0,0.018325957,-0.10629055,-0.010995574
94700,43199.0,2514634568426033.0,0.06352998,-0.08674286,0.030543262
94900,43399.0,2514634768429158.0,0.0,0.0,0.0
95100,43599.0,2514634968432283.0,0.0,0.0,0.0
95300,43799.0,2514635168435408.0,0.06841691,-0.029321533,-0.029321533
95500,43999.0,2514635368438533.0,0.04520403,-0.04520403,0.04520403
95700,44199.0,2514635568441658.0,0.040317107000000005,0.059864793,-0.11484267
95900,44400.0,2514635768444783.0,0.0,0.0,0.0
96100,44600.0,2514635968447908.0,0.035430185,0.035430185,-0.12705997
96300,44799.0,2514636168421346.0,0.06597344599999999,0.0,-0.08674286
96500,44999.0,2514636368422908.0,0.0,0.0,0.0
96700,45199.0,2514636568426033.0,-0.06719518,-0.018325957,0.08674286
96900,45399.0,2514636768429158.0,-0.019547688,-0.017104227,0.07452556
97100,45599.0,2514636968432283.0,0.0,0.0,0.0
97300,45799.0,2514637168435408.0,0.0,0.0,0.0
97500,45999.0,2514637368438533.0,0.09773844,-0.07941248,-0.058643065
97700,46199.0,2514637568441658.0,-0.04886922,0.061086524,-0.004886922
97900,46400.0,2514637768444783.0,0.007330383,-0.08674286,0.06841691
98100,46600.0,2514637968447908.0,0.013439035,0.06352998,-0.04520403
98300,46800.0,2514638168451033.0,-0.028099801,0.08307768,-0.064751714
98500,46999.0,2514638368422908.0,0.06841691,-0.0720821,-0.05009095
98700,47199.0,2514638568426033.0,-0.095294975,0.04886922,0.03176499
98900,47399.0,2514638768429158.0,-0.019547688,-0.04153884,0.06352998
99100,47599.0,2514638968432283.0,0.056199603,-0.052534413,-0.021991149
99300,47799.0,2514639168433846.0,0.02687807,0.030543262,-0.06963864
99500,47999.0,2514639368438533.0,-0.13805555,0.096516706,0.059864793
99700,48199.0,2514639568441658.0,0.0,0.0,0.0
99900,48400.0,2514639768444783.0,-0.02321288,0.056199603,-0.05009095
100100,48600.0,2514639968447908.0,0.0,0.0,0.0
100300,48800.0,2514640168451033.0,-0.08063421400000001,0.073303826,0.02443461
100500,48999.0,2514640368422908.0,0.08796459400000001,-0.04886922,-0.04153884
100700,49199.0,2514640568424471.0,-0.073303826,0.081855945,-0.015882496
100900,49399.0,2514640768427596.0,-0.073303826,0.021991149,0.112399206
101100,49599.0,2514640968432283.0,-0.0720821,-0.007330383,0.034208454
101300,49799.0,2514641168433846.0,0.036651913,-0.009773844,-0.07086037
101500,49999.0,2514641368438533.0,-0.0061086523,0.10140363,-0.05131268
101700,50199.0,2514641568441658.0,0.0,0.0,0.0
101900,50400.0,2514641768444783.0,0.02321288,0.05375614,-0.12339478
102100,50600.0,2514641968447908.0,-0.030543262,-0.06719518,0.08674286
102300,50800.0,2514642168449471.0,-0.008552114,0.09773844,-0.04642576
102500,50999.0,2514642368422908.0,0.0,0.0,0.0
102700,51199.0,2514642568424471.0,0.0,0.0,0.0
102900,51399.0,2514642768427596.0,0.0,0.0,0.0
103100,51599.0,2514642968430721.0,-0.06963864,0.034208454,0.02076942
103300,51799.0,2514643168433846.0,0.0,0.0,0.0
103500,51999.0,2514643368436971.0,-0.13561209,0.017104227,0.19792034
103700,52199.0,2514643568441658.0,-0.057421334,-0.032986723,0.089186326
103900,52400.0,2514643768444783.0,0.0,0.0,0.0
104100,52600.0,2514643968447908.0,0.05497787,0.012217305,-0.05497787
104300,52800.0,2514644168449471.0,0.0,0.0,0.0
104500,52999.0,2514644368421346.0,-0.04886922,0.02321288,0.05375614
104700,53199.0,2514644568424471.0,0.04520403,0.061086524,-0.10873401
104900,53399.0,2514644768427596.0,0.061086524,0.03176499,-0.11362094
105100,53599.0,2514644968430721.0,-0.1160644,0.06352998,0.032986723
105300,53799.0,2514645168433846.0,0.0,0.0,0.0
105500,53999.0,2514645368436971.0,-0.07819075,0.0,-0.018325957
105700,54199.0,2514645568440096.0,-0.103847094,-0.028099801,0.10629055
105900,54399.0,2514645768443221.0,0.04642576,0.037873644,0.05131268
106100,54600.0,2514645968446346.0,0.064751714,0.02321288,-0.036651913
106300,54800.0,2514646168449471.0,-0.06841691,0.0061086523,-0.034208454
106500,54999.0,2514646368421346.0,0.0,0.0,0.0
106700,55199.0,2514646568424471.0,0.0,0.0,0.0
106900,55399.0,2514646768427596.0,0.0,0.0,0.0
107100,55599.0,2514646968430721.0,0.05375614,-0.0036651916,-0.12461651
107300,55799.0,2514647168433846.0,-0.052534413,-0.019547688,0.14905111
107500,55999.0,2514647368436971.0,-0.0036651916,0.13683382,-0.11484267
107700,56199.0,2514647568440096.0,-0.10995574,0.012217305,0.014660766
107900,56399.0,2514647768443221.0,0.0,-0.021991149,0.13439035
108100,56600.0,2514647968446346.0,-0.007330383,0.13072516,-0.035430185
108300,56800.0,2514648168449471.0,-0.089186326,0.002443461,0.06719518
108500,56999.0,2514648368419783.0,-0.012217305,0.09773844,-0.04642576
108700,57199.0,2514648568424471.0,0.008552114,0.07574729,0.002443461
108900,57399.0,2514648768427596.0,-0.07086037,0.032986723,0.013439035
109100,57599.0,2514648968430721.0,-0.05375614,-0.036651913,0.047647487
109300,57799.0,2514649168432283.0,0.0,0.0,0.0
109500,57999.0,2514649368436971.0,0.0,0.0,0.0
109700,58199.0,2514649568440096.0,-0.07086037,-0.064751714,0.096516706
109900,58399.0,2514649768443221.0,0.036651913,-0.06352998,0.02565634
110100,58600.0,2514649968446346.0,0.0,0.0,0.0
110300,58800.0,2514650168449471.0,-0.021991149,-0.032986723,-0.06719518
110500,58999.0,2514650368419783.0,0.0,0.0,0.0
110700,59199.0,2514650568424471.0,0.018325957,-0.021991149,0.07086037
110900,59399.0,2514650768427596.0,-0.029321533,-0.021991149,0.07086037
111100,59599.0,2514650968429158.0,0.06597344599999999,-0.02565634,-0.034208454
111300,59799.0,2514651168433846.0,-0.042760565999999986,-0.029321533,0.12950343
111500,59999.0,2514651368435408.0,0.073303826,0.08307768,-0.18081611
111700,60199.0,2514651568440096.0,0.11728613,-0.04642576,-0.119729586
111900,60399.0,2514651768441658.0,-0.05497787,0.12461651,-0.010995574
112100,60600.0,2514651968446346.0,0.07574729,-0.05497787,-0.061086524
112300,60800.0,2514652168449471.0,-0.0842994,0.089186326,0.057421334
112500,60999.0,2514652368419783.0,0.0,0.0,0.0
112700,61199.0,2514652568422908.0,0.0,0.0,0.0
112900,61399.0,2514652768426033.0,0.0,0.0,0.0
113100,61599.0,2514652968429158.0,-0.017104227,-0.043982297,0.06352998
113300,61799.0,2514653168432283.0,-0.036651913,0.06963864,0.015882496
113500,61999.0,2514653368435408.0,-0.056199603,-0.019547688,0.12583824
113700,62199.0,2514653568438533.0,-0.029321533,0.002443461,0.07086037
113900,62399.0,2514653768441658.0,0.043982297,-0.042760565999999986,0.04886922
114100,62600.0,2514653968446346.0,-0.03176499,-0.004886922,0.0720821
114300,62800.0,2514654168447908.0,0.0,0.0,0.0
114500,62999.0,2514654368421346.0,0.0,0.0,0.0
114700,63199.0,2514654568422908.0,-0.12217305,-0.010995574,0.16126843
114900,63399.0,2514654768426033.0,0.0,0.0,0.0
115100,63599.0,2514654968429158.0,0.0,0.0,0.0
115300,63799.0,2514655168432283.0,-0.06352998,-0.032986723,0.119729586
115500,63999.0,2514655368435408.0,-0.0842994,0.013439035,0.10995574
115700,64199.0,2514655568438533.0,0.059864793,-0.05009095,-0.007330383
115900,64399.0,2514655768441658.0,-0.02565634,0.089186326,0.061086524
116100,64600.0,2514655968444783.0,-0.007330383,-0.07941248,0.081855945
116300,64800.0,2514656168447908.0,0.0,0.0,0.0
116500,65000.0,2514656368451033.0,-0.06841691,-0.009773844,0.0842994
116700,65199.0,2514656568422908.0,-0.06597344599999999,-0.042760565999999986,0.07452556
116900,65399.0,2514656768426033.0,-0.040317107000000005,0.064751714,0.017104227
117100,65599.0,2514656968429158.0,0.0,0.0,0.0
117300,65799.0,2514657168432283.0,-0.10629055,0.036651913,0.11362094
117500,65999.0,2514657368435408.0,0.07941248,-0.112399206,-0.02076942
117700,66199.0,2514657568438533.0,0.0,0.062308256,-0.05131268
117900,66399.0,2514657768441658.0,0.0,0.0,0.0
118100,66600.0,2514657968444783.0,0.0,0.0,0.0
118300,66800.0,2514658168446346.0,-0.103847094,0.07941248,0.08307768
118500,67000.0,2514658368451033.0,0.13072516,-0.1441642,-0.05497787
118700,67199.0,2514658568421346.0,-0.3213151,0.28588495,0.21991149
118900,67399.0,2514658768426033.0,0.26511553,-0.36163223,-0.111177474
119100,67599.0,2514658968429158.0,0.002443461,0.021991149,-0.07574729
119300,67799.0,2514659168432283.0,-0.089186326,0.02565634,0.103847094
119500,67999.0,2514659368435408.0,0.1001819,-0.008552114,-0.12339478
119700,68199.0,2514659568438533.0,0.0,0.0,0.0
119900,68399.0,2514659768441658.0,0.0,0.0,0.0
120100,68600.0,2514659968444783.0,0.047647487,-0.062308256,0.004886922
120300,68800.0,2514660168446346.0,0.0,0.0,0.0
120500,69000.0,2514660368449471.0,0.059864793,-0.0036651916,-0.047647487
120700,69199.0,2514660568421346.0,0.0,0.0,0.0
120900,69399.0,2514660768424471.0,0.0,0.0,0.0
121100,69599.0,2514660968429158.0,0.019547688,-0.058643065,0.047647487
121300,69799.0,2514661168432283.0,-0.073303826,0.03176499,0.08063421400000001
121500,69999.0,2514661368435408.0,0.02565634,0.042760565999999986,-0.062308256
121700,70199.0,2514661568438533.0,0.030543262,0.057421334,-0.12339478
121900,70399.0,2514661768441658.0,0.0,0.0,0.0
122100,70599.0,2514661968443221.0,-0.043982297,0.14294247,-0.040317107000000005
122300,70800.0,2514662168447908.0,0.02687807,-0.09285152,0.05497787
122500,71000.0,2514662368449471.0,-0.09407325,0.057421334,0.105068825
122700,71199.0,2514662568421346.0,0.06352998,-0.04153884,-0.013439035
122900,71399.0,2514662768424471.0,0.02076942,0.09285152,-0.118507855
123100,71599.0,2514662968427596.0,-0.05375614,0.047647487,0.029321533
123300,71799.0,2514663168430721.0,-0.04153884,0.15271631,-0.02076942
123500,71999.0,2514663368433846.0,-0.021991149,0.12095132,-0.064751714
123700,72199.0,2514663568436971.0,-0.105068825,0.095294975,0.0720821
123900,72399.0,2514663768440096.0,0.052534413,0.056199603,-0.07941248
124100,72600.0,2514663968444783.0,0.0,0.0,0.0
124300,72800.0,2514664168446346.0,0.0,0.0,0.0
124500,73000.0,2514664368449471.0,0.0,0.0,0.0
124700,73199.0,2514664568421346.0,0.0,0.0,0.0
124900,73399.0,2514664768424471.0,0.010995574,0.06841691,-0.032986723
125100,73599.0,2514664968427596.0,0.0,0.0,0.0
125300,73799.0,2514665168430721.0,0.052534413,0.08796459400000001,-0.08796459400000001
125500,73999.0,2514665368433846.0,0.0,0.0,0.0
125700,74199.0,2514665568436971.0,0.0,0.0,0.0
125900,74399.0,2514665768440096.0,-0.056199603,0.14172074,-0.03176499
126100,74599.0,2514665968443221.0,0.015882496,-0.06597344599999999,0.039095376
126300,74800.0,2514666168446346.0,-0.089186326,0.096516706,0.035430185
126500,75000.0,2514666368449471.0,0.037873644,-0.06597344599999999,-0.002443461
126700,75199.0,2514666568421346.0,0.06963864,-0.13439035,-0.007330383
126900,75399.0,2514666768424471.0,0.081855945,-0.047647487,-0.05375614
127100,75599.0,2514666968427596.0,0.057421334,0.04642576,-0.02443461
127300,75799.0,2514667168430721.0,-0.047647487,-0.040317107000000005,0.09162979
127500,75999.0,2514667368433846.0,0.059864793,-0.12583824,0.013439035
127700,76199.0,2514667568436971.0,0.0,0.0,0.0
127900,76399.0,2514667768440096.0,0.004886922,-0.06963864,0.035430185
128100,76599.0,2514667968443221.0,0.0,0.0,0.0
128300,76800.0,2514668168446346.0,-0.08796459400000001,0.036651913,0.09773844
128500,77000.0,2514668368449471.0,-0.1160644,0.12705997,-0.029321533
128700,77199.0,2514668568421346.0,-0.007330383,0.06841691,0.034208454
128900,77399.0,2514668768422908.0,-0.013439035,0.06963864,0.029321533
129100,77599.0,2514668968427596.0,-0.096516706,0.05375614,0.019547688
129300,77799.0,2514669168430721.0,-0.012217305,0.06352998,-0.043982297
129500,77999.0,2514669368433846.0,0.0842994,0.0720821,-0.012217305
129700,78199.0,2514669568436971.0,0.018325957,0.112399206,0.0036651916
129900,78399.0,2514669768440096.0,-0.12583824,0.08796459400000001,0.02565634
130100,78599.0,2514669968443221.0,0.0,0.111177474,-0.0012217305
130300,78800.0,2514670168444783.0,-0.043982297,0.11362094,0.061086524
130500,79000.0,2514670368449471.0,-0.1160644,0.1282817,-0.02076942
130700,79199.0,2514670568419783.0,-0.095294975,0.14538592,0.06719518
130900,79399.0,2514670768424471.0,0.04886922,0.09040806,0.036651913
131100,79599.0,2514670968426033.0,0.0,0.0,0.0
131300,79799.0,2514671168429158.0,-0.1001819,0.02076942,0.037873644
131500,79999.0,2514671368432283.0,0.0,0.0,0.0
131700,80199.0,2514671568436971.0,0.0,0.0,0.0
131900,80399.0,2514671768438533.0,0.0,0.0,0.0
132100,80599.0,2514671968441658.0,0.052534413,-0.09773844,0.002443461
132300,80800.0,2514672168446346.0,0.030543262,-0.06597344599999999,0.029321533
132500,81000.0,2514672368449471.0,0.0,0.0,0.0
132700,81199.0,2514672568419783.0,0.10995574,0.004886922,-0.103847094
132900,81399.0,2514672768422908.0,0.09896017,-0.02321288,-0.037873644
133100,81599.0,2514672968426033.0,0.07086037,-0.057421334,-0.058643065
133300,81799.0,2514673168429158.0,-0.040317107000000005,-0.021991149,-0.06352998
133500,81999.0,2514673368432283.0,0.0,0.0,0.0
133700,82199.0,2514673568435408.0,0.07086037,-0.036651913,-0.008552114
133900,82399.0,2514673768438533.0,-0.03176499,-0.105068825,-0.017104227
134100,82599.0,2514673968443221.0,0.0,0.0,0.0
134300,82800.0,2514674168444783.0,0.08796459400000001,-0.10262536,-0.008552114
134500,83000.0,2514674368447908.0,0.0,0.0,0.0
134700,83199.0,2514674568419783.0,0.0061086523,-0.13439035,-0.021991149
134900,83399.0,2514674768422908.0,0.096516706,-0.15760323,0.028099801
135100,83599.0,2514674968426033.0,0.07452556,-0.10995574,0.029321533
135300,83799.0,2514675168429158.0,-0.014660766,-0.07696902,-0.010995574
135500,83999.0,2514675368432283.0,0.0720821,-0.081855945,0.032986723
135700,84199.0,2514675568435408.0,0.089186326,-0.17104226,0.030543262
135900,84399.0,2514675768438533.0,-0.08796459400000001,0.10140363,-0.019547688
136100,84599.0,2514675968441658.0,-0.059864793,-0.05131268,0.004886922
136300,84800.0,2514676168444783.0,0.02443461,0.06597344599999999,0.035430185
136500,85000.0,2514676368447908.0,0.0,0.0,0.0
136700,85200.0,2514676568451033.0,0.0,0.0,0.0
136900,85399.0,2514676768422908.0,0.0,0.0,0.0
137100,85599.0,2514676968426033.0,0.06719518,0.039095376,0.009773844
137300,85799.0,2514677168429158.0,0.0,0.0,0.0
137500,85999.0,2514677368432283.0,0.0,0.0,0.0
137700,86199.0,2514677568433846.0,0.0,0.0,0.0
137900,86399.0,2514677768438533.0,0.0,0.0,0.0
138100,86599.0,2514677968441658.0,-0.09896017,0.04642576,-0.02443461
138300,86800.0,2514678168444783.0,0.0,0.0,0.0
138500,87000.0,2514678368447908.0,0.0,0.0,0.0
138700,87200.0,2514678568451033.0,0.0,0.035430185,-0.06841691
138900,87399.0,2514678768422908.0,-0.064751714,0.035430185,0.021991149
139100,87599.0,2514678968426033.0,0.0,0.0,0.0
139300,87799.0,2514679168429158.0,0.0,0.0,0.0
139500,87999.0,2514679368432283.0,0.0,0.0,0.0
139700,88199.0,2514679568433846.0,0.0,0.0,0.0
139900,88399.0,2514679768438533.0,0.0,0.0,0.0
140100,88599.0,2514679968440096.0,-0.10751228,0.019547688,-0.021991149
140300,88799.0,2514680168443221.0,0.0,0.0,0.0
140500,89000.0,2514680368447908.0,0.0,0.0,0.0
140700,89200.0,2514680568449471.0,-0.073303826,0.019547688,-0.008552114
140900,89399.0,2514680768422908.0,0.0,0.0,0.0
141100,89599.0,2514680968424471.0,0.0,0.0,0.0
141300,89799.0,2514681168427596.0,0.0,0.0,0.0
141500,89999.0,2514681368430721.0,0.0,0.0,0.0
141700,90199.0,2514681568433846.0,0.0,0.0,0.0
141900,90399.0,2514681768436971.0,0.06963864,0.02565634,0.03176499
142100,90599.0,2514681968441658.0,0.0,0.0,0.0
142300,90800.0,2514682168444783.0,-0.06963864,0.036651913,-0.004886922
142500,91000.0,2514682368446346.0,0.10629055,0.019547688,0.029321533
142700,91200.0,2514682568449471.0,0.0,0.0,0.0
142900,91399.0,2514682768422908.0,-0.10140363,0.018325957,-0.034208454
143100,91599.0,2514682968424471.0,0.0,0.0,0.0
143300,91799.0,2514683168427596.0,0.073303826,0.02076942,0.017104227
143500,91999.0,2514683368430721.0,0.0,0.0,0.0
143700,92199.0,2514683568433846.0,0.0,0.0,0.0
143900,92399.0,2514683768436971.0,0.0,0.0,0.0
144100,92599.0,2514683968440096.0,0.0,0.0,0.0
144300,92799.0,2514684168443221.0,0.0,0.0,0.0
144500,93000.0,2514684368446346.0,0.0,0.0,0.0
144700,93200.0,2514684568451033.0,0.0,0.0,0.0
144900,93399.0,2514684768421346.0,0.0,0.0,0.0
145100,93599.0,2514684968424471.0,0.0,0.0,0.0
145300,93799.0,2514685168427596.0,0.0,0.0,0.0
145500,93999.0,2514685368430721.0,0.0,0.0,0.0
145700,94199.0,2514685568433846.0,-0.0720821,0.019547688,-0.029321533
145900,94399.0,2514685768436971.0,0.04886922,0.06352998,0.008552114
146100,94599.0,2514685968440096.0,0.0,0.0,0.0
146300,94799.0,2514686168443221.0,0.0,0.0,0.0
146500,95000.0,2514686368446346.0,0.0,0.0,0.0
146700,95200.0,2514686568449471.0,0.09896017,0.037873644,0.02443461
146900,95399.0,2514686768421346.0,0.0,0.0,0.0
147100,95599.0,2514686968422908.0,0.0,0.0,0.0
147300,95799.0,2514687168427596.0,0.06719518,-0.021991149,0.034208454
147500,95999.0,2514687368429158.0,0.06719518,-0.039095376,0.017104227
147700,96199.0,2514687568433846.0,0.002443461,-0.08063421400000001,0.0036651916
147900,96399.0,2514687768436971.0,0.095294975,-0.09896017,0.02687807
148100,96599.0,2514687968440096.0,0.06719518,-0.034208454,0.02076942
148300,96799.0,2514688168443221.0,-0.13194689,0.018325957,-0.02687807
148500,97000.0,2514688368446346.0,0.0,0.0,0.0
148700,97200.0,2514688568449471.0,0.061086524,0.05131268,-0.009773844
148900,97399.0,2514688768421346.0,0.0,0.0,0.0
149100,97599.0,2514688968424471.0,0.0,0.0,0.0
149300,97799.0,2514689168426033.0,0.0,0.0,0.0
149500,97999.0,2514689368430721.0,0.08063421400000001,-0.14538592,0.05375614
149700,98199.0,2514689568433846.0,0.096516706,-0.3359759,0.02321288
149900,98399.0,2514689768435408.0,0.27366763,-0.41050145,-0.04886922
150100,98599.0,2514689968440096.0,0.112399206,-0.1881465,0.111177474
150300,98799.0,2514690168441658.0,-0.09407325,0.032986723,0.05131268
150500,99000.0,2514690368446346.0,-0.08796459400000001,0.0720821,-0.0036651916
150700,99200.0,2514690568449471.0,-0.08063421400000001,0.103847094,0.16126843
150900,99399.0,2514690768421346.0,-0.007330383,0.09162979,-0.057421334
151100,99599.0,2514690968424471.0,0.0,-0.105068825,0.018325957
151300,99799.0,2514691168427596.0,-0.32498032,0.44959682,0.16126843
151500,99999.0,2514691368429158.0,-0.119729586,-0.02565634,0.2773328
151700,100199.0,2514691568432283.0,-0.1441642,0.1563815,0.007330383
151900,100399.0,2514691768435408.0,0.028099801,-0.40317106,0.26511553
152100,100599.0,2514691968440096.0,-0.22357668,0.36163223,0.12461651
152300,100799.0,2514692168441658.0,0.057421334,0.16737708,-0.14172074
152500,101000.0,2514692368444783.0,-0.36774087,0.095294975,0.28955013
152700,101200.0,2514692568449471.0,0.54367006,-0.21868975,-0.4092797
152900,101399.0,2514692768419783.0,-0.22113322,0.28588495,0.09407325
153100,101599.0,2514692968422908.0,-0.31520647,0.08063421400000001,0.26511553
153300,101799.0,2514693168426033.0,0.28099802,-0.030543262,-0.23335053
153500,101999.0,2514693368429158.0,0.010995574,-0.07941248,0.10995574
153700,102199.0,2514693568432283.0,-0.09896017,0.08674286,0.04520403
153900,102399.0,2514693768435408.0,0.095294975,-0.002443461,-0.12705997
154100,102599.0,2514693968438533.0,0.0,0.0,0.0
154300,102799.0,2514694168441658.0,0.010995574,0.073303826,0.02443461
154500,103000.0,2514694368444783.0,0.2724459,-0.09407325,-0.23945917
154700,103200.0,2514694568447908.0,0.06963864,0.073303826,-0.047647487
154900,103399.0,2514694768419783.0,0.26022860000000003,-0.039095376,-0.15271631
155100,103599.0,2514694968422908.0,0.1881465,-0.07696902,-0.10629055
155300,103799.0,2514695168426033.0,0.0,0.0,0.0
155500,103999.0,2514695368429158.0,0.017104227,0.059864793,-0.04642576
155700,104199.0,2514695568432283.0,-0.015882496,0.13316862,0.039095376
155900,104399.0,2514695768435408.0,-0.05375614,0.09285152,0.02687807
156100,104599.0,2514695968438533.0,-0.0012217305,0.25411993,-0.1600467
156300,104799.0,2514696168441658.0,-0.08552113,0.02076942,0.06719518
156500,105000.0,2514696368444783.0,-0.002443461,0.19181168,-0.10995574
156700,105200.0,2514696568447908.0,0.05009095,0.05131268,-0.11484267
156900,105400.0,2514696768451033.0,-0.047647487,0.14905111,-0.10140363
157100,105599.0,2514696968422908.0,-0.15271631,0.11728613,0.062308256
157300,105799.0,2514697168426033.0,0.06963864,-0.037873644,0.0012217305
157500,105999.0,2514697368429158.0,-0.06719518,0.021991149,0.034208454
157700,106199.0,2514697568430721.0,0.012217305,0.02687807,0.0720821
157900,106399.0,2514697768435408.0,0.0,0.0,0.0
158100,106599.0,2514697968438533.0,0.0,0.0,0.0
158300,106799.0,2514698168441658.0,-0.04642576,0.057421334,-0.02565634
158500,107000.0,2514698368444783.0,-0.017104227,0.07574729,0.014660766
158700,107200.0,2514698568446346.0,-0.081855945,0.10873401,0.004886922
158900,107400.0,2514698768449471.0,0.02565634,0.05497787,-0.04642576
159100,107599.0,2514698968422908.0,-0.08552113,0.12950343,0.06841691
159300,107799.0,2514699168426033.0,-0.004886922,0.12339478,-0.10140363
159500,107999.0,2514699368429158.0,-0.12461651,0.12095132,0.019547688
159700,108199.0,2514699568430721.0,0.0720821,-0.009773844,-0.034208454
159900,108399.0,2514699768433846.0,0.0,0.0,0.0
160100,108599.0,2514699968438533.0,0.0,0.0,0.0
160300,108799.0,2514700168441658.0,0.105068825,-0.22235495,0.014660766
160500,109000.0,2514700368444783.0,0.02443461,-0.15149458,0.02443461
160700,109200.0,2514700568447908.0,-0.028099801,-0.105068825,-0.02443461
160900,109400.0,2514700768451033.0,-0.040317107000000005,0.034208454,-0.056199603
161100,109599.0,2514700968421346.0,0.0720821,-0.16615535,0.10140363
161300,109799.0,2514701168424471.0,-0.062308256,0.032986723,-0.030543262
161500,109999.0,2514701368429158.0,0.1600467,-0.103847094,-0.002443461
161700,110199.0,2514701568430721.0,0.4092797,-0.035430185,0.11362094
161900,110399.0,2514701768433846.0,0.19058995,-0.015882496,0.04153884
162100,110599.0,2514701968438533.0,-0.08552113,-0.09162979,0.061086524
162300,110799.0,2514702168440096.0,0.039095376,-0.002443461,-0.103847094
162500,110999.0,2514702368443221.0,-0.002443461,0.014660766,0.07696902
162700,111200.0,2514702568447908.0,-0.05497787,-0.052534413,-0.017104227
162900,111400.0,2514702768449471.0,0.0,0.0,0.0
163100,111599.0,2514702968421346.0,0.17592919,-0.014660766,0.12339478
163300,111799.0,2514703168424471.0,0.27977628,-0.021991149,-0.047647487
163500,111999.0,2514703368427596.0,0.0,-0.012217305,0.111177474
163700,112199.0,2514703568432283.0,0.07086037,-0.05375614,-0.06597344599999999
163900,112399.0,2514703768433846.0,-0.13683382,0.0012217305,-0.02565634
164100,112599.0,2514703968436971.0,-0.41905355,-0.06597344599999999,-0.042760565999999986
164300,112799.0,2514704168440096.0,-0.2565634,-0.004886922,-0.042760565999999986
164500,112999.0,2514704368443221.0,-0.07452556,-0.057421334,-0.058643065
164700,113200.0,2514704568446346.0,0.0,0.0,0.0
164900,113400.0,2514704768449471.0,0.052534413,0.039095376,-0.040317107000000005
165100,113599.0,2514704968421346.0,0.0720821,-0.111177474,0.07452556
165300,113799.0,2514705168424471.0,0.0,0.0,0.0
165500,113999.0,2514705368427596.0,0.073303826,0.06719518,0.05131268
165700,114199.0,2514705568429158.0,0.06719518,0.05375614,-0.07086037
165900,114399.0,2514705768433846.0,0.037873644,-0.021991149,0.06719518
166100,114599.0,2514705968436971.0,0.06841691,0.0,-0.09162979
166300,114799.0,2514706168440096.0,-0.13561209,0.07941248,0.02443461
166500,114999.0,2514706368443221.0,0.05375614,0.035430185,-0.09040806
166700,115200.0,2514706568446346.0,0.05497787,0.040317107000000005,-0.037873644
166900,115400.0,2514706768449471.0,-0.089186326,0.19303341,-0.1001819
167100,115599.0,2514706968421346.0,-0.039095376,0.15027285,-0.07086037
167300,115799.0,2514707168424471.0,0.021991149,0.02687807,-0.1282817
167500,115999.0,2514707368427596.0,-0.08063421400000001,0.25778514,-0.021991149
167700,116199.0,2514707568430721.0,-0.009773844,0.09285152,-0.12339478
167900,116399.0,2514707768433846.0,-0.103847094,0.16493362,-0.11484267
168100,116599.0,2514707968436971.0,0.02443461,-0.030543262,-0.10751228
168300,116799.0,2514708168440096.0,-0.1160644,0.20280726,-0.073303826
168500,116999.0,2514708368443221.0,0.07452556,-0.036651913,-0.07452556
168700,117200.0,2514708568446346.0,0.002443461,0.056199603,-0.05497787
168900,117400.0,2514708768449471.0,0.064751714,-0.0720821,-0.05497787
169100,117599.0,2514708968421346.0,0.3042109000000001,-0.22968534,-0.37384954
169300,117799.0,2514709168424471.0,-0.058643065,0.06963864,-0.059864793
169500,117999.0,2514709368426033.0,-0.02443461,-0.13194689,0.13561209
169700,118199.0,2514709568430721.0,0.064751714,0.0061086523,-0.21135938
169900,118399.0,2514709768432283.0,0.002443461,-0.13439035,0.037873644
170100,118599.0,2514709968435408.0,0.02565634,-0.20769419,0.18203785
170300,118799.0,2514710168438533.0,0.09285152,-0.2443461,0.12950343
170500,118999.0,2514710368441658.0,0.081855945,-0.028099801,-0.15149458
170700,119200.0,2514710568444783.0,0.02687807,0.05497787,-0.2125811
170900,119400.0,2514710768447908.0,-0.004886922,0.035430185,-0.10629055
171100,119599.0,2514710968421346.0,0.08796459400000001,-0.02443461,-0.25900686
171300,119799.0,2514711168422908.0,0.0,0.0,0.0
171500,119999.0,2514711368427596.0,-0.05131268,0.103847094,-0.07086037
171700,120199.0,2514711568430721.0,-0.09773844,0.007330383,0.1001819
171900,120399.0,2514711768432283.0,-0.018325957,-0.09162979,0.12950343
172100,120599.0,2514711968436971.0,-0.07452556,0.028099801,-0.012217305
172300,120799.0,2514712168438533.0,0.14294247,-0.13683382,-0.06352998
172500,120999.0,2514712368443221.0,-0.14538592,-0.02321288,0.30787608
172700,121200.0,2514712568444783.0,-0.13194689,-0.0061086523,0.32498032
172900,121400.0,2514712768447908.0,0.047647487,-0.18325958,0.22357668
173100,121599.0,2514712968419783.0,-0.089186326,0.043982297,0.15760323
173300,121799.0,2514713168422908.0,-0.056199603,-0.034208454,0.23090707
173500,121999.0,2514713368426033.0,-0.11484267,-0.02687807,0.15027285
173700,122199.0,2514713568429158.0,-0.07452556,-0.058643065,0.058643065
173900,122399.0,2514713768432283.0,-0.08552113,0.0061086523,0.07452556
174100,122599.0,2514713968435408.0,0.0,0.0,0.0
174300,122799.0,2514714168438533.0,-0.07819075,0.062308256,0.118507855
174500,122999.0,2514714368443221.0,0.009773844,-0.08307768,0.10262536
174700,123200.0,2514714568444783.0,-0.10873401,0.0842994,0.10629055
174900,123400.0,2514714768447908.0,0.0,0.0,0.0
175100,123600.0,2514714968451033.0,0.0,0.0,0.0
175300,123799.0,2514715168422908.0,-0.06597344599999999,0.05009095,0.07086037
175500,123999.0,2514715368426033.0,0.0,0.0,0.0
175700,124199.0,2514715568429158.0,0.0,0.0,0.0
175900,124399.0,2514715768432283.0,0.0,0.0,0.0
176100,124599.0,2514715968435408.0,0.0,0.0,0.0
176300,124799.0,2514716168438533.0,0.057421334,0.010995574,0.052534413
176500,124999.0,2514716368441658.0,0.0,0.0,0.0
176700,125200.0,2514716568444783.0,-0.04153884,0.06597344599999999,-0.004886922
176900,125400.0,2514716768447908.0,0.0,0.0,0.0
177100,125600.0,2514716968451033.0,0.040317107000000005,-0.019547688,-0.061086524
177300,125799.0,2514717168422908.0,0.040317107000000005,-0.064751714,0.0061086523
177500,125999.0,2514717368426033.0,-0.13194689,0.032986723,0.002443461
177700,126199.0,2514717568427596.0,0.0,0.0,0.0
177900,126399.0,2514717768430721.0,-0.059864793,0.05375614,0.004886922
178100,126599.0,2514717968433846.0,0.05375614,-0.02565634,-0.09773844
178300,126799.0,2514718168438533.0,0.1001819,-0.08307768,-0.047647487
178500,126999.0,2514718368441658.0,0.0,0.0,0.0
178700,127200.0,2514718568444783.0,0.0,0.0,0.0
178900,127400.0,2514718768447908.0,0.035430185,-0.032986723,0.061086524
179100,127600.0,2514718968451033.0,-0.08552113,0.13927728,0.08796459400000001
179300,127799.0,2514719168422908.0,-0.014660766,-0.047647487,0.057421334
179500,127999.0,2514719368424471.0,-0.035430185,0.06352998,0.02321288
179700,128199.0,2514719568427596.0,0.037873644,-0.02565634,-0.06352998
179900,128399.0,2514719768430721.0,0.002443461,0.06841691,-0.042760565999999986
180100,128599.0,2514719968433846.0,-0.06963864,0.1160644,0.036651913
180300,128799.0,2514720168436971.0,-0.12095132,0.19058995,0.028099801
180500,128999.0,2514720368441658.0,-0.04642576,0.043982297,0.04520403
180700,129199.0,2514720568443221.0,-0.064751714,0.09040806,0.0012217305
180900,129400.0,2514720768447908.0,-0.04153884,0.06597344599999999,0.009773844
181100,129600.0,2514720968451033.0,0.0,0.0,0.0
181300,129799.0,2514721168422908.0,-0.057421334,-0.007330383,0.05009095
181500,129999.0,2514721368424471.0,-0.042760565999999986,-0.0842994,-0.052534413
181700,130199.0,2514721568427596.0,-0.040317107000000005,0.07941248,-0.10262536
181900,130399.0,2514721768430721.0,-0.02687807,0.06597344599999999,-0.036651913
182100,130599.0,2514721968433846.0,-0.019547688,-0.15393804,0.09040806
182300,130799.0,2514722168436971.0,-0.09162979,0.057421334,0.035430185
182500,130999.0,2514722368440096.0,0.12705997,-0.040317107000000005,0.02443461
182700,131199.0,2514722568443221.0,0.089186326,-0.05375614,0.040317107000000005
182900,131400.0,2514722768446346.0,0.0,0.0,0.0
183100,131600.0,2514722968449471.0,0.0,0.0,0.0
183300,131799.0,2514723168421346.0,0.02443461,-0.06352998,0.034208454
183500,131999.0,2514723368424471.0,0.0,0.0,0.0
183700,132199.0,2514723568427596.0,0.047647487,0.04642576,-0.04153884
183900,132399.0,2514723768430721.0,-0.05131268,0.034208454,0.047647487
184100,132599.0,2514723968433846.0,0.017104227,-0.06719518,0.040317107000000005
184300,132799.0,2514724168436971.0,-0.0061086523,0.10140363,-0.05131268
184500,132999.0,2514724368441658.0,0.0,0.0,0.0
184700,133199.0,2514724568443221.0,-0.034208454,0.096516706,-0.043982297
184900,133400.0,2514724768446346.0,0.0,0.0,0.0
185100,133600.0,2514724968449471.0,-0.061086524,0.089186326,-0.014660766
185300,133799.0,2514725168421346.0,0.06597344599999999,-0.032986723,-0.018325957
185500,133999.0,2514725368424471.0,0.0,0.0,0.0
185700,134199.0,2514725568427596.0,0.012217305,0.06597344599999999,-0.04520403
185900,134399.0,2514725768430721.0,0.02565634,-0.10995574,0.07452556
186100,134599.0,2514725968433846.0,0.0,0.0,0.0
186300,134799.0,2514726168436971.0,-0.034208454,-0.05497787,-0.047647487
186500,134999.0,2514726368440096.0,0.0036651916,0.089186326,-0.06719518
186700,135199.0,2514726568443221.0,0.0,0.0,0.0
186900,135400.0,2514726768446346.0,0.05375614,-0.089186326,0.037873644
187100,135600.0,2514726968449471.0,-0.014660766,0.12217305,-0.058643065
187300,135799.0,2514727168421346.0,-0.009773844,0.105068825,-0.028099801
187500,135999.0,2514727368422908.0,-0.035430185,0.096516706,-0.032986723
187700,136199.0,2514727568426033.0,-0.052534413,0.05131268,0.02565634
187900,136399.0,2514727768430721.0,-0.07086037,0.13072516,0.043982297
188100,136599.0,2514727968433846.0,-0.12950343,0.30298916,-0.029321533
188300,136799.0,2514728168436971.0,-0.047647487,0.18448131,-0.04520403
188500,136999.0,2514728368440096.0,0.008552114,0.07086037,-0.032986723
188700,137199.0,2514728568443221.0,0.0,0.0,0.0
188900,137400.0,2514728768446346.0,0.0,0.0,0.0
189100,137600.0,2514728968447908.0,-0.06841691,0.018325957,0.035430185
189300,137799.0,2514729168419783.0,-0.05131268,0.047647487,0.03176499
189500,137999.0,2514729368424471.0,0.0,0.0,0.0
189700,138199.0,2514729568426033.0,0.0720821,-0.17470746,0.02687807
189900,138399.0,2514729768429158.0,0.035430185,-0.13072516,0.013439035
190100,138599.0,2514729968432283.0,-0.034208454,-0.03176499,0.06352998
190300,138799.0,2514730168435408.0,0.009773844,-0.014660766,0.07819075
190500,138999.0,2514730368438533.0,0.0,0.0,0.0
190700,139199.0,2514730568443221.0,-0.059864793,0.04520403,0.02321288
190900,139400.0,2514730768444783.0,-0.013439035,-0.07819075,0.07819075
191100,139600.0,2514730968447908.0,0.0,0.0,0.0
191300,139799.0,2514731168421346.0,0.0,0.0,0.0
191500,139999.0,2514731368422908.0,0.059864793,-0.09040806,-0.004886922
191700,140199.0,2514731568426033.0,0.073303826,-0.07086037,-0.04520403
191900,140399.0,2514731768429158.0,-0.017104227,-0.07574729,-0.019547688
192100,140599.0,2514731968432283.0,0.021991149,-0.07696902,-0.0036651916
192300,140799.0,2514732168435408.0,0.13194689,-0.042760565999999986,-0.009773844
192500,140999.0,2514732368438533.0,-0.07452556,0.13561209,-0.017104227
192700,141199.0,2514732568441658.0,-0.040317107000000005,0.05009095,-0.043982297
192900,141400.0,2514732768446346.0,-0.002443461,0.07086037,0.08552113
193100,141600.0,2514732968447908.0,-0.021991149,0.089186326,0.06352998
193300,141799.0,2514733168419783.0,-0.12095132,0.09040806,-0.002443461
193500,141999.0,2514733368422908.0,-0.036651913,-0.05009095,0.089186326
193700,142199.0,2514733568426033.0,0.07696902,0.017104227,0.013439035
193900,142399.0,2514733768429158.0,0.0,0.0,0.0
194100,142599.0,2514733968432283.0,-0.095294975,0.062308256,0.004886922
194300,142799.0,2514734168435408.0,0.0,0.0,0.0
194500,142999.0,2514734368438533.0,0.05497787,0.05375614,0.012217305
194700,143199.0,2514734568441658.0,-0.06352998,0.042760565999999986,-0.0036651916
194900,143400.0,2514734768444783.0,0.0,0.0,0.0
195100,143600.0,2514734968447908.0,-0.019547688,0.15393804,-0.017104227
195300,143800.0,2514735168451033.0,-0.04520403,0.073303826,-0.06597344599999999
195500,143999.0,2514735368422908.0,-0.05131268,0.17348573,-0.04153884
195700,144199.0,2514735568426033.0,-0.052534413,0.073303826,0.10140363
195900,144399.0,2514735768429158.0,0.0,0.0,0.0
196100,144599.0,2514735968432283.0,-0.06352998,0.030543262,-0.037873644
196300,144799.0,2514736168435408.0,0.029321533,0.052534413,0.052534413
196500,144999.0,2514736368438533.0,0.0,0.0,0.0
196700,145199.0,2514736568441658.0,0.0,0.0,0.0
196900,145400.0,2514736768444783.0,-0.047647487,0.096516706,-0.028099801
197100,145600.0,2514736968449471.0,0.02565634,0.13316862,-0.012217305
197300,145800.0,2514737168451033.0,-0.058643065,0.13805555,-0.021991149
197500,145999.0,2514737368422908.0,-0.029321533,0.058643065,-0.039095376
197700,146199.0,2514737568426033.0,0.0,0.0,0.0
197900,146399.0,2514737768429158.0,0.0061086523,0.15515977,0.0
198100,146599.0,2514737968432283.0,-0.17348573,0.1563815,0.07574729
198300,146799.0,2514738168435408.0,0.0,0.0,0.0
198500,146999.0,2514738368438533.0,-0.08552113,0.042760565999999986,0.10140363
198700,147199.0,2514738568441658.0,-0.17837265,0.018325957,0.1282817
198900,147400.0,2514738768444783.0,-0.16737708,0.04642576,0.08063421400000001
199100,147600.0,2514738968447908.0,-0.096516706,0.030543262,0.11728613
199300,147800.0,2514739168449471.0,-0.18203785,0.035430185,0.13316862
199500,147999.0,2514739368421346.0,-0.1282817,-0.16493362,0.09407325
199700,148199.0,2514739568424471.0,-0.20525073,-0.112399206,0.18081611
199900,148399.0,2514739768429158.0,-0.10995574,-0.004886922,0.103847094
200100,148599.0,2514739968430721.0,0.0,0.0,0.0
200300,148799.0,2514740168433846.0,0.103847094,0.039095376,-0.029321533
200500,148999.0,2514740368436971.0,0.4801401,-0.02443461,-0.21868975
200700,149199.0,2514740568440096.0,-0.17837265,-0.40194935,0.37507126
200900,149399.0,2514740768443221.0,-0.14905111,0.02565634,0.1160644
201100,149600.0,2514740968446346.0,0.5326744999999999,-0.4642576,-0.10751228
201300,149800.0,2514741168451033.0,-0.04153884,0.015882496,0.12461651
201500,149999.0,2514741368421346.0,0.0,0.0,0.0
201700,150199.0,2514741568424471.0,0.19547687,0.17348573,-0.18936823
201900,150399.0,2514741768427596.0,0.21502456,-0.02076942,-0.047647487
202100,150599.0,2514741968430721.0,0.19547687,-0.012217305,-0.07086037
202300,150799.0,2514742168433846.0,0.18325958,-0.06963864,-0.08307768
202500,150999.0,2514742368438533.0,-0.028099801,-0.04642576,0.21991149
202700,151199.0,2514742568441658.0,0.13927728,0.021991149,-0.06597344599999999
202900,151399.0,2514742768443221.0,0.002443461,-0.1282817,0.118507855
203100,151600.0,2514742968446346.0,0.21380283,0.10629055,-0.19914207
203300,151800.0,2514743168449471.0,-0.07452556,0.021991149,0.24801129
203500,151999.0,2514743368421346.0,-0.14172074,0.10262536,0.06352998
203700,152199.0,2514743568424471.0,0.06597344599999999,0.09896017,-0.12095132
203900,152399.0,2514743768427596.0,0.20158553,0.035430185,-0.0842994
204100,152599.0,2514743968430721.0,0.17715092,-0.2565634,0.14172074
204300,152799.0,2514744168433846.0,0.04520403,-0.004886922,-0.06719518
204500,152999.0,2514744368436971.0,-0.12217305,0.030543262,0.18936823
204700,153199.0,2514744568440096.0,0.23090707,0.0,-0.119729586
204900,153399.0,2514744768443221.0,0.04642576,-0.04886922,-0.08796459400000001
205100,153600.0,2514744968446346.0,0.06719518,-0.12705997,0.059864793
205300,153800.0,2514745168449471.0,0.19792034,-0.1563815,-0.021991149
205500,153999.0,2514745368421346.0,0.039095376,-0.002443461,0.06841691
205700,154199.0,2514745568424471.0,0.07696902,-0.07574729,-0.010995574
205900,154399.0,2514745768427596.0,0.07941248,0.07086037,-0.11362094
206100,154599.0,2514745968430721.0,0.0,0.0,0.0
206300,154799.0,2514746168433846.0,0.18692477,-0.11362094,-0.16982053
206500,154999.0,2514746368436971.0,-0.11484267,0.014660766,0.19425514
206700,155199.0,2514746568440096.0,0.0,0.0,0.0
206900,155399.0,2514746768443221.0,0.09896017,0.040317107000000005,-0.19303341
207100,155600.0,2514746968446346.0,0.05131268,0.064751714,-0.20525073
207300,155800.0,2514747168447908.0,0.0720821,0.035430185,-0.15515977
207500,155999.0,2514747368421346.0,-0.08796459400000001,0.089186326,-0.043982297
207700,156199.0,2514747568424471.0,0.012217305,0.07941248,-0.15027285
207900,156399.0,2514747768426033.0,0.103847094,0.04886922,-0.20525073
208100,156599.0,2514747968429158.0,-0.10995574,0.032986723,0.13194689
208300,156799.0,2514748168432283.0,0.030543262,0.047647487,-0.12705997
208500,156999.0,2514748368436971.0,-0.07696902,0.1282817,-0.05375614
208700,157199.0,2514748568440096.0,-0.057421334,0.09896017,-0.13194689
208900,157399.0,2514748768441658.0,-0.07574729,-0.007330383,0.08063421400000001
209100,157600.0,2514748968446346.0,0.0,0.0,0.0
209300,157800.0,2514749168449471.0,-0.009773844,-0.1001819,0.04886922
209500,157999.0,2514749368419783.0,-0.10995574,-0.06719518,0.22968534
209700,158199.0,2514749568424471.0,-0.030543262,-0.111177474,0.16615535
209900,158399.0,2514749768427596.0,-0.004886922,0.10262536,-0.14172074
210100,158599.0,2514749968430721.0,-0.09896017,-0.058643065,0.07086037
210300,158799.0,2514750168432283.0,0.10140363,0.012217305,-0.23090707
210500,158999.0,2514750368435408.0,-0.02443461,-0.13194689,0.08674286
210700,159199.0,2514750568438533.0,0.0061086523,-0.105068825,0.037873644
210900,159399.0,2514750768441658.0,0.0,0.0,0.0
211100,159600.0,2514750968444783.0,-0.06597344599999999,-0.04886922,0.10873401
211300,159800.0,2514751168447908.0,-0.06352998,0.012217305,-0.040317107000000005
211500,159999.0,2514751368419783.0,-0.13316862,-0.04642576,0.19425514
211700,160199.0,2514751568422908.0,-0.119729586,0.05131268,0.02443461
211900,160399.0,2514751768426033.0,0.05131268,0.042760565999999986,-0.17959438
212100,160599.0,2514751968429158.0,-0.19181168,-0.04520403,0.21624629
212300,160799.0,2514752168432283.0,-0.06597344599999999,-0.015882496,0.09162979
212500,160999.0,2514752368435408.0,0.009773844,0.064751714,-0.14538592
212700,161199.0,2514752568438533.0,-0.19914207,0.059864793,0.13072516
212900,161399.0,2514752768441658.0,0.019547688,0.019547688,-0.073303826
213100,161600.0,2514752968444783.0,-0.07819075,-0.05131268,0.059864793
213300,161800.0,2514753168447908.0,0.07574729,-0.02443461,-0.10995574
213500,161999.0,2514753368419783.0,-0.052534413,-0.057421334,0.10751228
213700,162199.0,2514753568424471.0,-0.10751228,0.10751228,-0.007330383
213900,162399.0,2514753768426033.0,0.06841691,-0.14905111,0.057421334
214100,162599.0,2514753968429158.0,-0.096516706,0.039095376,0.08674286
214300,162799.0,2514754168432283.0,0.0,0.0,0.0
214500,162999.0,2514754368435408.0,-0.030543262,0.08307768,-0.073303826
214700,163199.0,2514754568438533.0,0.014660766,-0.089186326,0.10629055
214900,163399.0,2514754768441658.0,-0.019547688,0.08796459400000001,-0.06597344599999999
215100,163600.0,2514754968444783.0,0.0,0.056199603,-0.05497787
215300,163800.0,2514755168447908.0,-0.103847094,0.19547687,-0.004886922
215500,164000.0,2514755368451033.0,-0.11362094,0.09285152,0.040317107000000005
215700,164199.0,2514755568421346.0,0.0,0.0,0.0
215900,164399.0,2514755768426033.0,0.0,0.0,0.0
216100,164599.0,2514755968429158.0,-0.20647246,0.15271631,0.11484267
216300,164799.0,2514756168432283.0,-0.017104227,0.13561209,-0.1160644
216500,164999.0,2514756368435408.0,-0.04153884,0.18692477,-0.09285152
216700,165199.0,2514756568438533.0,-0.2003638,0.15515977,0.07819075
216900,165399.0,2514756768441658.0,0.021991149,0.07452556,-0.07941248
217100,165600.0,2514756968444783.0,0.09285152,0.010995574,-0.12461651
217300,165800.0,2514757168446346.0,-0.19425514,0.059864793,0.11728613
217500,166000.0,2514757368449471.0,0.16126843,0.030543262,-0.1600467
217700,166199.0,2514757568422908.0,-0.13683382,0.08796459400000001,0.04886922
217900,166399.0,2514757768426033.0,0.08796459400000001,0.021991149,-0.064751714
218100,166599.0,2514757968427596.0,0.0,0.0,0.0
218300,166799.0,2514758168432283.0,-0.10262536,-0.05131268,0.10995574
218500,166999.0,2514758368433846.0,0.2321288,-0.37873647,0.035430185
218700,167199.0,2514758568438533.0,0.23457226,-0.2883284,0.059864793
218900,167399.0,2514758768441658.0,0.0,0.0,0.0
219100,167600.0,2514758968444783.0,0.0,0.0,0.0
219300,167800.0,2514759168447908.0,0.0,0.0,0.0
219500,168000.0,2514759368449471.0,0.06841691,-0.13194689,-0.02687807
219700,168199.0,2514759568422908.0,0.22235495,-0.36163223,0.081855945
219900,168399.0,2514759768424471.0,0.312763,-0.3933972,-0.004886922
220100,168599.0,2514759968427596.0,0.061086524,-0.09285152,0.0012217305
220300,168799.0,2514760168430721.0,-0.05131268,0.09162979,0.04520403
220500,168999.0,2514760368433846.0,-0.13805555,0.13439035,0.032986723
220700,169199.0,2514760568436971.0,-0.12705997,0.17959438,-0.05497787
220900,169399.0,2514760768440096.0,-0.10629055,0.18570304,-0.02565634
221100,169599.0,2514760968443221.0,-0.09162979,0.08552113,0.052534413
221300,169800.0,2514761168446346.0,-0.09896017,0.14294247,0.017104227
221500,170000.0,2514761368449471.0,-0.02687807,0.096516706,-0.040317107000000005
221700,170199.0,2514761568421346.0,-0.007330383,0.07574729,-0.004886922
221900,170399.0,2514761768424471.0,0.047647487,0.13072516,-0.059864793
222100,170599.0,2514761968427596.0,-0.095294975,0.062308256,0.073303826
222300,170799.0,2514762168430721.0,-0.07819075,0.02565634,0.07452556
222500,170999.0,2514762368433846.0,0.07574729,-0.0061086523,-0.028099801
222700,171199.0,2514762568436971.0,0.014660766,0.014660766,0.07574729
222900,171399.0,2514762768440096.0,0.0,0.0,0.0
223100,171599.0,2514762968443221.0,-0.05497787,0.02321288,0.05009095
223300,171800.0,2514763168446346.0,0.10751228,0.017104227,-0.111177474
223500,172000.0,2514763368449471.0,0.0,0.0,0.0
223700,172199.0,2514763568421346.0,-0.10262536,0.015882496,0.10995574
223900,172399.0,2514763768424471.0,-0.0036651916,0.06841691,-0.034208454
224100,172599.0,2514763968427596.0,-0.012217305,0.04886922,-0.059864793
224300,172799.0,2514764168430721.0,-0.14294247,0.02565634,0.12339478
224500,172999.0,2514764368433846.0,0.0,0.0,0.0
224700,173199.0,2514764568436971.0,0.0,0.0,0.0
224900,173399.0,2514764768440096.0,-0.07452556,0.06963864,0.043982297
225100,173599.0,2514764968443221.0,0.0,0.0,0.0
225300,173800.0,2514765168446346.0,0.119729586,-0.032986723,-0.09407325
225500,174000.0,2514765368449471.0,-0.11728613,0.02443461,0.12705997
225700,174199.0,2514765568421346.0,0.0,0.0,0.0
225900,174399.0,2514765768424471.0,0.0720821,0.061086524,-0.09285152
226100,174599.0,2514765968427596.0,0.0,0.0,0.0
226300,174799.0,2514766168430721.0,-0.096516706,0.02443461,0.118507855
226500,174999.0,2514766368433846.0,0.13683382,-0.002443461,-0.14049901
226700,175199.0,2514766568436971.0,-0.05131268,0.036651913,0.04886922
226900,175399.0,2514766768440096.0,0.018325957,0.0842994,-0.06963864
227100,175599.0,2514766968443221.0,-0.036651913,0.05009095,0.047647487
227300,175800.0,2514767168446346.0,-0.05375614,0.057421334,-0.0012217305
227500,176000.0,2514767368449471.0,0.052534413,0.052534413,-0.08307768
227700,176199.0,2514767568421346.0,-0.15149458,0.09773844,0.09040806
227900,176399.0,2514767768424471.0,-0.06352998,0.02565634,0.035430185
228100,176599.0,2514767968426033.0,0.05131268,-0.039095376,-0.04520403
228300,176799.0,2514768168430721.0,0.08307768,-0.10629055,-0.017104227
228500,176999.0,2514768368432283.0,0.12705997,-0.16982053,0.017104227
228700,177199.0,2514768568435408.0,-0.0842994,-0.008552114,0.07574729
228900,177399.0,2514768768440096.0,0.057421334,-0.05375614,-0.0036651916
229100,177599.0,2514768968443221.0,0.0,0.0,0.0
229300,177800.0,2514769168446346.0,-0.047647487,-0.018325957,0.059864793
229500,178000.0,2514769368449471.0,0.103847094,-0.040317107000000005,0.004886922
229700,178199.0,2514769568421346.0,0.021991149,-0.073303826,0.008552114
229900,178399.0,2514769768422908.0,0.09040806,-0.16249016,0.0061086523
230100,178599.0,2514769968427596.0,0.27977628,-0.37873647,-0.021991149
230300,178799.0,2514770168429158.0,0.26267207,-0.35063666,0.06841691
230500,178999.0,2514770368432283.0,-0.064751714,0.0012217305,0.04886922
230700,179199.0,2514770568435408.0,-0.112399206,0.17837265,-0.02565634
230900,179399.0,2514770768440096.0,-0.11484267,0.12095132,0.04886922
231100,179599.0,2514770968441658.0,-0.096516706,0.09040806,0.03176499
231300,179800.0,2514771168444783.0,0.06352998,-0.073303826,0.056199603
231500,180000.0,2514771368447908.0,0.12339478,0.030543262,-0.039095376
231700,180199.0,2514771568419783.0,0.0,0.0,0.0
231900,180399.0,2514771768422908.0,-0.26633725,0.2846632,0.07941248
232100,180599.0,2514771968426033.0,-0.111177474,0.312763,-0.08063421400000001
232300,180799.0,2514772168429158.0,-0.02076942,0.07574729,-0.007330383
232500,180999.0,2514772368432283.0,-0.04886922,0.04153884,0.04886922
232700,181199.0,2514772568435408.0,0.15027285,-0.017104227,-0.12461651
232900,181399.0,2514772768438533.0,-0.06597344599999999,0.13439035,-0.043982297
233100,181599.0,2514772968441658.0,-0.17959438,0.03176499,0.16493362
233300,181800.0,2514773168444783.0,0.07819075,0.007330383,-0.111177474
233500,182000.0,2514773368447908.0,-0.09162979,-0.14905111,0.22479841
233700,182200.0,2514773568451033.0,-0.06352998,-0.034208454,0.13316862
233900,182399.0,2514773768422908.0,0.13316862,-0.037873644,-0.12461651
234100,182599.0,2514773968426033.0,-0.02565634,0.08552113,-0.06719518
234300,182799.0,2514774168429158.0,-0.15393804,0.07696902,0.08307768
234500,182999.0,2514774368432283.0,-0.035430185,0.1881465,-0.12095132
234700,183199.0,2514774568435408.0,-0.014660766,0.1881465,-0.09896017
234900,183399.0,2514774768438533.0,0.028099801,0.019547688,-0.0720821
235100,183599.0,2514774968441658.0,-0.25534168,0.09407325,0.22113322
235300,183800.0,2514775168444783.0,0.4447099,-0.06352998,-0.3933972
235500,184000.0,2514775368447908.0,-0.08307768,0.10751228,-0.012217305
235700,184200.0,2514775568451033.0,-0.06963864,0.06719518,0.05009095
235900,184399.0,2514775768422908.0,-0.08796459400000001,-0.07941248,0.059864793
236100,184599.0,2514775968424471.0,0.19547687,0.10629055,-0.25900686
236300,184799.0,2514776168427596.0,0.0,0.0,0.0
236500,184999.0,2514776368432283.0,-0.15149458,-0.057421334,0.15760323
236700,185199.0,2514776568433846.0,0.13194689,-0.112399206,-0.11362094
236900,185399.0,2514776768438533.0,0.18081611,-0.07086037,-0.1160644
237100,185599.0,2514776968440096.0,-0.1160644,-0.035430185,0.062308256
237300,185800.0,2514777168444783.0,-0.09285152,-0.02687807,0.05497787
237500,186000.0,2514777368447908.0,-0.625526,0.6133086999999999,0.2125811
237700,186200.0,2514777568451033.0,-0.312763,0.42394048,0.04520403
237900,186399.0,2514777768422908.0,-0.16615535,0.010995574,0.11484267
238100,186599.0,2514777968424471.0,-0.035430185,-0.14294247,0.08552113
238300,186799.0,2514778168429158.0,0.06352998,-0.18448131,0.02076942
238500,186999.0,2514778368432283.0,0.34941490000000003,-0.49357912,-0.05009095
238700,187199.0,2514778568435408.0,0.6780604,-0.88453287,-0.09285152
238900,187399.0,2514778768438533.0,-0.3652974,0.44715336,0.013439035
239100,187599.0,2514778968441658.0,0.10873401,-0.15393804,0.03176499
239300,187800.0,2514779168444783.0,-0.039095376,0.062308256,-0.02687807
239500,188000.0,2514779368447908.0,0.0,0.0,0.0
239700,188200.0,2514779568449471.0,0.0,0.0,0.0
239900,188399.0,2514779768421346.0,-0.058643065,0.04153884,-0.02565634
240100,188599.0,2514779968426033.0,0.0,0.0,0.0
240300,188799.0,2514780168427596.0,0.0,0.0,0.0
240500,188999.0,2514780368430721.0,0.0,0.0,0.0
240700,189199.0,2514780568433846.0,0.0,0.0,0.0
240900,189399.0,2514780768438533.0,0.0,0.0,0.0
241100,189599.0,2514780968441658.0,0.0,0.0,0.0
241300,189799.0,2514781168443221.0,-0.02687807,0.007330383,-0.073303826
241500,190000.0,2514781368446346.0,-0.057421334,0.052534413,0.0061086523
241700,190200.0,2514781568449471.0,0.0,0.0,0.0
241900,190399.0,2514781768421346.0,0.0,0.0,0.0
242100,190599.0,2514781968424471.0,0.0,0.0,0.0
242300,190799.0,2514782168427596.0,0.0,0.0,0.0
242500,190999.0,2514782368430721.0,0.0,0.0,0.0
242700,191199.0,2514782568433846.0,0.0,0.0,0.0
242900,191399.0,2514782768436971.0,0.0,0.0,0.0
243100,191599.0,2514782968440096.0,0.0,0.0,0.0
243300,191799.0,2514783168443221.0,-0.07086037,0.034208454,-0.004886922
243500,192000.0,2514783368446346.0,0.0,0.0,0.0
243700,192200.0,2514783568449471.0,0.0,0.0,0.0
243900,192399.0,2514783768421346.0,0.0036651916,0.07696902,0.004886922
244100,192599.0,2514783968424471.0,0.0,0.0,0.0
244300,192799.0,2514784168427596.0,0.0,0.0,0.0
244500,192999.0,2514784368430721.0,0.0,0.0,0.0
244700,193199.0,2514784568435408.0,0.0,0.0,0.0
244900,193399.0,2514784768436971.0,0.0,0.0,0.0
245100,193599.0,2514784968440096.0,0.0,0.0,0.0
245300,193799.0,2514785168443221.0,0.0,0.0,0.0
245500,194000.0,2514785368444783.0,0.0,0.0,0.0
245700,194200.0,2514785568449471.0,0.0,0.0,0.0
245900,194399.0,2514785768419783.0,0.0,0.0,0.0
246100,194599.0,2514785968424471.0,0.0,0.0,0.0
246300,194799.0,2514786168427596.0,0.0,0.0,0.0
246500,194999.0,2514786368429158.0,0.0,0.0,0.0
246700,195199.0,2514786568433846.0,0.0,0.0,0.0
246900,195399.0,2514786768436971.0,0.0,0.0,0.0
247100,195599.0,2514786968440096.0,0.0,0.0,0.0
247300,195799.0,2514787168443221.0,0.059864793,-0.05009095,-0.0061086523
247500,196000.0,2514787368446346.0,0.06597344599999999,-0.089186326,0.002443461
247700,196200.0,2514787568447908.0,0.0,0.0,0.0
247900,196399.0,2514787768421346.0,0.07086037,-0.07574729,-0.03176499
248100,196599.0,2514787968422908.0,0.05375614,-0.09285152,-0.013439035
248300,196799.0,2514788168427596.0,0.1600467,-0.23701571,-0.058643065
248500,196999.0,2514788368430721.0,0.14660765,-0.21624629,-0.06841691
248700,197199.0,2514788568432283.0,0.10751228,-0.07941248,-0.08552113
248900,197399.0,2514788768435408.0,-0.1441642,0.16493362,-0.057421334
249100,197599.0,2514788968440096.0,-0.14782938,0.14172074,0.03176499
249300,197799.0,2514789168441658.0,-0.10262536,0.13561209,-0.037873644
249500,198000.0,2514789368446346.0,-0.096516706,0.12095132,-0.0036651916
249700,198200.0,2514789568447908.0,0.002443461,0.096516706,-0.19914207
249900,198399.0,2514789768421346.0,-0.10140363,-0.059864793,0.1441642
250100,198599.0,2514789968422908.0,0.0,0.0,0.0
250300,198799.0,2514790168427596.0,0.13439035,-0.12339478,-0.1001819
250500,198999.0,2514790368430721.0,-0.105068825,-0.07452556,0.17959438
250700,199199.0,2514790568432283.0,-0.04642576,-0.042760565999999986,0.04886922
250900,199399.0,2514790768435408.0,-0.118507855,0.12095132,0.057421334
251100,199599.0,2514790968438533.0,-0.1441642,0.14782938,0.021991149
251300,199799.0,2514791168441658.0,-0.0720821,0.07696902,0.036651913
251500,200000.0,2514791368444783.0,-0.07941248,0.028099801,0.10629055
251700,200200.0,2514791568447908.0,0.14049901,0.058643065,-0.23701571
251900,200399.0,2514791768419783.0,-0.056199603,0.032986723,0.040317107000000005
252100,200599.0,2514791968422908.0,-0.064751714,0.11484267,0.019547688
252300,200799.0,2514792168426033.0,0.12583824,0.07819075,-0.1966986
252500,200999.0,2514792368429158.0,0.039095376,0.14660765,-0.18692477
252700,201199.0,2514792568432283.0,0.018325957,0.12705997,-0.09407325
252900,201399.0,2514792768435408.0,-0.06841691,0.118507855,0.02443461
253100,201599.0,2514792968438533.0,-0.040317107000000005,0.021991149,0.06352998
253300,201799.0,2514793168441658.0,0.0061086523,0.119729586,-0.064751714
253500,202000.0,2514793368444783.0,0.047647487,0.039095376,-0.089186326
253700,202200.0,2514793568447908.0,0.0,0.0,0.0
253900,202400.0,2514793768451033.0,0.0,0.0,0.0
254100,202599.0,2514793968422908.0,-0.029321533,0.07086037,0.0061086523
254300,202799.0,2514794168426033.0,0.002443461,-0.04886922,0.1001819
254500,202999.0,2514794368429158.0,0.12461651,-0.02321288,-0.05131268
254700,203199.0,2514794568432283.0,-0.07574729,-0.05009095,0.19303341
254900,203399.0,2514794768433846.0,0.002443461,-0.029321533,0.07452556
255100,203599.0,2514794968438533.0,-0.06841691,-0.1160644,0.25534168
255300,203799.0,2514795168441658.0,0.1160644,0.02443461,-0.15027285
255500,204000.0,2514795368444783.0,0.0,0.02443461,0.10873401
255700,204200.0,2514795568447908.0,-0.02565634,-0.10873401,0.23457226
255900,204400.0,2514795768451033.0,0.12339478,0.035430185,-0.1563815
256100,204599.0,2514795968421346.0,0.02443461,0.10629055,0.0036651916
256300,204799.0,2514796168424471.0,-0.036651913,-0.07086037,0.2321288
256500,204999.0,2514796368427596.0,0.13439035,0.06352998,-0.12095132
256700,205199.0,2514796568432283.0,0.0036651916,-0.010995574,0.11362094
256900,205399.0,2514796768433846.0,0.0,0.0,0.0
257100,205599.0,2514796968436971.0,0.0,0.0,0.0
257300,205799.0,2514797168441658.0,-0.07819075,0.013439035,0.15515977
257500,205999.0,2514797368443221.0,0.064751714,0.017104227,-0.089186326
257700,206200.0,2514797568446346.0,-0.05009095,0.014660766,0.10140363
257900,206400.0,2514797768449471.0,0.0720821,-0.014660766,-0.02076942
258100,206599.0,2514797968421346.0,0.0,0.0,0.0
258300,206799.0,2514798168424471.0,0.06597344599999999,-0.035430185,-0.017104227
258500,206999.0,2514798368427596.0,-0.12095132,-0.02565634,0.16615535
258700,207199.0,2514798568430721.0,-0.04153884,0.037873644,0.1282817
258900,207399.0,2514798768433846.0,0.0,0.0,0.0
259100,207599.0,2514798968438533.0,0.06841691,0.035430185,-0.1160644
259300,207799.0,2514799168440096.0,-0.04153884,0.058643065,0.08552113
259500,207999.0,2514799368443221.0,-0.002443461,-0.010995574,0.07819075
259700,208200.0,2514799568447908.0,-0.05497787,0.08552113,0.09040806
259900,208400.0,2514799768451033.0,0.112399206,-0.040317107000000005,-0.14294247
260100,208599.0,2514799968421346.0,0.0,0.0,0.0
260300,208799.0,2514800168424471.0,-0.04520403,-0.002443461,0.061086524
260500,208999.0,2514800368427596.0,0.0720821,-0.021991149,-0.07819075
260700,209199.0,2514800568430721.0,-0.09162979,0.043982297,0.09040806
260900,209399.0,2514800768433846.0,0.0,0.0,0.0
261100,209599.0,2514800968438533.0,0.0,0.0,0.0
261300,209799.0,2514801168440096.0,0.0,0.0,0.0
261500,210000.0,2514801368444783.0,0.0,0.0,0.0
261700,210200.0,2514801568446346.0,-0.062308256,0.05009095,0.07819075
261900,210400.0,2514801768449471.0,0.0,0.0,0.0
262100,210599.0,2514801968421346.0,0.04642576,0.05009095,-0.0842994
262300,210799.0,2514802168424471.0,0.021991149,0.040317107000000005,-0.061086524
262500,210999.0,2514802368427596.0,-0.02687807,0.064751714,-0.034208454
262700,211199.0,2514802568430721.0,0.057421334,-0.05131268,-0.012217305
262900,211399.0,2514802768433846.0,0.0,0.0,0.0
263100,211599.0,2514802968436971.0,0.105068825,-0.021991149,-0.037873644
263300,211799.0,2514803168440096.0,0.07819075,-0.009773844,-0.007330383
263500,211999.0,2514803368443221.0,0.05009095,0.007330383,-0.09896017
263700,212200.0,2514803568446346.0,0.012217305,0.06963864,-0.1160644
263900,212400.0,2514803768449471.0,0.0,0.11484267,-0.105068825
264100,212599.0,2514803968421346.0,-0.05131268,0.018325957,0.05375614
264300,212799.0,2514804168424471.0,-0.015882496,-0.0036651916,0.07452556
264500,212999.0,2514804368427596.0,0.064751714,-0.036651913,0.02443461
264700,213199.0,2514804568430721.0,0.029321533,-0.019547688,0.06963864
264900,213399.0,2514804768433846.0,0.12583824,-0.02687807,-0.05375614
265100,213599.0,2514804968436971.0,0.05497787,0.05131268,-0.02687807
265300,213799.0,2514805168440096.0,0.0036651916,0.05497787,0.056199603
265500,213999.0,2514805368443221.0,0.0012217305,0.030543262,0.0720821
265700,214200.0,2514805568446346.0,-0.032986723,-0.06963864,0.19303341
265900,214400.0,2514805768449471.0,0.07696902,-0.043982297,0.06719518
266100,214599.0,2514805968421346.0,0.04520403,0.059864793,-0.07819075
266300,214799.0,2514806168422908.0,0.0,0.0,0.0
266500,214999.0,2514806368426033.0,0.02687807,0.03176499,0.06841691
266700,215199.0,2514806568430721.0,0.028099801,0.030543262,0.06719518
266900,215399.0,2514806768433846.0,0.009773844,-0.043982297,0.06719518
267100,215599.0,2514806968435408.0,0.02687807,-0.103847094,0.09040806
267300,215799.0,2514807168440096.0,0.09162979,-0.11728613,0.043982297
267500,215999.0,2514807368441658.0,0.018325957,-0.095294975,0.05009095
267700,216200.0,2514807568446346.0,0.040317107000000005,-0.032986723,0.058643065
267900,216400.0,2514807768449471.0,0.029321533,0.062308256,-0.1600467
268100,216599.0,2514807968419783.0,0.015882496,0.06963864,-0.081855945
268300,216799.0,2514808168424471.0,-0.056199603,0.018325957,0.09040806
268500,216999.0,2514808368426033.0,0.0,0.0,0.0
268700,217199.0,2514808568429158.0,0.0,0.0,0.0
268900,217399.0,2514808768433846.0,0.0,0.0,0.0
269100,217599.0,2514808968435408.0,-0.08796459400000001,0.07086037,0.017104227
269300,217799.0,2514809168440096.0,0.0,0.0,0.0
269500,217999.0,2514809368443221.0,0.0,0.0,0.0
269700,218200.0,2514809568446346.0,0.0,0.0,0.0
269900,218400.0,2514809768447908.0,-0.018325957,-0.02687807,-0.07086037
270100,218599.0,2514809968419783.0,-0.009773844,-0.07452556,-0.015882496
270300,218799.0,2514810168422908.0,-0.029321533,0.019547688,-0.06719518
270500,218999.0,2514810368426033.0,-0.018325957,-0.02443461,-0.07696902
270700,219199.0,2514810568429158.0,0.0,0.0,0.0
270900,219399.0,2514810768432283.0,-0.105068825,0.06841691,0.061086524
271100,219599.0,2514810968435408.0,-0.032986723,0.047647487,0.052534413
271300,219799.0,2514811168438533.0,-0.08307768,0.07574729,0.07696902
271500,219999.0,2514811368443221.0,-0.12705997,0.118507855,0.013439035
271700,220200.0,2514811568444783.0,-0.081855945,0.073303826,-0.018325957
271900,220400.0,2514811768447908.0,-0.06841691,0.036651913,-0.014660766
272100,220599.0,2514811968419783.0,0.31520647,-0.41416663,-0.05131268
272300,220799.0,2514812168422908.0,0.04153884,-0.06352998,0.010995574
272500,220999.0,2514812368426033.0,-0.009773844,0.105068825,0.035430185
272700,221199.0,2514812568429158.0,0.0,0.0,0.0
272900,221399.0,2514812768432283.0,0.0,0.0,0.0
273100,221599.0,2514812968435408.0,0.0,0.0,0.0
273300,221799.0,2514813168438533.0,0.0,0.0,0.0
273500,221999.0,2514813368441658.0,0.0,0.0,0.0
273700,222200.0,2514813568444783.0,0.018325957,0.064751714,-0.040317107000000005
273900,222400.0,2514813768447908.0,-0.07452556,0.014660766,-0.017104227
274100,222600.0,2514813968451033.0,-0.014660766,0.009773844,0.07452556
274300,222799.0,2514814168422908.0,0.043982297,0.012217305,-0.061086524
274500,222999.0,2514814368426033.0,-0.06352998,0.02687807,0.040317107000000005
274700,223199.0,2514814568429158.0,0.040317107000000005,-0.029321533,0.059864793
274900,223399.0,2514814768432283.0,0.043982297,0.02687807,-0.062308256
275100,223599.0,2514814968435408.0,0.0,0.0,0.0
275300,223799.0,2514815168438533.0,0.0,0.0,0.0
275500,223999.0,2514815368441658.0,0.0,0.0,0.0
275700,224199.0,2514815568443221.0,0.0,0.0,0.0
275900,224400.0,2514815768447908.0,0.0,0.0,0.0
276100,224600.0,2514815968451033.0,0.0,0.0,0.0
276300,224799.0,2514816168422908.0,0.0,0.0,0.0
276500,224999.0,2514816368426033.0,0.0,0.0,0.0
276700,225199.0,2514816568427596.0,0.0,0.0,0.0
276900,225399.0,2514816768430721.0,0.0,0.0,0.0
277100,225599.0,2514816968433846.0,0.0,0.0,0.0
277300,225799.0,2514817168436971.0,0.1160644,-0.02076942,0.07452556
277500,225999.0,2514817368441658.0,0.07452556,0.02321288,-0.009773844
277700,226199.0,2514817568443221.0,0.037873644,0.040317107000000005,0.05497787
277900,226400.0,2514817768447908.0,0.0,0.0,0.0
278100,226600.0,2514817968449471.0,0.0,0.0,0.0
278300,226799.0,2514818168422908.0,0.0,0.0,0.0
278500,226999.0,2514818368426033.0,-0.07086037,0.064751714,0.05009095
278700,227199.0,2514818568427596.0,0.0,0.0,0.0
278900,227399.0,2514818768432283.0,0.0,0.0,0.0
279100,227599.0,2514818968433846.0,0.0,0.0,0.0
279300,227799.0,2514819168438533.0,0.0,0.0,0.0
279500,227999.0,2514819368441658.0,0.0,0.0,0.0
279700,228200.0,2514819568444783.0,0.0,0.0,0.0
