sys_time,timestamp,abs_timestamp,raw_x_mag,raw_y_mag,raw_z_mag
0,4684.35,2514539928886737.0,-81.6875,97.64375,21.328125
200,4884.35,2514540128884627.5,-81.534375,97.40625,21.321875
400,5084.35,2514540328886814.5,-81.915625,97.346875,21.496875
600,5284.35,2514540528886971.0,-81.88125,97.51875,21.403125
800,5484.35,2514540728885955.5,-81.73125,97.740625,21.334375
1000,5684.3,2514540928885095.5,-81.978125,97.428125,20.76875
1200,5884.4,2514541128886580.0,-81.871875,98.0625,20.94375
1400,6084.25,2514541328884393.0,-81.728125,97.8375,21.125
1600,6284.35,2514541528885408.0,-81.871875,97.721875,21.740625
1800,6484.35,2514541728886580.5,-81.759375,97.48125,21.31875
2000,6679.368421052632,2514541923886148.5,-81.82894736842105,97.63815789473685,21.388157894736842
2200,6879.380952380952,2514542123885036.0,-81.99107142857143,97.47916666666669,21.133928571428573
2400,7084.35,2514542328896112.0,-81.890625,97.95625,21.11875
2600,7284.35,2514542528885720.5,-82.0625,97.603125,21.584375
2800,7484.35,2514542728886580.0,-81.903125,97.5375,21.178125
3000,7679.421052631579,2514542923886230.5,-82.10526315789474,97.67763157894736,21.44407894736842
3200,7879.333333333332,2514543123886375.5,-81.76785714285714,97.5386904761905,21.339285714285715
3400,8084.35,2514543328886424.5,-81.959375,97.6,21.515625
3600,8284.4,2514543528886424.0,-81.725,97.940625,20.93125
3800,8484.3,2514543728885643.0,-82.015625,97.65,21.03125
4000,8684.4,2514543928886111.0,-81.959375,97.478125,21.28125
4200,8884.3,2514544128884861.0,-81.603125,97.275,21.146875
4400,9079.368421052632,2514544323885654.5,-81.61842105263158,97.6644736842105,21.32236842105263
4600,9279.333333333334,2514544523886450.0,-81.97916666666667,97.2113095238095,21.288690476190478
4800,9479.315789473683,2514544723885820.0,-81.80263157894737,97.76973684210527,21.223684210526315
5000,9679.380952380952,2514544923885482.5,-81.97916666666667,97.44940476190477,21.535714285714285
5200,9884.3,2514545128886345.0,-81.75,97.378125,21.484375
5400,10084.4,2514545328886268.0,-81.590625,97.49375,21.234375
5600,10284.3,2514545528885564.0,-82.00625,97.528125,21.365625
5800,10484.35,2514545728886502.5,-82.221875,97.01875,21.61875
6000,10684.45,2514545928893611.5,-81.6875,97.25,21.240625
6200,10884.35,2514546128885095.5,-81.925,97.565625,21.253125
6400,11084.35,2514546328885799.0,-81.703125,97.44375,21.303125
6600,11284.4,2514546528892205.0,-82.05,97.315625,21.709375
6800,11484.35,2514546728884940.0,-81.803125,97.340625,21.975
7000,11684.35,2514546928885642.0,-82.35625,97.353125,21.3
7200,11884.4,2514547128886111.0,-81.825,97.1,21.609375
7400,12084.25,2514547328885175.0,-82.4375,97.503125,21.4875
7600,12284.35,2514547528885877.0,-81.9375,97.51875,21.4625
7800,12484.35,2514547728885564.5,-81.925,97.6375,21.075
8000,12684.3,2514547928886579.5,-81.95,97.35,21.3125
8200,12884.4,2514548128885721.0,-82.1875,97.36875,21.778125
8400,13084.4,2514548328903142.5,-82.125,97.4125,21.665625
8600,13284.35,2514548528886111.0,-81.48125,97.43125,22.7875
8800,13484.4,2514548728887283.5,-81.615625,97.446875,21.496875
9000,13684.4,2514548928885486.5,-82.8625,97.565625,21.81875
9200,13884.35,2514549128886424.0,-81.859375,97.565625,21.246875
9400,14084.4,2514549328887127.5,-82.23125,97.409375,21.209375
9600,14284.35,2514549528885720.5,-82.746875,97.265625,20.66875
9800,14484.3,2514549728884393.0,-82.01875,97.465625,21.284375
10000,14684.4,2514549928887049.0,-82.853125,97.5375,20.471875
10200,14884.25,2514550128885252.0,-82.621875,97.48125,21.1
10400,15084.35,2514550328884393.0,-82.653125,96.95,20.8125
10600,15284.35,2514550528886580.5,-82.846875,97.503125,20.565625
10800,15484.35,2514550728886424.0,-83.040625,97.14375,20.98125
11000,15684.35,2514550928884627.0,-83.659375,96.95625,20.34375
11200,15884.3,2514551128886893.0,-83.4,97.440625,20.040625
11400,16084.45,2514551328886892.5,-84.4,97.359375,19.24375
11600,16284.25,2514551528884471.0,-84.265625,96.959375,19.05
11800,16484.35,2514551728886346.0,-83.890625,96.615625,19.18125
12000,16684.35,2514551928886814.5,-84.196875,96.559375,18.59375
12200,16884.3,2514552128885643.0,-84.390625,96.3375,18.715625
12400,17084.4,2514552328886345.0,-84.515625,96.29375,18.703125
12600,17284.35,2514552528886580.0,-84.853125,96.346875,19.096875
12800,17484.35,2514552728885877.0,-84.990625,96.2875,18.946875
13000,17684.3,2514552928885486.0,-85.24375,96.728125,18.225
13200,17884.4,2514553128886502.5,-85.390625,96.959375,18.215625
13400,18084.3,2514553328885565.0,-85.025,96.778125,18.196875
13600,18284.3,2514553528884861.0,-85.3625,96.7875,18.290625
13800,18484.35,2514553728886111.0,-85.609375,97.26875,17.5375
14000,18684.3,2514553928885408.0,-86.021875,97.428125,18.49375
14200,18884.35,2514554128886736.5,-85.625,97.58125,17.95
14400,19084.35,2514554328886346.0,-85.49375,96.784375,18.684375
14600,19284.35,2514554528885329.0,-86.215625,96.91875,18.284375
14800,19484.4,2514554728887674.5,-86.290625,97.446875,18.28125
15000,19684.35,2514554928886111.5,-85.6375,97.809375,19.475
15200,19884.35,2514555128885329.0,-85.428125,98.23125,18.828125
15400,20084.4,2514555328888143.0,-85.565625,98.275,19.30625
15600,20279.315789473683,2514555523884915.5,-86.46381578947368,98.2730263157895,19.88157894736842
15800,20479.285714285714,2514555723884366.5,-89.15773809523809,98.13392857142857,19.901785714285715
16000,20684.4,2514555928885642.5,-90.890625,97.853125,19.61875
16200,20884.25,2514556128886033.0,-92.3625,97.059375,19.05
16400,21084.35,2514556328884861.0,-92.25,96.7625,17.8875
16600,21284.35,2514556528885799.0,-92.625,96.821875,18.303125
16800,21484.35,2514556728887126.5,-90.325,96.671875,18.35
17000,21684.3,2514556928884627.0,-89.8,96.421875,18.153125
17200,21884.3,2514557128885486.5,-89.503125,95.571875,18.08125
17400,22084.45,2514557328887205.0,-88.91875,94.6375,18.553125
17600,22284.25,2514557528884627.0,-88.753125,94.315625,18.784375
17800,22484.35,2514557728885408.0,-88.053125,93.578125,19.275
18000,22684.35,2514557928887205.0,-87.846875,92.203125,19.53125
18200,22884.3,2514558128885955.0,-87.996875,91.009375,19.834375
18400,23084.35,2514558328885408.0,-88.234375,90.23125,20.903125
18600,23284.4,2514558528885486.5,-88.275,89.315625,21.40625
18800,23484.35,2514558728885721.0,-88.7,87.78125,21.790625
19000,23684.3,2514558928885721.0,-88.04375,86.525,23.11875
19200,23884.35,2514559128885096.0,-89.0625,85.44375,24.378125
19400,24084.3,2514559328886189.0,-88.990625,83.959375,25.034375
19600,24284.3,2514559528885174.5,-89.09375,82.925,25.9875
19800,24484.3,2514559728884939.0,-89.6375,81.659375,27.478125
20000,24684.3,2514559928885955.0,-89.46875,80.95,29.09375
20200,24884.4,2514560128886659.0,-89.7375,79.08125,29.7125
20400,25084.3,2514560328885408.0,-90.1875,78.5375,30.596875
20600,25284.35,2514560528885486.5,-90.446875,77.875,30.765625
20800,25484.35,2514560728886580.0,-90.66875,77.759375,31.278125
21000,25684.35,2514560928886346.0,-90.61875,77.5,30.640625
21200,25884.4,2514561128885487.0,-90.278125,78.1125,30.578125
21400,26084.3,2514561328886501.0,-90.36875,78.73125,30.065625
21600,26284.35,2514561528884862.0,-90.634375,78.996875,29.853125
21800,26484.3,2514561728884393.0,-90.728125,79.671875,29.990625
22000,26684.45,2514561928886736.0,-90.653125,79.96875,28.9
22200,26884.3,2514562128886580.0,-91.059375,80.2,28.571875
22400,27084.3,2514562328884626.5,-91.13125,79.865625,28.334375
22600,27284.4,2514562528886423.5,-91.115625,80.209375,28.671875
22800,27484.35,2514562728886189.0,-91.153125,79.984375,27.709375
23000,27684.4,2514562928886033.0,-91.334375,80.584375,27.746875
23200,27884.3,2514563128886736.5,-91.384375,81.13125,28.54375
23400,28084.4,2514563328886424.0,-91.309375,80.90625,28.2125
23600,28284.3,2514563528885799.0,-90.275,81.3875,29.578125
23800,28484.4,2514563728886423.0,-90.415625,81.453125,29.2
24000,28684.35,2514563928886111.5,-90.621875,81.55625,28.746875
24200,28884.35,2514564128887284.0,-90.19375,81.44375,29.615625
24400,29084.4,2514564328885095.0,-90.46875,81.609375,29.734375
24600,29284.3,2514564528886423.5,-90.403125,81.278125,29.39375
24800,29484.35,2514564728885409.0,-90.59375,80.890625,29.21875
25000,29684.35,2514564928886346.0,-90.621875,81.075,29.628125
25200,29884.45,2514565128899158.0,-90.940625,81.021875,28.921875
25400,30084.3,2514565328885408.0,-91.29375,80.821875,28.965625
25600,30284.35,2514565528886190.0,-90.728125,80.728125,28.834375
25800,30484.4,2514565728886345.0,-90.90625,80.721875,28.78125
26000,30684.3,2514565928885173.0,-90.590625,80.70625,28.59375
26200,30884.45,2514566128887283.0,-91.065625,81.078125,28.34375
26400,31084.35,2514566328913143.0,-90.74375,81.10625,27.8875
26600,31284.35,2514566528885409.0,-90.565625,81.1125,27.434375
26800,31484.4,2514566728887751.5,-90.44375,81.70625,27.71875
27000,31684.4,2514566928887673.0,-90.2125,81.60625,27.275
27200,31884.35,2514567128885330.5,-90.828125,82.134375,26.775
27400,32084.3,2514567328885877.0,-90.7375,82.209375,25.79375
27600,32284.35,2514567528885487.0,-90.409375,82.2,25.615625
27800,32484.35,2514567728885095.0,-91.090625,82.45,23.909375
28000,32684.35,2514567928885487.0,-91.046875,82.715625,22.88125
28200,32884.35,2514568128887283.0,-90.2375,82.578125,22.13125
28400,33084.3,2514568328884939.5,-90.065625,83.54375,21.95625
28600,33279.36842105263,2514568523885902.0,-90.0625,84.1282894736842,22.47368421052632
28800,33479.380952380954,2514568723887417.0,-90.0386904761905,84.13988095238095,21.672619047619047
29000,33684.4,2514568928886424.0,-89.46875,84.784375,21.090625
29200,33884.3,2514569128885330.0,-89.74375,85.509375,20.06875
29400,34079.36842105263,2514569323886724.0,-89.27631578947368,85.8782894736842,20.44407894736842
29600,34279.333333333336,2514569523886821.0,-89.26190476190477,86.61309523809523,20.220238095238095
29800,34479.31578947369,2514569723885819.5,-88.51644736842104,88.19736842105263,19.845394736842106
30000,34679.380952380954,2514569923886375.0,-87.91666666666669,88.68154761904762,20.50297619047619
30200,34884.3,2514570128886345.0,-87.490625,88.778125,20.025
30400,35084.35,2514570328885487.0,-87.90625,88.53125,19.321875
30600,35284.3,2514570528885330.0,-88.778125,89.903125,18.946875
30800,35484.35,2514570728886033.0,-88.3125,90.271875,18.403125
31000,35684.4,2514570928887127.0,-87.78125,91.746875,18.634375
31200,35884.4,2514571128885174.0,-88.325,92.571875,17.359375
31400,36084.4,2514571328886346.0,-87.640625,92.83125,16.94375
31600,36284.4,2514571528886736.5,-87.890625,93.8,16.0875
31800,36484.3,2514571728885095.5,-87.4875,94.078125,16.203125
32000,36684.3,2514571928885565.0,-87.30625,94.690625,16.50625
32200,36884.4,2514572128886657.0,-86.94375,95.0625,16.1875
32400,37084.3,2514572328886815.0,-86.325,95.990625,17.259375
32600,37284.4,2514572528885643.0,-86.571875,95.99375,17.40625
32800,37484.35,2514572728886267.5,-86.546875,96.559375,17.471875
33000,37684.35,2514572928887987.0,-86.709375,96.44375,17.14375
33200,37884.35,2514573128883924.0,-86.55,96.8125,17.84375
33400,38084.3,2514573328885877.0,-86.678125,97.053125,17.959375
33600,38284.35,2514573528885799.0,-86.23125,97.05625,18.0875
33800,38484.25,2514573728883611.0,-86.25625,97.68125,18.03125
34000,38684.35,2514573928886190.0,-86.33125,96.78125,17.33125
34200,38884.35,2514574128886111.0,-87.11875,97.571875,16.16875
34400,39084.3,2514574328885408.5,-88.465625,96.13125,15.734375
34600,39284.4,2514574528885720.5,-87.74375,95.44375,15.896875
34800,39484.35,2514574728885643.0,-89.153125,94.78125,16.746875
35000,39684.35,2514574928886424.5,-89.584375,94.35625,17.359375
35200,39884.3,2514575128885564.5,-88.678125,92.803125,17.340625
35400,40084.4,2514575328885877.0,-88.5625,91.534375,18.1125
35600,40284.3,2514575528886268.0,-88.35,90.3375,18.35
35800,40484.35,2514575728885877.0,-87.934375,89.05,18.440625
36000,40684.35,2514575928885721.0,-88.965625,88.078125,19.4125
36200,40884.25,2514576128884783.0,-88.459375,87.3875,19.603125
36400,41084.4,2514576328886033.0,-88.634375,86.359375,20.421875
36600,41284.3,2514576528885721.0,-89.1875,85.03125,20.70625
36800,41484.35,2514576728884783.0,-88.46875,84.9,22.6
37000,41684.35,2514576928887049.0,-90.2,83.996875,22.6
37200,41884.35,2514577128885486.0,-89.94375,82.9125,23.04375
37400,42084.4,2514577328973611.5,-90.071875,82.459375,23.575
37600,42284.35,2514577528887049.0,-90.53125,82.06875,23.634375
37800,42484.35,2514577728885408.5,-91.196875,82.071875,24.65625
38000,42684.3,2514577928884470.5,-91.25625,81.553125,24.89375
38200,42884.45,2514578128886892.5,-90.578125,81.790625,26.95625
38400,43084.3,2514578328886893.0,-90.571875,81.0,27.203125
38600,43284.3,2514578528884549.0,-90.3875,81.209375,27.653125
38800,43484.4,2514578728886736.5,-90.9125,81.1125,27.9875
39000,43684.35,2514578928886892.5,-90.86875,81.00625,28.171875
39200,43884.35,2514579128884549.0,-90.90625,81.171875,28.021875
39400,44084.3,2514579328885252.0,-91.04375,81.546875,27.99375
39600,44284.4,2514579528886971.0,-90.965625,82.0,28.45625
39800,44484.25,2514579728886737.0,-91.034375,81.375,27.85
40000,44684.35,2514579928885252.0,-91.434375,82.29375,28.390625
40200,44884.35,2514580128887049.0,-90.315625,81.7375,28.809375
40400,45084.35,2514580328886112.0,-90.60625,81.5625,28.103125
40600,45284.35,2514580528884939.0,-91.446875,81.540625,27.671875
40800,45484.35,2514580728886815.0,-91.296875,81.50625,27.546875
41000,45684.35,2514580928885955.5,-91.2125,81.284375,27.8625
41200,45884.35,2514581128886658.5,-91.24375,81.203125,29.740625
41400,46084.4,2514581328890096.0,-90.809375,81.425,29.946875
41600,46284.35,2514581528886736.0,-91.146875,81.3125,27.8625
41800,46484.35,2514581728886424.5,-90.7375,81.4375,28.09375
42000,46684.35,2514581928885017.0,-91.653125,81.4,29.53125
42200,46884.3,2514582128885721.0,-91.15625,81.53125,28.61875
42400,47084.4,2514582328886502.0,-91.728125,81.709375,28.221875
42600,47284.3,2514582528885095.0,-91.446875,81.146875,29.21875
42800,47484.35,2514582728885564.0,-91.825,81.196875,29.51875
43000,47684.35,2514582928886423.5,-90.909375,81.04375,28.834375
43200,47884.35,2514583128886267.5,-90.91875,81.30625,28.965625
43400,48084.35,2514583328885408.5,-91.128125,80.7,30.3125
43600,48284.3,2514583528886502.5,-90.75,81.08125,29.31875
43800,48484.35,2514583728886189.0,-90.221875,81.9625,28.465625
44000,48684.35,2514583928885564.0,-90.65625,81.034375,30.0625
44200,48884.4,2514584128886189.0,-91.01875,80.975,29.84375
44400,49084.4,2514584328887908.0,-91.003125,81.134375,27.95
44600,49284.3,2514584528885017.0,-91.146875,81.1625,29.2625
44800,49484.35,2514584728886268.0,-91.06875,80.8875,30.265625
45000,49684.35,2514584928886033.0,-90.834375,80.821875,28.846875
45200,49884.35,2514585128885095.5,-90.640625,81.209375,28.821875
45400,50084.35,2514585328886501.0,-90.484375,80.784375,30.303125
45600,50279.368421052626,2514585523885326.5,-90.63486842105264,80.9375,29.34868421052632
45800,50479.285714285725,2514585723885706.5,-90.6220238095238,80.97023809523809,28.023809523809533
46000,50679.368421052626,2514585923886477.0,-90.61513157894736,80.7467105263158,29.51315789473684
46200,50874.35,2514586118885720.5,-90.340625,80.371875,30.06875
46400,51074.35,2514586318886658.5,-90.971875,80.94375,28.55625
46600,51279.33333333334,2514586523885408.0,-90.70833333333331,81.39285714285714,28.702380952380953
46800,51484.3,2514586728885721.0,-90.68125,81.13125,30.284375
47000,51679.42105263158,2514586923886641.0,-91.3519736842105,80.97039473684211,28.940789473684212
47200,51879.380952380954,2514587123887268.5,-91.01190476190477,81.22023809523809,28.315476190476193
47400,52084.4,2514587328885877.0,-91.228125,81.021875,30.30625
47600,52284.35,2514587528886345.0,-91.078125,80.75625,29.615625
47800,52484.3,2514587728885409.0,-90.8375,81.396875,28.709375
48000,52684.35,2514587928885799.0,-90.953125,81.1125,29.296875
48200,52884.3,2514588128884861.0,-91.321875,81.16875,30.04375
48400,53084.45,2514588328887205.0,-90.909375,81.5125,28.240625
48600,53284.25,2514588528885721.0,-90.940625,81.075,28.58125
48800,53484.35,2514588728885174.0,-91.55625,80.85,30.471875
49000,53684.35,2514588928886814.5,-91.303125,80.98125,29.86875
49200,53884.4,2514589128887127.0,-90.85625,81.10625,28.41875
49400,54084.35,2514589328884705.0,-91.228125,81.184375,28.975
49600,54284.3,2514589528886814.5,-90.95625,81.325,29.340625
49800,54484.4,2514589728886893.0,-91.01875,81.225,28.146875
50000,54684.25,2514589928884392.5,-90.884375,81.34375,28.1
50200,54884.4,2514590128886736.5,-91.334375,80.74375,29.5
50400,55084.35,2514590328886892.0,-90.7125,80.721875,28.775
50600,55284.35,2514590528885955.5,-90.3125,80.515625,27.675
50800,55484.35,2514590728884861.0,-91.246875,80.3375,27.70625
51000,55684.35,2514590928886423.5,-91.696875,79.85,28.096875
51200,55879.368421052626,2514591123890096.0,-91.88815789473685,80.36184210526315,27.019736842105264
51400,56049.26666666667,2514591293885512.5,-91.3125,80.47916666666667,27.8875
51600,56254.38461538462,2514591498885829.0,-91.70192307692308,80.53605769230771,29.78125
51800,56484.3,2514591728885487.0,-91.63125,80.459375,29.578125
52000,56684.3,2514591928884861.0,-91.3375,81.284375,28.303125
52200,56884.35,2514592128886267.5,-91.43125,81.059375,29.584375
52400,57084.3,2514592328885565.0,-92.0875,81.34375,29.01875
52600,57284.4,2514592528886502.0,-92.525,82.003125,27.303125
52800,57484.35,2514592728886268.0,-91.984375,82.421875,27.26875
53000,57684.35,2514592928885564.0,-91.015625,83.384375,26.965625
53200,57884.35,2514593128887986.5,-89.865625,84.409375,24.9125
53400,58084.4,2514593328886423.5,-89.334375,85.04375,22.80625
53600,58284.35,2514593528885330.5,-88.45625,85.51875,24.1875
53800,58484.35,2514593728886267.5,-88.6125,86.859375,23.075
54000,58684.3,2514593928884627.0,-88.23125,88.621875,20.540625
54200,58884.3,2514594128885252.0,-87.909375,89.528125,20.953125
54400,59084.4,2514594328886189.0,-87.890625,90.278125,20.234375
54600,59284.3,2514594528886112.0,-88.28125,91.996875,18.275
54800,59484.4,2514594728885095.5,-86.271875,92.821875,19.43125
55000,59684.35,2514594928886267.5,-86.51875,91.98125,21.028125
55200,59884.4,2514595128887517.0,-87.278125,93.984375,20.271875
55400,60084.45,2514595328886658.5,-87.446875,94.46875,18.521875
55600,60284.3,2514595528885877.0,-88.025,95.134375,18.709375
55800,60484.45,2514595728887518.5,-88.078125,95.065625,18.28125
56000,60684.3,2514595928885017.0,-88.409375,95.021875,17.86875
56200,60884.35,2514596128885955.0,-89.48125,95.053125,18.68125
56400,61084.4,2514596328887517.0,-88.775,94.89375,20.21875
56600,61284.25,2514596528884784.0,-86.34375,95.0625,20.475
56800,61484.4,2514596728885721.0,-84.75,98.3,18.728125
57000,61684.35,2514596928885642.5,-86.109375,98.971875,17.9125
57200,61884.35,2514597128886424.5,-90.14375,98.13125,16.928125
57400,62084.3,2514597328885721.0,-90.240625,97.6125,18.778125
57600,62284.4,2514597528885877.0,-87.78125,97.228125,19.678125
57800,62484.3,2514597728886502.0,-87.175,97.078125,20.046875
58000,62684.4,2514597928885877.0,-87.659375,97.25,18.1
58200,62884.4,2514598128890486.5,-87.059375,97.55,18.378125
58400,63084.3,2514598328886424.0,-86.19375,97.909375,19.534375
58600,63284.4,2514598528886737.0,-86.671875,97.9625,18.353125
58800,63484.3,2514598728885564.0,-86.321875,97.725,18.625
59000,63679.42105263157,2514598923886230.5,-85.38157894736842,97.67105263157896,19.200657894736842
59200,63874.35,2514599118886893.0,-85.496875,97.759375,19.334375
59400,64079.380952380954,2514599323887417.0,-86.49404761904762,98.1279761904762,17.976190476190478
59600,64284.35,2514599528884549.0,-86.44375,98.396875,18.628125
59800,64484.3,2514599728886580.0,-85.45625,98.784375,18.203125
60000,64684.35,2514599928885096.5,-86.38125,98.9375,17.69375
60200,64884.3,2514600128884158.5,-87.184375,98.59375,17.3
60400,65084.4,2514600328886893.0,-86.4875,99.384375,18.578125
60600,65284.3,2514600528886658.5,-85.30625,99.0625,18.94375
60800,65484.35,2514600728884471.0,-86.39375,98.528125,18.25625
61000,65684.35,2514600928886580.0,-85.975,98.703125,18.284375
61200,65884.35,2514601128886424.0,-86.384375,99.346875,17.6375
61400,66084.4,2514601328885877.0,-86.65625,99.134375,17.609375
61600,66284.35,2514601528886736.5,-87.503125,99.18125,17.765625
61800,66484.4,2514601728886580.0,-86.7125,99.534375,18.959375
62000,66684.3,2514601928886033.0,-86.203125,99.4625,18.884375
62200,66884.35,2514602128886345.0,-86.509375,99.075,18.178125
62400,67084.35,2514602328886501.0,-86.371875,99.05,19.00625
62600,67284.25,2514602528885564.5,-85.978125,98.871875,19.3
62800,67484.35,2514602728884627.0,-86.828125,98.665625,18.115625
63000,67684.3,2514602928886111.0,-86.171875,98.796875,18.99375
63200,67884.35,2514603128885486.0,-86.06875,98.55625,19.81875
63400,68084.35,2514603328886268.0,-85.853125,98.403125,19.446875
63600,68284.4,2514603528885955.0,-85.646875,98.171875,18.225
63800,68484.3,2514603728885252.0,-85.025,98.71875,18.55625
64000,68684.35,2514603928886033.0,-85.2125,98.94375,19.128125
64200,68884.4,2514604128886345.0,-86.65,98.871875,18.121875
64400,69084.3,2514604328885251.5,-85.990625,98.909375,18.315625
64600,69284.45,2514604528887596.0,-85.39375,98.54375,19.1875
64800,69484.3,2514604728885721.0,-85.49375,98.271875,18.73125
65000,69684.35,2514604928884627.5,-86.21875,97.46875,17.465625
65200,69884.4,2514605128887439.0,-84.071875,97.959375,20.096875
65400,70084.3,2514605328885877.0,-84.403125,97.134375,19.525
65600,70284.35,2514605528885017.0,-84.890625,96.775,19.30625
65800,70484.3,2514605728885643.0,-85.334375,96.45625,18.50625
66000,70684.35,2514605928885565.0,-85.55625,95.828125,18.025
66200,70884.3,2514606128884549.0,-86.896875,95.109375,16.85625
66400,71084.4,2514606328885486.5,-86.909375,94.88125,16.846875
66600,71284.35,2514606528886970.5,-86.578125,94.425,17.871875
66800,71484.3,2514606728884393.0,-87.11875,94.0875,17.359375
67000,71684.4,2514606928890330.0,-87.246875,93.15625,16.846875
67200,71884.35,2514607128886579.5,-87.253125,92.7125,18.30625
67400,72084.35,2514607328886268.0,-87.146875,91.703125,18.821875
67600,72284.3,2514607528885173.0,-87.690625,91.0375,17.75
67800,72484.4,2514607728886892.5,-87.515625,90.675,18.625
68000,72684.3,2514607928886189.0,-87.409375,89.453125,19.909375
68200,72884.3,2514608128885096.0,-88.025,88.665625,19.778125
68400,73084.3,2514608328884939.5,-88.103125,88.2875,19.746875
68600,73284.3,2514608528885877.0,-87.803125,88.29375,20.390625
68800,73484.35,2514608728885174.0,-87.959375,87.390625,20.39375
69000,73684.3,2514608928884939.0,-89.053125,86.6875,20.128125
69200,73884.35,2514609128885877.0,-88.9875,85.528125,21.771875
69400,74084.35,2514609328886815.0,-88.434375,85.515625,22.703125
69600,74284.3,2514609528884627.0,-88.578125,84.428125,22.64375
69800,74479.31578947367,2514609723885161.0,-88.00986842105263,84.08223684210526,22.983552631578952
70000,74679.38095238095,2514609923886673.0,-87.68154761904762,84.13988095238095,23.782738095238088
70200,74884.3,2514610128884783.0,-88.796875,83.690625,23.128125
70400,75079.31578947367,2514610323886313.0,-90.4144736842105,84.0625,23.407894736842106
70600,75279.38095238095,2514610523885706.0,-90.43154761904762,83.77976190476191,25.139880952380953
70800,75484.3,2514610728886268.5,-89.321875,82.478125,26.128125
71000,75684.35,2514610928885330.0,-90.684375,82.06875,25.396875
71200,75884.35,2514611128886033.0,-90.196875,81.890625,26.64375
71400,76084.45,2514611328948377.0,-90.06875,81.70625,27.11875
71600,76284.35,2514611528883924.0,-90.60625,81.19375,28.234375
71800,76484.35,2514611728886111.5,-91.23125,80.440625,28.0125
72000,76684.4,2514611928885877.0,-90.91875,80.196875,29.70625
72200,76884.25,2514612128883767.5,-90.75,80.115625,29.86875
72400,77084.35,2514612328885877.0,-91.09375,79.790625,29.321875
72600,77284.35,2514612528885721.0,-91.6,79.946875,29.2875
72800,77484.25,2514612728885408.5,-91.596875,79.771875,29.75625
73000,77684.4,2514612928885642.0,-91.7125,79.646875,29.909375
73200,77884.35,2514613128885877.0,-91.459375,80.090625,30.234375
73400,78084.4,2514613328886658.5,-91.28125,79.696875,30.05
73600,78284.35,2514613528885799.0,-91.40625,79.696875,29.85625
73800,78484.4,2514613728885877.0,-91.321875,79.540625,31.740625
74000,78684.35,2514613928886736.5,-91.565625,79.834375,32.93125
74200,78884.4,2514614128950721.0,-90.85,78.9375,32.91875
74400,79084.35,2514614328885877.0,-91.03125,80.084375,33.24375
74600,79284.25,2514614528884861.0,-92.278125,79.43125,32.4625
74800,79484.35,2514614728885643.0,-90.6,79.1625,32.98125
75000,79684.25,2514614928885643.0,-91.625,79.56875,32.70625
75200,79884.3,2514615128884627.0,-91.125,80.259375,32.490625
75400,80084.4,2514615328887751.5,-90.821875,79.63125,32.23125
75600,80279.36842105263,2514615523885409.0,-90.92434210526315,79.20394736842105,32.838815789473685
75800,80479.38095238095,2514615723885557.0,-91.2261904761905,79.40773809523809,32.788690476190474
76000,80684.3,2514615928887361.0,-91.49375,79.71875,32.634375
76200,80884.35,2514616128885642.5,-91.584375,79.346875,32.890625
76400,81084.3,2514616328885017.0,-91.1625,79.290625,32.546875
76600,81284.45,2514616528886970.5,-91.753125,79.815625,32.865625
76800,81484.3,2514616728887048.5,-91.76875,79.54375,32.828125
77000,81684.35,2514616928884705.0,-91.16875,79.415625,32.709375
77200,81884.35,2514617128933455.0,-91.034375,79.546875,32.684375
77400,82084.4,2514617328887518.0,-91.1875,79.546875,32.61875
77600,82284.35,2514617528884861.0,-90.70625,79.778125,33.25625
77800,82484.3,2514617728885330.0,-91.084375,79.596875,32.315625
78000,82684.4,2514617928887127.0,-91.38125,79.346875,32.65625
78200,82884.25,2514618128884549.0,-91.53125,79.79375,32.7
78400,83084.35,2514618328885486.0,-91.309375,79.8375,33.190625
78600,83284.35,2514618528886971.0,-90.54375,79.96875,33.7
78800,83484.3,2514618728886033.0,-91.215625,80.959375,33.1375
79000,83684.4,2514618928885330.5,-90.534375,80.2,33.353125
79200,83884.35,2514619128886892.5,-92.0375,80.175,32.80625
79400,84084.4,2514619328886189.0,-91.134375,80.603125,33.240625
79600,84284.35,2514619528886658.0,-92.071875,80.678125,33.3
79800,84484.5,2514619728970252.0,-91.778125,80.196875,33.240625
80000,84684.3,2514619928885877.0,-91.615625,80.81875,33.509375
80200,84884.35,2514620128885018.5,-91.209375,79.903125,33.184375
80400,85084.3,2514620328884783.0,-92.63125,79.796875,32.73125
80600,85284.3,2514620528885486.5,-92.01875,80.959375,33.2375
80800,85484.4,2514620728886580.0,-91.0375,80.778125,34.15
81000,85684.25,2514620928884627.0,-90.36875,80.53125,34.303125
81200,85884.35,2514621128885408.5,-90.06875,80.296875,34.18125
81400,86084.45,2514621328905564.0,-90.4625,81.134375,33.690625
81600,86284.35,2514621528886033.0,-91.509375,81.875,33.93125
81800,86484.35,2514621728885330.0,-92.534375,81.046875,34.96875
82000,86684.35,2514621928913221.0,-89.9875,80.71875,39.409375
82200,86884.35,2514622128885877.0,-88.253125,80.434375,40.525
82400,87084.35,2514622328885330.5,-89.084375,81.446875,38.771875
82600,87284.4,2514622528886033.0,-91.34375,81.640625,35.10625
82800,87484.35,2514622728887674.5,-92.1375,81.665625,34.2625
83000,87684.3,2514622928883455.0,-93.11875,81.26875,34.0625
83200,87884.35,2514623128885721.0,-92.525,80.65625,34.18125
83400,88084.35,2514623328886502.0,-91.584375,80.090625,34.803125
83600,88284.35,2514623528885095.5,-91.603125,81.15625,35.875
83800,88484.3,2514623728886033.0,-93.003125,81.0625,34.534375
84000,88684.4,2514623928885877.0,-91.915625,80.315625,35.096875
84200,88884.25,2514624128885331.0,-91.334375,81.540625,35.165625
84400,89084.4,2514624328886346.5,-91.171875,80.859375,35.409375
84600,89284.35,2514624528885720.5,-92.396875,80.465625,34.771875
84800,89484.3,2514624728886345.0,-92.3375,80.609375,35.128125
85000,89684.35,2514624928885564.0,-91.925,80.465625,34.98125
85200,89884.3,2514625128885564.0,-92.15,80.38125,35.240625
85400,90084.4,2514625328887986.0,-91.9,80.7625,34.359375
85600,90284.4,2514625528887205.0,-92.565625,80.821875,34.65625
85800,90484.4,2514625728885642.5,-92.665625,80.240625,35.334375
86000,90684.3,2514625928884783.0,-92.378125,80.88125,35.253125
86200,90884.3,2514626128885643.0,-92.475,80.79375,35.03125
86400,91084.35,2514626328885565.0,-92.36875,80.759375,34.628125
86600,91284.3,2514626528884393.0,-92.48125,80.89375,35.44375
86800,91484.45,2514626728887049.0,-92.603125,80.621875,35.521875
87000,91684.25,2514626928885408.5,-92.55,80.584375,35.2125
87200,91884.35,2514627128884549.0,-92.371875,80.928125,35.5375
87400,92084.35,2514627328887361.0,-92.696875,80.55,35.26875
87600,92284.35,2514627528886736.5,-92.70625,80.396875,35.703125
87800,92484.35,2514627728884471.0,-92.2875,80.4625,35.934375
88000,92684.3,2514627928886658.0,-92.35,80.13125,35.534375
88200,92884.4,2514628128886581.0,-92.534375,79.940625,35.921875
88400,93084.25,2514628328884392.5,-92.284375,80.3875,36.03125
88600,93284.4,2514628528886345.0,-92.50625,80.21875,36.64375
88800,93484.35,2514628728886736.0,-92.58125,80.5125,36.253125
89000,93679.26315789473,2514628923884586.0,-92.63157894736842,80.75,36.46052631578947
89200,93879.33333333331,2514629123884813.0,-92.70238095238096,80.40476190476191,36.669642857142854
89400,94084.35,2514629328886736.5,-92.61875,80.10625,37.078125
89600,94284.35,2514629528885799.0,-92.95,80.6375,36.840625
89800,94484.3,2514629728885017.0,-92.534375,80.30625,36.378125
90000,94684.4,2514629928886033.0,-93.421875,80.2875,35.5625
90200,94884.25,2514630128884783.0,-94.653125,80.684375,34.328125
90400,95084.25,2514630328884471.0,-93.028125,80.771875,36.603125
90600,95284.35,2514630528885798.5,-93.675,80.746875,35.81875
90800,95484.3,2514630728885017.0,-93.553125,80.75,36.315625
91000,95684.35,2514630928885721.0,-93.521875,80.725,36.19375
91200,95884.35,2514631128886111.5,-93.24375,80.771875,36.984375
91400,96084.35,2514631328885642.5,-92.88125,80.7,37.653125
91600,96284.4,2514631528887830.5,-92.59375,80.865625,37.278125
91800,96484.35,2514631728884627.0,-92.803125,80.6625,37.515625
92000,96684.35,2514631928885095.0,-92.934375,80.709375,38.19375
92200,96884.35,2514632128886111.0,-92.809375,81.115625,38.303125
92400,97084.3,2514632328884705.0,-92.803125,80.6625,37.809375
92600,97284.3,2514632528885486.5,-92.7125,80.796875,38.371875
92800,97484.4,2514632728886033.0,-93.071875,80.76875,38.0875
93000,97684.3,2514632928885877.0,-93.446875,81.375,38.046875
93200,97884.3,2514633128884861.0,-93.54375,80.709375,37.784375
93400,98084.35,2514633328886111.5,-93.096875,80.45,38.059375
93600,98284.35,2514633528887439.0,-92.728125,80.40625,38.975
93800,98484.4,2514633728885173.0,-92.690625,80.671875,38.9375
94000,98684.3,2514633928886111.0,-93.0,80.396875,38.034375
94200,98884.45,2514634128887283.0,-92.784375,80.703125,39.084375
94400,99084.3,2514634328885330.5,-93.259375,80.65,39.3375
94600,99284.35,2514634528885641.0,-92.79375,80.78125,39.15
94800,99484.35,2514634728885642.5,-93.359375,80.65,39.128125
95000,99684.25,2514634928884861.0,-93.3,80.328125,39.45
95200,99884.4,2514635128885251.5,-93.034375,80.925,39.71875
95400,100084.35,2514635328885720.0,-93.190625,81.003125,39.9125
95600,100279.36842105264,2514635523886312.5,-93.19407894736842,80.91776315789474,39.67105263157895
95800,100474.25,2514635718885486.5,-92.971875,80.7,39.834375
96000,100679.42857142855,2514635923885557.0,-93.63392857142857,81.00595238095238,40.145833333333336
96200,100884.3,2514636128885877.0,-93.409375,81.128125,40.68125
96400,101084.35,2514636328885565.0,-93.034375,81.6125,40.91875
96600,101284.35,2514636528885642.5,-92.54375,81.5125,41.603125
96800,101484.3,2514636728886111.0,-92.9125,82.315625,41.68125
97000,101684.4,2514636928886815.0,-94.534375,81.05,40.99375
97200,101884.25,2514637128885486.5,-93.21875,81.375,42.465625
97400,102084.35,2514637328886189.0,-93.846875,81.146875,41.85625
97600,102284.35,2514637528886658.0,-93.409375,81.746875,42.671875
97800,102484.3,2514637728885095.5,-93.31875,81.2125,42.74375
98000,102684.3,2514637928884159.0,-93.61875,81.540625,42.853125
98200,102884.3,2514638128886501.0,-93.784375,81.63125,42.725
98400,103084.35,2514638328885330.0,-94.0375,81.5875,42.99375
98600,103284.3,2514638528884001.0,-94.34375,81.678125,43.9
98800,103484.4,2514638728886736.0,-93.975,81.634375,43.50625
99000,103684.3,2514638928886659.0,-94.16875,81.484375,43.709375
99200,103884.35,2514639128884236.5,-94.0,81.746875,43.615625
99400,104084.4,2514639328893611.5,-94.06875,81.553125,44.390625
99600,104279.36842105264,2514639523886066.0,-95.17105263157896,81.95065789473685,44.33552631578947
99800,104479.38095238096,2514639723885780.5,-94.9375,81.20535714285714,44.220238095238095
100000,104684.35,2514639928965955.5,-95.090625,82.6125,45.23125
100200,104884.4,2514640128886424.0,-94.609375,82.228125,45.20625
100400,105084.3,2514640328885721.0,-94.08125,82.56875,45.70625
100600,105284.35,2514640528884939.0,-94.365625,82.503125,45.553125
100800,105479.36842105264,2514640723886641.0,-94.73684210526315,82.79605263157895,45.151315789473685
101000,105679.28571428572,2514640923884813.0,-94.4345238095238,82.83630952380952,46.0327380952381
101200,105884.35,2514641128884627.0,-94.171875,82.81875,46.5625
101400,106084.3,2514641328886033.0,-94.303125,83.115625,46.49375
101600,106284.35,2514641528885173.0,-94.409375,82.9625,46.584375
101800,106484.35,2514641728886112.0,-94.3,83.146875,47.0875
102000,106684.4,2514641928885955.0,-94.7125,83.26875,47.475
102200,106884.3,2514642128885252.0,-94.234375,83.43125,47.340625
102400,107084.35,2514642328886033.0,-94.440625,83.328125,47.46875
102600,107284.35,2514642528885799.0,-94.38125,83.778125,47.896875
102800,107484.3,2514642728884705.0,-94.3375,83.63125,48.265625
103000,107684.45,2514642928887517.0,-94.784375,83.33125,48.390625
103200,107884.25,2514643128885565.0,-94.534375,83.821875,48.221875
103400,108084.35,2514643328884939.5,-94.56875,83.95625,47.9375
103600,108284.35,2514643528886502.0,-94.35,83.975,48.859375
103800,108484.35,2514643728885642.5,-94.709375,84.434375,48.775
104000,108684.35,2514643928884705.0,-94.453125,84.690625,49.075
104200,108884.25,2514644128887049.0,-94.64375,84.775,49.046875
104400,109084.4,2514644328885799.0,-94.621875,84.903125,48.940625
104600,109284.25,2514644528884392.5,-94.86875,84.8125,48.809375
104800,109484.35,2514644728885252.0,-94.3375,85.065625,49.2375
105000,109684.35,2514644928887049.0,-94.609375,84.965625,49.76875
105200,109884.3,2514645128884705.0,-94.771875,85.096875,49.515625
105400,110084.35,2514645328885643.0,-94.1375,85.134375,52.103125
105600,110284.35,2514645528887440.0,-94.846875,85.55,51.965625
105800,110484.35,2514645728886346.0,-94.640625,85.8375,50.0
106000,110684.3,2514645928885173.0,-94.896875,85.8125,50.184375
106200,110884.5,2514646128887283.5,-94.665625,85.815625,52.2875
106400,111084.25,2514646328884783.5,-94.675,86.221875,51.65
106600,111284.3,2514646528885486.5,-95.315625,86.39375,50.71875
106800,111484.4,2514646728888768.0,-95.009375,86.196875,52.175
107000,111684.3,2514646928886033.0,-94.396875,86.034375,52.55
107200,111884.35,2514647128885017.0,-95.0,86.715625,51.19375
107400,112084.3,2514647328885330.0,-94.896875,86.5,51.621875
107600,112284.35,2514647528886033.0,-94.83125,86.365625,52.853125
107800,112484.35,2514647728886502.5,-94.65625,86.8625,51.5
108000,112684.35,2514647928885330.0,-95.053125,87.08125,51.0
108200,112884.35,2514648128885955.5,-94.725,87.196875,53.08125
108400,113084.45,2514648328886892.5,-95.178125,87.446875,51.3375
108600,113284.3,2514648528884783.5,-95.528125,87.340625,49.796875
108800,113484.35,2514648728885877.0,-94.69375,87.25,51.609375
109000,113684.4,2514648928886736.0,-95.1625,87.778125,52.159375
109200,113884.25,2514649128886502.5,-95.240625,88.21875,50.125
109400,114084.35,2514649328884158.0,-95.184375,88.084375,50.184375
109600,114284.35,2514649528886267.5,-94.8625,88.38125,52.034375
109800,114484.35,2514649728886267.5,-95.221875,88.275,50.79375
110000,114684.35,2514649928905955.5,-94.75625,88.640625,50.0375
110200,114884.3,2514650128886033.0,-94.846875,88.828125,52.03125
110400,115084.4,2514650328886502.0,-94.90625,88.571875,52.990625
110600,115284.25,2514650528883845.0,-94.88125,89.05625,50.884375
110800,115484.35,2514650728886111.5,-95.215625,89.359375,51.996875
111000,115684.35,2514650928885955.0,-95.153125,89.528125,50.853125
111200,115884.3,2514651128885486.5,-94.80625,90.184375,51.59375
111400,116084.4,2514651328886267.5,-94.853125,89.415625,51.6375
111600,116284.35,2514651528886111.0,-94.971875,89.790625,51.49375
111800,116484.4,2514651728887049.0,-94.73125,89.646875,51.078125
112000,116684.35,2514651928885955.0,-95.0,89.946875,51.325
112200,116884.4,2514652128885799.0,-95.196875,90.36875,51.140625
112400,117084.35,2514652328885487.0,-94.775,90.35625,50.86875
112600,117284.25,2514652528884237.0,-94.971875,90.896875,51.175
112800,117484.35,2514652728885642.5,-95.24375,90.703125,51.428125
113000,117684.3,2514652928884940.0,-95.1375,90.7375,51.2875
113200,117884.35,2514653128885721.0,-95.0375,90.61875,51.45
113400,118084.3,2514653328885642.5,-95.453125,91.05625,51.2125
113600,118284.35,2514653528885095.5,-94.965625,91.440625,51.275
113800,118484.35,2514653728887205.0,-95.178125,91.64375,51.590625
114000,118684.35,2514653928885486.5,-94.878125,91.5375,51.446875
114200,118884.35,2514654128884705.0,-94.45,91.8375,51.4625
114400,119084.3,2514654328887127.0,-94.921875,91.875,51.553125
114600,119284.35,2514654528885330.5,-94.728125,91.4875,52.065625
114800,119484.25,2514654728884393.0,-94.84375,91.7125,51.65625
115000,119684.4,2514654928886970.5,-94.7875,91.896875,51.88125
115200,119884.25,2514655128885799.0,-94.953125,92.103125,51.659375
115400,120084.35,2514655328884861.0,-94.896875,92.45,52.1125
115600,120284.35,2514655528885486.5,-94.534375,92.515625,52.053125
115800,120484.35,2514655728887127.0,-94.665625,92.8625,52.10625
116000,120684.35,2514655928884549.0,-94.753125,92.65625,52.05
116200,120884.3,2514656128885095.0,-94.278125,92.75,51.778125
116400,121084.4,2514656328887205.0,-94.35,92.446875,52.503125
116600,121284.25,2514656528884627.0,-94.21875,92.528125,52.965625
116800,121484.35,2514656728885565.0,-94.528125,92.46875,52.596875
117000,121684.4,2514656928887049.0,-94.878125,92.25625,52.828125
117200,121884.3,2514657128885955.0,-93.71875,92.28125,53.015625
117400,122079.42105263154,2514657323885819.0,-94.4144736842105,92.20065789473685,53.131578947368425
117600,122279.38095238096,2514657523886747.0,-94.13095238095238,92.25892857142857,52.82440476190475
117800,122484.35,2514657728886345.0,-94.128125,91.984375,52.996875
118000,122684.35,2514657928886971.0,-94.784375,92.209375,53.253125
118200,122884.4,2514658128885330.0,-94.203125,92.121875,53.3625
118400,123084.3,2514658328886111.0,-94.559375,92.203125,52.8625
118600,123284.35,2514658528885018.5,-94.15,91.8625,52.215625
118800,123484.3,2514658728884939.0,-94.25,91.265625,52.75
119000,123684.3,2514658928885877.0,-94.29375,90.93125,53.390625
119200,123884.4,2514659128887049.0,-94.040625,91.396875,53.465625
119400,124084.3,2514659328885017.0,-94.121875,91.159375,53.1375
119600,124284.35,2514659528885955.0,-94.003125,90.878125,53.85
119800,124484.35,2514659728886502.5,-94.121875,90.70625,53.634375
120000,124684.4,2514659928886345.0,-94.134375,90.571875,53.753125
120200,124884.4,2514660128885721.0,-94.45,90.228125,53.784375
120400,125084.3,2514660328886657.0,-94.16875,90.671875,53.525
120600,125284.4,2514660528886424.0,-94.375,90.33125,53.903125
120800,125484.35,2514660728885329.0,-93.8,90.621875,53.7875
121000,125684.4,2514660928886267.5,-93.903125,90.59375,53.603125
121200,125884.3,2514661128886111.0,-93.871875,90.521875,52.875
121400,126084.3,2514661328883767.5,-94.11875,89.934375,53.01875
121600,126284.35,2514661528886267.0,-94.784375,89.83125,53.25625
121800,126484.35,2514661728886189.0,-94.725,90.325,52.95
122000,126684.35,2514661928885408.0,-95.340625,90.353125,52.678125
122200,126884.3,2514662128886190.0,-94.3875,90.515625,52.721875
122400,127084.4,2514662328886580.0,-93.96875,90.7625,52.675
122600,127284.25,2514662528885095.5,-94.31875,90.771875,52.1375
122800,127484.4,2514662728885955.0,-93.896875,90.728125,52.7
123000,127684.35,2514662928886033.0,-93.51875,91.125,53.0625
123200,127884.3,2514663128886659.0,-93.459375,90.75,52.66875
123400,128084.4,2514663328886267.5,-93.28125,90.56875,52.7625
123600,128284.3,2514663528885877.0,-93.765625,90.9125,52.8
123800,128484.35,2514663728886736.5,-93.90625,90.64375,52.240625
124000,128684.35,2514663928885799.0,-93.703125,90.371875,52.9
124200,128884.4,2514664128885955.0,-93.659375,90.315625,52.96875
124400,129084.3,2514664328885408.0,-93.9375,90.459375,52.571875
124600,129284.3,2514664528885877.0,-93.94375,90.25625,53.015625
124800,129484.35,2514664728885408.5,-93.715625,90.378125,52.7125
125000,129684.3,2514664928884783.5,-93.70625,90.228125,52.50625
125200,129884.45,2514665128887127.0,-93.378125,90.065625,52.259375
125400,130084.25,2514665328885877.0,-93.234375,90.1,52.453125
125600,130284.35,2514665528885174.0,-93.203125,90.00625,53.184375
125800,130484.4,2514665728887204.5,-93.95,89.74375,52.953125
126000,130684.35,2514665928887205.0,-93.571875,90.3875,53.328125
126200,130884.35,2514666128884548.5,-93.725,90.325,52.83125
126400,131084.35,2514666328887361.0,-93.7125,90.440625,53.125
126600,131284.4,2514666528887283.0,-93.553125,90.81875,53.675
126800,131484.3,2514666728884626.5,-93.721875,90.484375,53.45
127000,131684.35,2514666928885487.0,-93.53125,90.85,52.6375
127200,131884.35,2514667128887049.0,-93.846875,90.821875,52.525
127400,132084.35,2514667328884861.0,-93.578125,91.01875,53.03125
127600,132284.35,2514667528885174.0,-94.00625,91.221875,52.50625
127800,132479.36842105267,2514667723887135.0,-93.74342105263158,91.0625,52.651315789473685
128000,132679.38095238095,2514667923886226.5,-93.79464285714286,90.99404761904762,52.967261904761905
128200,132884.3,2514668128885330.0,-93.7375,91.31875,54.265625
128400,133084.4,2514668328887048.5,-94.271875,91.009375,55.375
128600,133284.3,2514668528885955.5,-93.7875,91.396875,53.996875
128800,133484.35,2514668728885173.0,-93.903125,90.8375,53.140625
129000,133684.35,2514668928886501.0,-94.16875,91.05625,54.83125
129200,133884.35,2514669128891345.0,-93.5375,91.059375,54.74375
129400,134084.4,2514669328886814.5,-93.865625,91.490625,52.678125
129600,134284.35,2514669528886580.5,-93.78125,91.45625,53.775
129800,134484.35,2514669728885721.0,-94.0375,90.875,54.95
130000,134684.35,2514669928886736.0,-93.971875,91.665625,53.975
130200,134884.35,2514670128885252.0,-94.453125,91.453125,52.68125
130400,135084.35,2514670328885564.5,-93.665625,90.809375,55.190625
130600,135284.35,2514670528886345.0,-93.646875,91.390625,54.54375
130800,135484.3,2514670728884861.0,-93.440625,91.734375,52.484375
131000,135684.35,2514670928885799.0,-93.334375,91.1875,53.909375
131200,135884.4,2514671128886580.0,-93.775,91.396875,54.21875
131400,136084.3,2514671328886658.5,-93.521875,91.43125,52.390625
131600,136284.3,2514671528885252.5,-93.64375,91.228125,51.634375
131800,136484.35,2514671728886346.0,-93.778125,90.4125,53.671875
132000,136684.4,2514671928887831.0,-93.88125,90.7,52.103125
132200,136884.4,2514672128885877.0,-93.51875,90.309375,51.159375
132400,137084.3,2514672328886111.5,-93.23125,89.384375,53.196875
132600,137284.45,2514672528887596.0,-93.24375,89.75625,52.53125
132800,137484.25,2514672728883533.0,-93.553125,89.575,50.55625
133000,137684.35,2514672928886267.0,-93.015625,89.06875,51.509375
133200,137884.35,2514673128886033.0,-93.1875,88.728125,52.7125
133400,138084.3,2514673328885330.5,-93.071875,89.359375,51.26875
133600,138284.4,2514673528885876.5,-93.10625,88.578125,50.4625
133800,138484.4,2514673728885955.0,-93.5125,88.39375,52.29375
134000,138684.35,2514673928886502.5,-94.559375,88.440625,50.659375
134200,138884.35,2514674128886033.0,-94.49375,87.665625,49.278125
134400,139084.4,2514674328886111.5,-93.834375,87.540625,50.53125
134600,139284.3,2514674528886580.5,-93.946875,87.875,51.596875
134800,139484.3,2514674728885486.5,-93.721875,88.34375,50.66875
135000,139684.35,2514674928885564.5,-93.903125,88.328125,50.59375
135200,139884.35,2514675128886267.5,-94.31875,88.565625,52.19375
135400,140084.4,2514675328887205.0,-93.33125,88.95,50.61875
135600,140284.3,2514675528885564.5,-93.3875,88.346875,50.69375
135800,140484.35,2514675728884783.5,-93.3375,88.253125,51.85
136000,140684.35,2514675928887127.0,-93.73125,87.925,52.271875
136200,140884.4,2514676128885799.0,-93.7625,88.24375,50.9375
136400,141084.35,2514676328884783.0,-93.540625,87.89375,50.75625
136600,141284.3,2514676528886814.5,-93.753125,88.31875,52.275
136800,141484.35,2514676728885487.0,-93.509375,87.98125,51.38125
137000,141684.3,2514676928884705.0,-93.159375,88.2,50.7375
137200,141884.4,2514677128886893.0,-93.453125,88.23125,51.95625
137400,142084.3,2514677328887127.5,-93.8625,87.8875,52.3875
137600,142284.35,2514677528884783.0,-93.753125,88.4,50.51875
137800,142484.4,2514677728886737.0,-93.534375,88.21875,51.3625
138000,142684.35,2514677928889861.0,-94.171875,88.05625,51.790625
138200,142884.4,2514678128886346.0,-93.7625,88.196875,51.8625
138400,143084.35,2514678328886736.5,-93.403125,88.30625,51.090625
138600,143284.4,2514678528886501.0,-93.825,88.290625,52.63125
138800,143484.3,2514678728887596.0,-93.34375,87.98125,51.89375
139000,143684.35,2514678928885095.0,-93.815625,88.296875,50.796875
139200,143884.35,2514679128886424.0,-93.659375,87.9125,51.68125
139400,144079.31578947368,2514679323892234.0,-93.55921052631581,88.21381578947368,51.82894736842106
139600,144279.33333333337,2514679523884813.0,-93.58333333333331,87.86607142857143,51.25297619047619
139800,144479.31578947368,2514679723886395.0,-93.60855263157896,88.49342105263158,50.44078947368421
140000,144679.33333333337,2514679923885631.5,-93.8779761904762,88.0,52.37797619047619
140200,144884.35,2514680128886501.0,-93.515625,87.890625,51.653125
140400,145084.4,2514680328886111.0,-93.575,88.075,50.415625
140600,145284.3,2514680528885642.5,-93.75,87.66875,51.528125
140800,145484.3,2514680728886268.0,-93.8375,87.85,52.459375
141000,145684.35,2514680928886268.0,-93.984375,88.24375,50.85
141200,145884.3,2514681128885330.0,-93.584375,88.340625,51.146875
141400,146084.5,2514681328888143.0,-93.640625,87.675,52.284375
141600,146284.25,2514681528884626.5,-93.79375,88.06875,51.6625
141800,146484.4,2514681728885330.5,-93.721875,88.01875,50.859375
142000,146684.4,2514681928907439.5,-93.653125,88.0,52.490625
142200,146884.4,2514682128885955.0,-93.75,87.54375,51.71875
142400,147084.4,2514682328885487.0,-93.25,88.23125,50.61875
142600,147284.35,2514682528886111.0,-93.65,87.86875,51.03125
142800,147484.4,2514682728886189.0,-93.5,87.740625,53.04375
143000,147684.35,2514682928885173.0,-93.78125,88.14375,50.953125
143200,147884.35,2514683128885877.0,-93.4,88.25,50.575
143400,148084.35,2514683328887596.0,-93.23125,87.7625,52.64375
143600,148284.4,2514683528885407.5,-93.70625,87.665625,51.93125
143800,148484.35,2514683728886111.5,-93.490625,87.796875,50.428125
144000,148684.4,2514683928887596.0,-93.8125,87.834375,51.371875
144200,148884.4,2514684128886893.0,-93.446875,88.234375,52.2625
144400,149084.35,2514684328886033.0,-93.771875,87.978125,50.36875
144600,149284.4,2514684528885408.5,-93.478125,88.096875,50.83125
144800,149484.3,2514684728893767.5,-93.584375,87.615625,52.378125
145000,149684.4,2514684928885486.5,-93.428125,88.1,51.990625
145200,149884.35,2514685128885798.5,-93.71875,88.109375,50.546875
145400,150084.3,2514685328886971.0,-93.80625,88.2625,51.7875
145600,150284.35,2514685528885486.5,-93.815625,87.646875,51.79375
145800,150484.3,2514685728885642.5,-93.409375,88.153125,50.371875
146000,150684.35,2514685928886189.0,-93.85625,87.803125,50.940625
146200,150884.35,2514686128887127.0,-93.6625,87.3875,52.390625
146400,151084.35,2514686328885564.5,-93.815625,87.875,50.88125
146600,151284.35,2514686528886111.0,-93.7375,87.884375,50.784375
146800,151484.35,2514686728886815.0,-93.6,87.690625,52.321875
147000,151684.3,2514686928885330.0,-93.528125,87.865625,52.125
147200,151884.35,2514687128886033.0,-93.765625,88.1625,50.146875
147400,152084.4,2514687328886893.0,-93.5,88.128125,51.465625
147600,152284.25,2514687528885408.5,-93.8,87.51875,51.7375
147800,152484.35,2514687728884627.0,-93.95,87.565625,50.225
148000,152684.35,2514687928886892.0,-93.809375,88.215625,50.253125
148200,152884.35,2514688128886659.0,-94.9125,87.76875,51.178125
148400,153084.35,2514688328884392.5,-94.4875,87.684375,51.1875
148600,153284.35,2514688528886501.0,-94.346875,88.034375,49.665625
148800,153484.4,2514688728886580.5,-94.221875,87.78125,50.61875
149000,153684.25,2514688928884392.0,-94.48125,88.06875,51.328125
149200,153884.4,2514689128886580.0,-94.484375,88.1,50.003125
149400,154084.4,2514689328886736.0,-94.40625,88.4625,50.515625
149600,154284.35,2514689528886111.5,-94.321875,87.653125,53.315625
149800,154484.4,2514689728886267.5,-94.075,87.184375,53.528125
150000,154684.35,2514689928886579.5,-93.96875,87.246875,52.665625
150200,154884.4,2514690128887049.0,-94.28125,86.915625,54.46875
150400,155084.3,2514690328884783.0,-93.953125,86.503125,54.625
150600,155284.4,2514690528886189.0,-94.034375,87.20625,52.409375
150800,155484.35,2514690728885643.0,-94.59375,86.071875,52.58125
151000,155684.3,2514690928884549.0,-94.890625,86.215625,54.11875
151200,155884.35,2514691128886423.5,-94.9875,86.534375,52.059375
151400,156084.3,2514691328885408.0,-95.09375,86.209375,50.60625
151600,156284.4,2514691528886267.5,-94.696875,85.2625,52.14375
151800,156484.35,2514691728886345.0,-94.509375,85.1625,51.690625
152000,156679.36842105267,2514691923885161.0,-95.92763157894736,85.08881578947368,48.44736842105264
152200,156879.38095238095,2514692123888161.0,-94.54166666666669,84.25595238095238,48.69345238095239
152400,157084.4,2514692328886189.0,-94.240625,83.459375,48.98125
152600,157284.35,2514692528885251.5,-94.128125,82.69375,47.2625
152800,157484.35,2514692728887518.0,-94.01875,82.775,46.146875
153000,157684.35,2514692928885877.0,-93.71875,82.109375,46.78125
153200,157884.3,2514693128885174.0,-93.86875,81.728125,44.903125
153400,158084.4,2514693328886111.0,-93.21875,81.325,43.621875
153600,158284.3,2514693528886111.0,-93.253125,80.93125,43.9625
153800,158484.4,2514693728885330.0,-93.465625,80.728125,43.9625
154000,158684.35,2514693928885721.0,-92.871875,80.703125,41.409375
154200,158884.35,2514694128887595.5,-91.928125,80.621875,40.89375
154400,159084.45,2514694328952205.0,-90.990625,80.128125,41.634375
154600,159284.3,2514694528885955.0,-91.153125,79.5875,38.853125
154800,159484.4,2514694728887127.0,-91.009375,79.678125,37.240625
155000,159684.3,2514694928884627.0,-90.5375,79.25625,36.153125
155200,159884.4,2514695128885564.0,-90.778125,78.61875,36.20625
155400,160084.35,2514695328887283.5,-90.190625,78.9625,36.3375
155600,160284.3,2514695528886345.0,-90.853125,78.834375,34.090625
155800,160484.4,2514695728885329.0,-91.071875,78.959375,33.190625
156000,160684.4,2514695928886814.0,-90.971875,78.14375,32.3125
156200,160884.35,2514696128886345.0,-91.653125,78.53125,32.7125
156400,161079.31578947368,2514696323885408.0,-91.48026315789473,78.4967105263158,31.84868421052632
156600,161279.42857142858,2514696523885780.5,-91.05059523809523,79.11607142857143,32.589285714285715
156800,161484.3,2514696728885955.0,-90.66875,78.8375,32.9875
157000,161684.35,2514696928896111.5,-90.6125,78.965625,33.13125
157200,161884.35,2514697128885564.0,-90.315625,79.609375,33.071875
157400,162084.3,2514697328886111.5,-90.403125,80.046875,32.8625
157600,162284.4,2514697528886814.5,-90.628125,80.196875,31.953125
157800,162484.25,2514697728885564.5,-90.790625,79.978125,31.8875
158000,162684.35,2514697928885877.0,-90.40625,80.303125,32.978125
158200,162884.35,2514698128886580.5,-90.759375,80.190625,32.475
158400,163084.45,2514698328886892.5,-91.209375,79.734375,31.8
158600,163284.35,2514698528885799.5,-90.284375,80.334375,33.05
158800,163484.35,2514698728886501.0,-90.140625,80.45625,33.18125
159000,163684.4,2514698928886814.5,-90.29375,80.553125,31.93125
159200,163884.3,2514699128883923.0,-90.23125,79.990625,32.071875
159400,164084.4,2514699328886658.0,-89.803125,79.834375,32.475
159600,164284.3,2514699528886189.0,-89.96875,79.6125,31.659375
159800,164484.3,2514699728883923.0,-90.78125,79.73125,30.575
160000,164684.35,2514699928886268.0,-90.865625,79.159375,30.834375
160200,164884.35,2514700128886501.0,-92.234375,78.053125,30.734375
160400,165084.35,2514700328885799.0,-93.084375,76.890625,31.428125
160600,165284.35,2514700528886188.5,-91.821875,77.51875,34.046875
160800,165484.4,2514700728886267.0,-88.95,78.634375,36.496875
161000,165684.25,2514700928885487.0,-87.165625,79.853125,36.61875
161200,165884.4,2514701128886111.0,-81.55625,80.1125,40.49375
161400,166084.35,2514701328886423.5,-73.396875,81.596875,39.246875
161600,166284.35,2514701528886736.5,-75.4375,86.95625,31.915625
161800,166484.4,2514701728885877.0,-82.296875,93.725,32.09375
162000,166684.3,2514701928885799.0,-80.925,99.740625,39.703125
162200,166884.35,2514702128885096.5,-79.021875,99.628125,38.825
162400,167084.35,2514702328885955.5,-80.928125,95.621875,36.221875
162600,167284.4,2514702528885877.0,-77.9875,90.490625,37.30625
162800,167484.3,2514702728885096.0,-74.55625,86.56875,35.396875
163000,167684.3,2514702928885721.0,-74.884375,85.190625,29.28125
163200,167884.35,2514703128885565.0,-79.425,86.7625,24.384375
163400,168079.31578947368,2514703323885243.5,-84.26973684210526,87.78618421052632,24.16447368421053
163600,168279.38095238095,2514703523886747.5,-89.15773809523809,86.05952380952381,22.41666666666667
163800,168484.3,2514703728885799.0,-98.534375,81.003125,21.559375
164000,168684.35,2514703928884861.0,-100.378125,74.671875,27.671875
164200,168884.35,2514704128887361.0,-104.290625,73.03125,29.353125
164400,169084.35,2514704328887049.0,-103.628125,78.175,35.10625
164600,169284.35,2514704528884627.0,-101.325,82.528125,37.078125
164800,169484.35,2514704728886971.0,-95.409375,83.34375,39.103125
165000,169684.4,2514704928885721.0,-91.1375,81.309375,36.93125
165200,169884.3,2514705128884705.0,-89.49375,80.671875,34.45
165400,170084.35,2514705328885408.5,-88.584375,80.559375,33.403125
165600,170284.35,2514705528887049.0,-89.096875,80.6625,33.45
165800,170484.3,2514705728884705.0,-89.621875,80.478125,32.38125
166000,170684.35,2514705928885174.0,-90.6,80.221875,31.95625
166200,170884.35,2514706128887205.0,-89.8875,80.13125,34.0875
166400,171084.4,2514706328885955.0,-90.075,80.1375,33.1375
166600,171284.3,2514706528885173.0,-90.428125,80.296875,31.671875
166800,171484.4,2514706728886580.5,-89.965625,80.278125,31.94375
167000,171684.3,2514706928886033.0,-89.18125,80.034375,31.53125
167200,171884.3,2514707128884939.0,-87.76875,80.165625,32.60625
167400,172084.4,2514707328886814.5,-87.653125,79.734375,30.278125
167600,172284.3,2514707528885565.0,-89.45625,79.56875,31.134375
167800,172484.4,2514707728886424.0,-91.04375,79.296875,31.74375
168000,172684.3,2514707928884861.0,-91.471875,79.325,32.925
168200,172884.35,2514708128885564.0,-90.8375,80.203125,34.065625
168400,173084.35,2514708328886268.0,-90.753125,80.021875,33.978125
168600,173284.35,2514708528884705.0,-91.584375,80.25625,33.5875
168800,173484.35,2514708728885408.5,-92.759375,79.903125,34.88125
169000,173684.35,2514708928886423.5,-93.171875,79.309375,37.80625
169200,173884.3,2514709128884705.0,-93.10625,78.975,37.959375
169400,174084.3,2514709328885721.0,-93.690625,79.1875,39.33125
169600,174284.4,2514709528886033.0,-92.58125,79.7375,41.325
169800,174484.25,2514709728886033.0,-92.89375,79.840625,42.76875
170000,174684.4,2514709928885095.0,-93.40625,80.08125,42.940625
170200,174884.35,2514710128886345.0,-94.94375,80.790625,44.340625
170400,175084.4,2514710328887674.0,-93.96875,81.8,45.69375
170600,175284.35,2514710528884939.5,-94.29375,80.221875,45.396875
170800,175484.3,2514710728885877.0,-94.228125,80.984375,46.628125
171000,175684.4,2514710928886111.0,-93.453125,81.35,47.94375
171200,175884.2,2514711128883143.0,-94.95625,82.275,48.31875
171400,176084.35,2514711328885877.0,-95.7125,82.015625,48.221875
171600,176284.35,2514711528885720.5,-94.9,83.509375,50.259375
171800,176484.25,2514711728884705.0,-94.4375,84.48125,51.484375
172000,176684.35,2514711928885642.0,-95.0375,84.525,51.90625
172200,176884.35,2514712128885877.0,-96.08125,85.61875,52.85625
172400,177084.35,2514712328886658.5,-95.003125,86.921875,53.715625
172600,177284.3,2514712528885408.0,-95.009375,87.7125,54.00625
172800,177484.4,2514712728885486.0,-95.3875,88.403125,53.634375
173000,177684.3,2514712928886502.0,-95.609375,89.3875,53.975
173200,177884.4,2514713128916268.0,-96.91875,90.290625,53.728125
173400,178084.35,2514713328885721.0,-96.75,90.225,55.65625
173600,178284.35,2514713528886033.0,-95.584375,89.68125,56.6875
173800,178484.35,2514713728885486.5,-94.725,89.065625,56.1125
174000,178684.25,2514713928885330.5,-94.2875,89.271875,55.98125
174200,178884.35,2514714128884314.5,-93.9,89.796875,55.334375
174400,179084.4,2514714328887049.0,-94.1625,90.009375,55.65
174600,179284.35,2514714528885330.0,-94.190625,90.609375,55.003125
174800,179484.35,2514714728884393.0,-94.746875,90.15625,54.9875
175000,179684.3,2514714928886893.0,-94.628125,90.509375,55.334375
175200,179884.35,2514715128885252.0,-94.190625,90.603125,55.046875
175400,180084.3,2514715328884549.0,-94.784375,90.553125,55.315625
175600,180284.4,2514715528886736.5,-94.478125,90.16875,54.996875
175800,180484.3,2514715728886658.5,-93.90625,90.5,55.16875
176000,180684.35,2514715928884470.5,-94.10625,90.328125,55.31875
176200,180884.35,2514716128886815.0,-94.265625,90.1875,55.315625
176400,181084.35,2514716328886736.5,-94.79375,90.453125,54.609375
176600,181284.4,2514716528886033.0,-94.365625,90.359375,55.18125
176800,181484.3,2514716728884861.0,-94.3,90.115625,55.375
177000,181684.45,2514716928886736.0,-94.440625,90.39375,55.40625
177200,181884.25,2514717128884315.0,-94.353125,90.15625,55.575
177400,182084.35,2514717328885329.0,-93.90625,89.846875,58.209375
177600,182284.35,2514717528886345.0,-93.403125,89.834375,59.634375
177800,182484.3,2514717728885721.0,-93.296875,89.571875,59.825
178000,182684.4,2514717928884861.0,-92.95,89.084375,59.6375
178200,182884.3,2514718128886267.5,-93.08125,89.384375,59.878125
178400,183084.35,2514718328885721.0,-93.703125,89.784375,56.846875
178600,183284.35,2514718528886502.5,-94.146875,89.840625,55.48125
178800,183484.45,2514718728886111.0,-94.6,89.85,55.221875
179000,183684.3,2514718928885565.0,-94.071875,90.38125,54.990625
179200,183884.3,2514719128886503.0,-94.146875,90.1,55.271875
179400,184084.4,2514719328886268.0,-93.9375,90.39375,54.903125
179600,184284.3,2514719528885486.5,-94.084375,89.765625,55.11875
179800,184479.4210526316,2514719723891329.0,-93.94078947368419,89.59868421052632,54.66776315789475
180000,184674.25,2514719918884471.0,-94.284375,89.65,54.18125
180200,184879.3333333333,2514720123885334.0,-94.50892857142857,89.2857142857143,53.89583333333334
180400,185084.4,2514720328886345.0,-95.65,89.378125,53.778125
180600,185284.35,2514720528886267.5,-94.83125,89.4125,54.29375
180800,185484.35,2514720728885408.5,-94.03125,89.05,54.415625
181000,185684.35,2514720928886267.0,-94.196875,89.25,54.175
181200,185884.35,2514721128886267.5,-94.240625,88.95625,54.5375
181400,186084.3,2514721328885329.0,-93.203125,87.625,57.0875
181600,186284.4,2514721528886034.0,-93.371875,87.4625,58.09375
181800,186484.35,2514721728903455.0,-93.41875,87.459375,58.659375
182000,186684.3,2514721928885174.0,-93.21875,87.084375,59.33125
182200,186884.35,2514722128886111.0,-91.990625,86.4375,59.578125
182400,187084.4,2514722328887596.0,-94.346875,87.890625,55.5375
182600,187284.3,2514722528884862.0,-93.521875,88.075,54.434375
182800,187484.3,2514722728885721.0,-94.478125,87.203125,53.9
183000,187684.4,2514722928885877.0,-94.590625,86.575,54.240625
183200,187884.25,2514723128885174.5,-94.41875,87.04375,54.053125
183400,188084.35,2514723328885955.0,-93.875,87.090625,53.55625
183600,188284.35,2514723528886033.0,-94.4125,87.48125,53.7375
183800,188484.3,2514723728886579.5,-94.059375,86.8125,53.571875
184000,188684.4,2514723928885564.0,-94.36875,86.54375,53.446875
184200,188884.3,2514724128885798.5,-93.915625,86.65625,53.36875
184400,189084.4,2514724328886580.0,-93.49375,86.465625,52.671875
184600,189284.4,2514724528887283.5,-94.80625,85.471875,52.55
184800,189484.4,2514724728919002.0,-94.09375,85.08125,53.1375
185000,189684.35,2514724928886190.0,-93.996875,84.59375,52.709375
185200,189884.35,2514725128887049.0,-95.24375,85.340625,51.890625
185400,190084.3,2514725328885565.0,-93.771875,85.165625,52.709375
185600,190284.25,2514725528884705.0,-94.8875,85.328125,52.159375
185800,190484.4,2514725728887205.0,-93.9,84.365625,51.628125
186000,190684.25,2514725928885642.5,-94.46875,84.9875,52.5125
186200,190884.35,2514726128884471.0,-95.25625,84.140625,51.79375
186400,191084.35,2514726328886892.5,-94.003125,84.590625,52.465625
186600,191284.35,2514726528886737.0,-95.190625,83.89375,51.609375
186800,191484.35,2514726728884157.0,-94.203125,84.65,51.94375
187000,191684.3,2514726928886658.5,-94.26875,84.28125,51.159375
187200,191884.4,2514727128887127.5,-94.109375,84.18125,50.840625
187400,192084.35,2514727328884548.5,-93.884375,84.615625,51.421875
187600,192284.35,2514727528886658.5,-93.696875,84.95,52.284375
187800,192484.35,2514727728886424.0,-93.8875,85.340625,50.853125
188000,192684.35,2514727928885799.0,-94.00625,84.703125,50.753125
188200,192884.4,2514728128886658.0,-93.578125,84.246875,50.834375
188400,193084.35,2514728328886814.5,-93.49375,84.41875,50.4
188600,193284.35,2514728528886112.0,-93.33125,84.396875,50.365625
188800,193484.3,2514728728884940.0,-93.65625,84.128125,49.5375
189000,193684.4,2514728928886658.0,-93.996875,83.990625,49.928125
189200,193884.3,2514729128885955.0,-93.628125,83.715625,49.265625
189400,194084.3,2514729328884705.0,-93.71875,84.13125,49.5375
189600,194284.4,2514729528886346.0,-93.821875,84.01875,49.225
189800,194484.3,2514729728885564.0,-93.915625,84.125,49.725
190000,194684.35,2514729928886502.5,-93.63125,83.715625,49.421875
190200,194884.35,2514730128886189.0,-93.375,83.796875,49.46875
190400,195084.35,2514730328885407.5,-93.7,83.965625,48.915625
190600,195284.35,2514730528887674.5,-93.98125,83.6875,48.871875
190800,195484.35,2514730728886033.0,-94.575,83.184375,47.953125
191000,195684.35,2514730928885486.0,-94.05,82.915625,47.696875
191200,195884.4,2514731128887830.0,-94.603125,82.921875,47.6625
191400,196079.36842105267,2514731323885820.0,-94.11513157894736,82.33881578947368,47.53618421052632
191600,196279.2857142857,2514731523884441.0,-94.43154761904762,82.37797619047619,47.80059523809525
191800,196479.4210526316,2514731723886477.0,-94.20065789473685,81.6282894736842,50.618421052631575
192000,196679.23809523808,2514731923885259.5,-94.32440476190477,81.80357142857143,50.44642857142857
192200,196884.35,2514732128885173.0,-94.096875,81.928125,47.984375
192400,197084.35,2514732328886189.0,-93.646875,81.809375,48.921875
192600,197284.35,2514732528887439.0,-94.196875,81.421875,49.43125
192800,197484.4,2514732728885095.5,-94.128125,81.975,47.525
193000,197684.3,2514732928885720.5,-94.115625,81.65,46.55
193200,197884.4,2514733128887439.0,-94.028125,81.284375,49.1375
193400,198084.3,2514733328885486.5,-94.065625,81.340625,48.053125
193600,198284.35,2514733528885564.5,-94.365625,81.928125,46.653125
193800,198484.35,2514733728886893.0,-94.16875,81.90625,47.68125
194000,198684.3,2514733928886267.5,-94.309375,81.553125,48.540625
194200,198884.4,2514734128885720.0,-94.528125,82.09375,46.678125
194400,199084.4,2514734328886033.0,-94.2375,81.971875,46.715625
194600,199284.35,2514734528886502.5,-94.26875,81.50625,48.04375
194800,199484.3,2514734728885330.5,-93.8875,81.53125,48.240625
195000,199684.4,2514734928885408.5,-93.40625,82.278125,47.134375
195200,199884.3,2514735128885955.0,-93.45,82.128125,48.540625
195400,200084.3,2514735328885330.5,-93.278125,81.946875,48.125
195600,200284.35,2514735528885408.0,-93.565625,82.353125,46.0375
195800,200484.3,2514735728886033.0,-93.34375,82.5875,47.190625
196000,200684.4,2514735928886893.0,-93.15625,82.059375,48.484375
196200,200884.3,2514736128885564.5,-93.571875,82.796875,47.134375
196400,201084.4,2514736328886345.0,-93.66875,82.29375,46.08125
196600,201284.35,2514736528886657.0,-93.459375,82.034375,48.009375
196800,201484.4,2514736728886502.0,-93.303125,82.021875,48.2
197000,201684.4,2514736928885877.0,-92.98125,82.59375,46.453125
197200,201884.3,2514737128886658.5,-93.459375,81.79375,46.803125
197400,202084.35,2514737328885408.0,-93.309375,81.69375,47.584375
197600,202284.3,2514737528884314.5,-93.634375,82.084375,46.375
197800,202484.4,2514737728886580.0,-93.390625,82.05625,46.078125
198000,202684.3,2514737928886659.0,-93.490625,82.6125,47.315625
198200,202884.3,2514738128884471.0,-93.253125,82.55625,47.059375
198400,203084.35,2514738328886815.0,-93.259375,82.421875,45.81875
198600,203284.35,2514738528886424.0,-93.190625,82.28125,46.753125
198800,203484.4,2514738728885955.0,-93.765625,81.996875,46.534375
199000,203684.3,2514738928886424.5,-93.74375,82.240625,44.759375
199200,203884.4,2514739128886424.0,-94.3125,81.93125,44.221875
199400,204084.25,2514739328885799.0,-94.75625,81.4375,44.9125
199600,204284.4,2514739528886424.0,-96.05625,81.315625,42.7
199800,204484.35,2514739728886267.5,-96.1125,81.45,40.55625
200000,204684.35,2514739928886893.0,-95.075,81.14375,41.25
200200,204884.35,2514740128884705.0,-95.021875,80.915625,39.815625
200400,205084.3,2514740328886267.5,-93.46875,80.965625,36.821875
200600,205284.35,2514740528885174.0,-92.5,81.778125,35.684375
200800,205484.35,2514740728886345.0,-92.959375,81.78125,34.928125
201000,205684.45,2514740928891268.0,-93.4,82.428125,33.178125
201200,205884.3,2514741128885095.0,-93.565625,81.946875,30.540625
201400,206084.3,2514741328885877.0,-93.328125,82.0375,31.903125
201600,206284.4,2514741528886268.0,-92.540625,82.4,30.346875
201800,206484.3,2514741728885565.0,-91.359375,82.434375,27.675
202000,206684.45,2514741928887596.0,-90.875,82.171875,26.8625
202200,206884.3,2514742128886033.0,-90.303125,82.796875,26.134375
202400,207084.35,2514742328885095.0,-90.20625,83.4,24.271875
202600,207284.4,2514742528887439.0,-89.6,83.6,23.259375
202800,207484.4,2514742728887361.0,-89.73125,84.440625,24.571875
203000,207684.35,2514742928884861.0,-89.775,85.109375,22.290625
203200,207884.3,2514743128885720.0,-90.0375,85.775,19.840625
203400,208084.35,2514743328885565.0,-89.596875,86.328125,20.909375
203600,208284.3,2514743528884940.0,-89.3125,86.8875,21.115625
203800,208484.35,2514743728885330.5,-88.496875,88.034375,19.328125
204000,208684.35,2514743928887283.0,-88.08125,88.7875,19.225
204200,208884.3,2514744128884861.0,-88.109375,89.765625,20.578125
204400,209084.35,2514744328885720.5,-87.4875,90.69375,19.228125
204600,209284.4,2514744528887283.5,-87.059375,92.0375,18.18125
204800,209484.35,2514744728886112.0,-86.875,91.4875,19.540625
205000,209684.3,2514744928885486.0,-86.390625,92.71875,20.15
205200,209884.45,2514745128887127.0,-86.196875,94.0625,18.715625
205400,210084.35,2514745328886502.0,-85.66875,95.2,19.275
205600,210284.4,2514745528885486.0,-86.14375,95.790625,18.771875
205800,210484.4,2514745728886970.5,-85.834375,96.165625,17.709375
206000,210684.3,2514745928886033.0,-85.484375,96.8125,18.428125
206200,210884.35,2514746128885408.5,-85.5625,96.91875,18.684375
206400,211084.3,2514746328885643.0,-85.678125,97.675,18.640625
206600,211284.35,2514746528885955.0,-85.75,97.56875,18.6
206800,211484.35,2514746728886971.0,-85.690625,97.84375,18.515625
207000,211684.4,2514746928900408.5,-86.171875,97.81875,18.86875
207200,211884.35,2514747128885486.0,-86.475,97.609375,18.6375
207400,212084.3,2514747328886580.5,-86.921875,97.575,18.9
207600,212284.3,2514747528884549.0,-87.215625,96.703125,18.7875
207800,212484.35,2514747728885409.0,-87.434375,96.54375,18.409375
208000,212684.4,2514747928886345.0,-88.19375,95.7125,17.79375
208200,212884.25,2514748128886424.5,-88.84375,94.69375,17.1875
208400,213084.35,2514748328885642.0,-89.15625,94.075,16.840625
208600,213284.35,2514748528886112.0,-88.784375,93.121875,17.784375
208800,213484.35,2514748728887674.0,-88.9375,92.209375,17.778125
209000,213684.3,2514748928883924.5,-87.728125,91.153125,17.884375
209200,213884.35,2514749128886111.5,-87.3875,89.76875,18.425
209400,214084.4,2514749328885955.0,-87.51875,89.18125,18.259375
209600,214284.25,2514749528883533.0,-88.125,88.490625,18.075
209800,214484.35,2514749728885955.0,-86.99375,87.609375,18.534375
210000,214684.35,2514749928885720.5,-87.35,86.434375,19.690625
210200,214884.3,2514750128885017.0,-87.603125,86.090625,20.059375
210400,215084.4,2514750328886189.0,-87.7125,84.85625,20.78125
210600,215284.35,2514750528885564.0,-87.253125,84.153125,21.70625
210800,215484.35,2514750728886268.0,-88.09375,83.475,22.665625
211000,215684.3,2514750928885486.5,-87.703125,83.328125,23.234375
211200,215884.4,2514751128885643.0,-88.13125,82.14375,24.559375
211400,216084.4,2514751328886892.5,-88.35625,82.075,24.75625
211600,216284.3,2514751528886111.5,-88.696875,81.96875,25.68125
211800,216484.35,2514751728885799.0,-88.571875,82.0375,26.58125
212000,216684.35,2514751928885017.0,-89.275,81.821875,27.74375
212200,216884.35,2514752128885721.0,-89.034375,81.728125,27.9
212400,217084.25,2514752328885643.0,-89.509375,81.9375,28.19375
212600,217284.35,2514752528884939.5,-89.6,81.3125,28.753125
212800,217484.35,2514752728887361.0,-89.56875,81.49375,29.58125
213000,217684.35,2514752928896503.0,-89.884375,80.86875,30.0625
213200,217884.35,2514753128884783.0,-90.075,80.615625,29.878125
213400,218084.35,2514753328887205.0,-90.2875,80.6875,30.084375
213600,218284.4,2514753528885955.0,-90.06875,80.83125,30.959375
213800,218484.3,2514753728884626.5,-90.315625,80.6375,30.971875
214000,218684.4,2514753928886971.0,-89.925,81.028125,31.26875
214200,218884.3,2514754128887205.0,-90.24375,81.271875,31.25
214400,219084.35,2514754328885017.0,-90.175,80.596875,31.06875
214600,219284.4,2514754528887127.0,-90.046875,81.096875,31.509375
214800,219484.35,2514754728886814.0,-90.5125,81.315625,31.40625
215000,219684.35,2514754928884783.0,-89.590625,80.853125,30.928125
215200,219884.3,2514755128885174.0,-89.603125,81.390625,31.346875
215400,220084.4,2514755328887049.0,-89.853125,80.865625,30.884375
215600,220284.3,2514755528884549.0,-89.24375,80.871875,30.95
215800,220484.45,2514755728980798.5,-89.040625,80.98125,31.709375
216000,220684.35,2514755928887049.0,-89.05625,81.515625,31.475
216200,220884.3,2514756128886268.0,-88.94375,80.7375,31.6875
216400,221084.4,2514756328885408.0,-88.803125,80.78125,31.309375
216600,221284.4,2514756528886892.5,-89.371875,80.75625,31.45
216800,221484.35,2514756728885799.0,-89.30625,80.759375,31.846875
217000,221684.35,2514756928886892.5,-89.025,80.59375,32.39375
217200,221884.45,2514757128886424.0,-89.55,80.221875,32.24375
217400,222084.35,2514757328885799.0,-89.7375,80.265625,32.046875
217600,222284.3,2514757528886424.5,-89.784375,79.928125,32.35625
217800,222484.35,2514757728884939.0,-89.015625,80.13125,32.7125
218000,222684.3,2514757928885643.0,-89.3375,80.415625,33.553125
218200,222884.4,2514758128886502.5,-89.51875,79.59375,32.93125
218400,223084.25,2514758328884939.0,-90.190625,79.75625,32.55625
218600,223284.35,2514758528885486.5,-91.109375,79.653125,30.7875
218800,223484.35,2514758728886346.0,-91.125,79.403125,31.221875
219000,223684.35,2514758928886423.5,-90.625,79.6125,31.3125
219200,223884.4,2514759128885877.0,-90.9,79.825,31.7125
219400,224084.3,2514759328886501.0,-90.525,80.18125,33.10625
219600,224284.35,2514759528886268.0,-90.978125,80.009375,33.49375
219800,224484.3,2514759728885096.0,-90.696875,79.28125,34.278125
220000,224684.4,2514759928886111.0,-91.040625,79.815625,34.6875
220200,224884.35,2514760128887595.5,-90.1625,80.396875,34.2375
220400,225084.35,2514760328885564.5,-91.6375,79.64375,34.20625
220600,225279.36842105267,2514760523885902.5,-91.87171052631581,79.73355263157895,34.661184210526315
220800,225479.33333333328,2514760723885854.5,-90.5386904761905,80.08035714285714,33.904761904761905
221000,225684.35,2514760928884861.0,-90.459375,80.3625,33.89375
221200,225884.3,2514761128886111.0,-90.684375,80.45625,32.9
221400,226084.4,2514761328885955.0,-90.578125,80.3625,33.071875
221600,226279.26315789478,2514761523885737.0,-90.3519736842105,80.20065789473685,32.411184210526315
221800,226479.33333333328,2514761723885185.0,-89.96726190476191,80.73214285714286,31.04166666666667
222000,226684.35,2514761928885720.5,-89.91875,80.521875,31.46875
222200,226884.3,2514762128886424.0,-89.703125,80.68125,31.375
222400,227084.4,2514762328885721.0,-89.590625,80.440625,30.515625
222600,227284.3,2514762528886580.0,-89.021875,80.834375,30.975
222800,227484.4,2514762728886579.5,-89.365625,81.2375,31.125
223000,227684.4,2514762928887674.0,-89.5125,80.828125,31.04375
223200,227884.35,2514763128885721.0,-89.265625,80.46875,30.371875
223400,228084.35,2514763328886424.0,-89.64375,80.509375,29.921875
223600,228284.3,2514763528885486.5,-89.69375,80.321875,29.971875
223800,228484.35,2514763728885408.5,-89.215625,79.896875,29.80625
224000,228684.3,2514763928884627.0,-89.8125,80.365625,30.009375
224200,228884.4,2514764128887205.0,-90.01875,79.996875,30.05
224400,229084.25,2514764328885799.0,-89.415625,79.984375,30.925
224600,229284.35,2514764528884705.0,-88.765625,80.784375,31.628125
224800,229484.35,2514764728887049.0,-88.978125,80.5,31.78125
225000,229684.35,2514764928886814.5,-89.371875,80.384375,30.5875
225200,229884.35,2514765128884627.0,-89.08125,80.290625,31.26875
225400,230084.3,2514765328887049.0,-89.290625,80.6625,31.346875
225600,230284.4,2514765528886815.0,-89.0375,80.421875,32.021875
225800,230484.25,2514765728884392.5,-88.89375,80.925,31.428125
226000,230684.4,2514765928886814.5,-89.50625,81.284375,32.253125
226200,230884.4,2514766128948454.5,-89.428125,80.9,31.61875
226400,231084.35,2514766328886111.5,-89.4,80.903125,31.8625
226600,231284.4,2514766528951189.0,-89.046875,81.13125,32.065625
226800,231484.35,2514766728886814.0,-89.6625,81.2875,31.625
227000,231684.35,2514766928885643.0,-88.85625,81.109375,32.034375
227200,231884.3,2514767128885251.5,-89.328125,81.615625,32.25
227400,232084.4,2514767328886580.5,-88.7625,81.559375,32.096875
227600,232284.3,2514767528886033.0,-89.4125,82.021875,31.74375
227800,232484.35,2514767728885173.0,-89.553125,81.75,32.378125
228000,232684.35,2514767928892049.0,-89.0125,81.659375,33.0625
228200,232884.35,2514768128885642.5,-88.775,81.490625,32.415625
228400,233084.35,2514768328886424.0,-89.096875,81.740625,31.915625
228600,233284.35,2514768528886345.0,-89.534375,81.221875,32.446875
228800,233484.35,2514768728885643.0,-90.0,81.540625,32.00625
229000,233684.4,2514768928888142.5,-90.853125,81.375,31.515625
229200,233884.4,2514769128886346.0,-90.615625,80.8625,31.384375
229400,234084.35,2514769328885877.0,-90.33125,80.978125,30.409375
229600,234284.35,2514769528886424.5,-90.209375,81.4625,31.3375
229800,234484.3,2514769728884783.0,-90.1625,81.278125,32.459375
230000,234684.3,2514769928885564.0,-90.25625,81.6875,33.478125
230200,234884.4,2514770128886189.0,-90.45625,81.003125,33.28125
230400,235084.25,2514770328886111.5,-90.234375,81.04375,33.709375
230600,235284.35,2514770528885252.5,-90.20625,81.19375,33.328125
230800,235484.35,2514770728886033.0,-89.90625,81.01875,33.403125
231000,235684.35,2514770928887439.0,-90.16875,81.246875,33.25625
231200,235884.35,2514771128884861.0,-90.028125,80.734375,32.953125
231400,236084.3,2514771328885877.0,-90.490625,81.13125,31.60625
231600,236279.36842105267,2514771523886806.5,-90.15460526315788,80.68092105263158,32.25328947368421
231800,236479.33333333328,2514771723885706.0,-90.2470238095238,81.08630952380952,31.279761904761905
232000,236684.35,2514771928885721.0,-90.153125,81.65625,30.771875
232200,236884.4,2514772128887205.0,-90.296875,82.040625,30.153125
232400,237084.35,2514772328885174.0,-90.140625,82.128125,30.209375
232600,237284.4,2514772528885720.5,-90.86875,82.234375,29.03125
232800,237484.35,2514772728885877.0,-89.91875,81.1625,29.534375
233000,237684.35,2514772928886580.5,-89.978125,81.89375,30.184375
233200,237884.3,2514773128885564.5,-90.234375,81.55,30.021875
233400,238084.4,2514773328885642.5,-90.6,81.790625,30.346875
233600,238284.3,2514773528886111.0,-90.421875,81.95625,29.521875
233800,238484.4,2514773728885643.0,-90.39375,81.759375,30.346875
234000,238684.35,2514773928885408.0,-90.1625,81.96875,30.475
234200,238884.35,2514774128886502.0,-90.06875,82.11875,31.109375
234400,239084.45,2514774328887284.0,-89.846875,81.646875,30.725
234600,239284.3,2514774528885642.5,-89.109375,81.640625,30.884375
234800,239484.4,2514774728885955.0,-89.878125,81.3625,30.965625
235000,239684.35,2514774928901970.5,-89.4,81.234375,30.309375
235200,239884.4,2514775128886345.0,-89.609375,80.6625,29.8125
235400,240084.35,2514775328884236.5,-89.70625,80.959375,30.359375
235600,240284.3,2514775528886580.0,-89.703125,80.48125,29.878125
235800,240484.35,2514775728885174.0,-90.60625,80.0625,30.6
236000,240684.3,2514775928883924.0,-90.159375,80.38125,30.125
236200,240884.4,2514776128886580.0,-91.221875,80.2875,30.759375
236400,241084.3,2514776328886345.0,-91.028125,80.003125,31.38125
236600,241284.3,2514776528883924.0,-92.834375,79.725,31.621875
236800,241484.35,2514776728886111.0,-92.721875,79.8125,31.196875
237000,241684.35,2514776928886424.0,-92.715625,79.559375,32.734375
237200,241884.35,2514777128885173.0,-91.259375,79.940625,34.590625
237400,242084.35,2514777328886815.0,-90.2625,80.70625,35.315625
237600,242284.4,2514777528886501.0,-91.0125,80.584375,35.6625
237800,242484.25,2514777728885643.0,-91.053125,80.95625,35.121875
238000,242684.4,2514777928886501.0,-91.215625,80.778125,36.021875
238200,242884.35,2514778128886658.0,-91.296875,80.7375,35.234375
238400,243084.35,2514778328885408.5,-91.734375,80.80625,36.259375
238600,243284.35,2514778528884939.0,-91.765625,81.246875,37.29375
238800,243484.3,2514778728886346.0,-91.25625,80.90625,37.303125
239000,243684.35,2514778928885564.5,-90.99375,80.89375,36.3875
239200,243884.35,2514779128886502.0,-91.1125,80.359375,37.353125
239400,244084.4,2514779328886346.5,-91.584375,80.74375,36.340625
239600,244284.3,2514779528885330.5,-91.34375,81.16875,37.078125
239800,244484.3,2514779728886111.5,-90.840625,80.084375,37.43125
240000,244684.35,2514779928885877.0,-91.04375,80.365625,37.375
240200,244884.3,2514780128885252.0,-90.53125,80.65625,37.4125
240400,245084.5,2514780328887908.0,-90.746875,80.190625,37.003125
240600,245284.3,2514780528913142.0,-90.99375,80.65625,37.209375
240800,245484.35,2514780728885174.0,-91.290625,80.365625,36.928125
241000,245684.4,2514780928887674.0,-90.41875,80.34375,37.5125
241200,245884.35,2514781128885955.5,-90.009375,80.13125,37.578125
241400,246084.35,2514781328885095.5,-90.534375,80.21875,37.521875
241600,246284.3,2514781528885642.5,-90.4625,80.534375,37.746875
241800,246484.35,2514781728886033.0,-90.5875,80.2375,37.04375
242000,246684.3,2514781928885173.0,-91.4125,80.265625,36.478125
242200,246884.4,2514782128885799.0,-91.15,81.196875,37.265625
242400,247084.35,2514782328887439.0,-91.1,80.625,37.31875
242600,247284.4,2514782528926658.0,-91.184375,80.51875,37.725
242800,247484.4,2514782728885877.0,-91.159375,80.75,36.659375
243000,247684.35,2514782928887127.0,-91.284375,80.246875,37.21875
243200,247884.35,2514783128886424.0,-91.434375,80.4125,37.44375
243400,248084.3,2514783328885955.0,-91.20625,80.29375,37.190625
243600,248284.45,2514783528887049.0,-91.71875,80.646875,36.90625
243800,248484.4,2514783728984002.0,-91.2375,80.55,37.365625
244000,248684.35,2514783928885486.0,-91.196875,80.703125,37.54375
244200,248884.35,2514784128885486.5,-91.446875,80.546875,36.8625
244400,249084.3,2514784328886267.0,-90.9625,80.271875,37.16875
244600,249284.4,2514784528885408.5,-91.0,80.628125,36.86875
244800,249479.3157894737,2514784723885244.0,-91.19078947368419,80.58552631578948,37.5921052631579
245000,249679.33333333328,2514784923886151.5,-91.31845238095238,80.77083333333333,37.11309523809524
245200,249884.35,2514785128886502.5,-91.284375,80.4625,37.2
245400,250079.4210526316,2514785323885244.0,-91.52631578947368,80.61842105263158,36.819078947368425
245600,250279.3809523809,2514785523886227.0,-91.6279761904762,80.50595238095238,37.11309523809524
245800,250484.35,2514785728886971.0,-91.003125,80.49375,36.965625
246000,250684.3,2514785928885252.0,-91.203125,80.096875,37.14375
246200,250884.35,2514786128886033.0,-90.965625,80.50625,36.815625
246400,251084.45,2514786328887283.0,-91.39375,80.625,36.790625
246600,251284.3,2514786528886502.0,-91.625,80.596875,36.696875
246800,251484.4,2514786728885720.5,-91.303125,80.128125,36.878125
247000,251684.4,2514786928886736.0,-91.36875,80.334375,37.084375
247200,251884.4,2514787128886658.5,-91.75625,80.796875,36.821875
247400,252084.35,2514787328884158.5,-91.728125,80.55625,36.403125
247600,252284.35,2514787528886580.0,-91.85625,80.103125,36.59375
247800,252484.4,2514787728886424.5,-92.171875,79.8,36.275
248000,252684.2,2514787928883846.0,-92.29375,79.94375,36.7625
248200,252884.35,2514788128885955.0,-92.13125,79.903125,37.8875
248400,253084.35,2514788328886111.0,-92.4375,79.471875,39.203125
248600,253284.3,2514788528885096.0,-92.546875,79.875,39.30625
248800,253484.4,2514788728885955.0,-92.465625,80.19375,39.990625
249000,253684.35,2514788928885721.0,-92.44375,80.153125,40.81875
249200,253884.35,2514789128886580.0,-93.09375,80.321875,40.98125
249400,254084.35,2514789328885642.5,-92.56875,81.046875,41.9375
249600,254284.4,2514789528885799.0,-91.984375,80.91875,42.9875
249800,254484.35,2514789728886658.0,-92.43125,81.05625,44.184375
250000,254684.3,2514789928884392.5,-92.796875,81.853125,45.209375
250200,254884.35,2514790128885642.5,-92.76875,82.490625,46.609375
250400,255084.25,2514790328884627.0,-92.234375,82.6875,47.603125
250600,255284.35,2514790528885252.5,-92.9125,83.4625,48.4875
250800,255484.3,2514790728885565.0,-93.259375,84.53125,49.0125
251000,255684.35,2514790928884549.0,-93.065625,84.58125,49.5625
251200,255884.35,2514791128887205.0,-92.946875,85.171875,49.75625
251400,256084.35,2514791328885877.0,-92.921875,85.646875,49.878125
251600,256284.35,2514791528884627.0,-93.10625,86.134375,50.309375
251800,256484.3,2514791728886814.5,-93.803125,85.99375,50.0125
252000,256684.35,2514791928889549.0,-93.99375,86.53125,50.35625
252200,256884.3,2514792128884705.0,-94.46875,87.703125,49.86875
252400,257084.4,2514792328887049.0,-94.94375,87.675,49.99375
252600,257284.3,2514792528886814.5,-95.625,88.478125,49.853125
252800,257484.3,2514792728884548.5,-95.425,89.659375,50.39375
253000,257684.35,2514792928885096.0,-94.746875,89.909375,50.15625
253200,257884.35,2514793128887049.0,-94.66875,91.334375,50.734375
253400,258084.35,2514793328884939.5,-94.625,91.996875,51.259375
253600,258284.3,2514793528884861.0,-95.7125,92.425,50.134375
253800,258484.4,2514793728886501.0,-95.41875,94.0125,50.03125
254000,258684.25,2514793928884393.0,-94.73125,94.903125,50.684375
254200,258884.35,2514794128885095.0,-94.246875,95.6875,50.290625
254400,259084.35,2514794328886814.5,-93.371875,96.99375,49.990625
254600,259284.3,2514794528885799.0,-92.821875,97.8875,50.028125
254800,259484.4,2514794728885017.0,-92.496875,98.91875,49.8875
255000,259684.3,2514794928886502.0,-91.5125,100.4125,50.153125
255200,259884.35,2514795128885564.5,-90.971875,101.125,49.971875
255400,260084.35,2514795328886893.0,-90.33125,102.103125,49.159375
255600,260284.45,2514795528886424.0,-90.396875,103.290625,47.809375
255800,260484.3,2514795728885486.5,-90.090625,104.084375,47.84375
256000,260684.25,2514795928884627.0,-89.70625,104.6625,47.565625
256200,260884.35,2514796128884549.0,-89.31875,105.121875,46.040625
256400,261084.3,2514796328885877.0,-89.9375,105.675,43.915625
256600,261284.4,2514796528886424.0,-89.365625,106.19375,43.74375
256800,261479.26315789478,2514796723884668.0,-88.41776315789473,106.51644736842104,44.71052631578947
257000,261679.33333333328,2514796923885482.5,-88.13392857142857,107.00595238095238,42.80059523809524
257200,261884.35,2514797128886814.0,-88.196875,107.11875,42.76875
257400,262079.3157894737,2514797323886312.5,-88.2269736842105,107.24671052631581,42.6546052631579
257600,262279.3809523809,2514797523885706.5,-87.7261904761905,107.7261904761905,42.50595238095238
257800,262484.3,2514797728886424.0,-88.209375,107.9,41.66875
258000,262679.4210526316,2514797923887300.0,-88.91776315789473,107.52631578947368,41.27302631578947
258200,262879.33333333326,2514798123884961.0,-88.74107142857143,107.81845238095238,40.842261904761905
258400,263084.4,2514798328886658.5,-87.55625,107.934375,42.58125
258600,263284.35,2514798528888064.5,-87.4625,109.1625,42.125
258800,263484.3,2514798728883611.5,-87.54375,108.6875,41.775
259000,263684.35,2514798928886268.0,-87.540625,109.040625,41.753125
259200,263884.35,2514799128886345.0,-87.33125,109.040625,40.96875
259400,264084.4,2514799328885330.0,-87.478125,109.778125,40.909375
259600,264284.4,2514799528953533.0,-88.403125,110.8375,40.228125
259800,264484.4,2514799728885876.5,-88.725,110.928125,41.03125
260000,264684.25,2514799928885174.0,-88.00625,110.740625,42.29375
260200,264884.35,2514800128885799.0,-87.465625,110.984375,42.46875
260400,265084.35,2514800328886033.0,-86.753125,110.809375,42.534375
260600,265284.35,2514800528886736.5,-87.28125,110.73125,42.3625
260800,265484.35,2514800728885799.0,-87.253125,110.81875,42.278125
261000,265684.3,2514800928885799.0,-86.996875,111.2875,42.1
261200,265884.4,2514801128916502.0,-86.503125,111.2375,41.796875
261400,266084.4,2514801328887361.0,-86.81875,111.034375,41.55
261600,266284.4,2514801528885877.0,-86.69375,111.0125,41.6125
261800,266484.3,2514801728885017.0,-86.534375,111.221875,41.6875
262000,266684.3,2514801928885799.5,-87.0125,111.121875,40.675
262200,266884.35,2514802128885642.5,-86.665625,110.759375,40.853125
262400,267084.3,2514802328884939.5,-87.096875,111.228125,40.665625
262600,267284.4,2514802528887439.0,-87.46875,111.115625,40.1375
262800,267484.25,2514802728885330.0,-86.6125,110.48125,39.796875
263000,267684.35,2514802928884627.0,-88.128125,110.2875,38.36875
263200,267884.35,2514803128886736.5,-88.703125,110.1625,37.525
263400,268084.35,2514803328886424.5,-90.35625,109.99375,37.453125
263600,268284.35,2514803528884470.5,-91.796875,109.7375,37.496875
263800,268484.3,2514803728886580.5,-92.578125,109.265625,36.115625
264000,268684.4,2514803928886736.5,-90.0625,109.609375,37.025
264200,268884.25,2514804128884236.5,-89.575,110.03125,36.4125
264400,269084.4,2514804328886814.5,-88.715625,109.79375,34.521875
264600,269284.35,2514804528886501.0,-88.528125,109.05,32.79375
264800,269484.25,2514804728883924.0,-88.771875,108.2625,31.834375
265000,269684.35,2514804928884939.5,-88.409375,108.390625,30.93125
265200,269884.35,2514805128886111.0,-87.36875,108.01875,29.496875
265400,270084.35,2514805328885565.0,-86.2375,107.703125,28.76875
265600,270279.26315789466,2514805523884914.0,-86.48684210526315,107.7105263157895,27.53618421052632
265800,270479.4285714286,2514805723891806.5,-85.38690476190476,107.00595238095238,26.684523809523807
266000,270679.26315789466,2514805923884832.5,-85.29276315789474,106.36184210526315,25.322368421052627
266200,270879.33333333326,2514806123885557.0,-85.61309523809524,105.34821428571428,24.54166666666667
266400,271084.35,2514806328886580.0,-85.578125,104.7875,23.265625
266600,271284.3,2514806528885564.0,-85.990625,105.178125,22.828125
266800,271484.35,2514806728886580.5,-86.178125,104.875,22.496875
267000,271684.35,2514806928886502.0,-86.228125,104.209375,22.1125
267200,271884.35,2514807128885721.0,-87.65,103.609375,21.309375
267400,272084.4,2514807328888065.0,-88.5375,103.121875,21.296875
267600,272284.35,2514807528885018.0,-85.284375,102.803125,21.8125
267800,272484.35,2514807728885330.0,-84.078125,102.959375,22.246875
268000,272684.35,2514807928886346.0,-83.99375,102.54375,21.65
268200,272884.3,2514808128884862.0,-83.746875,102.628125,21.55625
268400,273084.3,2514808328885252.0,-84.140625,102.64375,21.346875
268600,273284.4,2514808528886268.0,-83.7375,102.6625,21.19375
268800,273484.25,2514808728886189.0,-83.2625,102.25625,21.26875
269000,273684.4,2514808928885174.0,-83.21875,102.046875,21.99375
269200,273884.4,2514809128886189.0,-82.928125,101.79375,22.009375
269400,274084.35,2514809328887752.0,-82.759375,101.26875,21.934375
269600,274284.4,2514809528885173.0,-82.865625,100.73125,22.165625
269800,274484.3,2514809728886033.0,-83.88125,100.425,22.178125
270000,274684.45,2514809928887517.0,-84.2,100.134375,22.44375
270200,274884.25,2514810128884705.0,-85.95,99.553125,22.853125
270400,275084.35,2514810328885721.0,-87.578125,99.390625,22.815625
270600,275284.35,2514810528885564.5,-86.2625,98.846875,23.421875
270800,275484.25,2514810728885096.0,-84.284375,98.45,24.39375
271000,275684.4,2514810928885643.0,-82.290625,98.303125,23.8125
271200,275884.35,2514811128885799.0,-82.803125,98.01875,23.8125
271400,276084.35,2514811328886658.5,-85.95,98.00625,23.840625
271600,276284.3,2514811528885565.0,-92.6875,97.803125,21.99375
271800,276484.4,2514811728885720.5,-95.584375,97.315625,22.453125
272000,276679.3157894737,2514811923885490.5,-91.85855263157896,97.8355263157895,24.332236842105264
272200,276874.4,2514812118887205.0,-89.78125,97.70625,24.865625
272400,277079.33333333326,2514812323885333.0,-86.3482142857143,97.97321428571428,23.726190476190478
272600,277284.3,2514812528886111.5,-83.915625,97.99375,24.596875
272800,277484.4,2514812728887049.0,-82.221875,98.059375,24.321875
273000,277684.35,2514812928885565.0,-82.834375,97.746875,24.403125
273200,277884.4,2514813128886033.0,-81.58125,97.88125,24.04375
273400,278084.35,2514813328888064.5,-82.003125,98.053125,24.3375
273600,278284.35,2514813528885330.0,-84.678125,97.715625,23.74375
273800,278484.35,2514813728884549.0,-88.734375,97.50625,24.059375
274000,278684.3,2514813928887127.0,-82.4125,97.8625,24.540625
274200,278884.35,2514814128885487.0,-81.8625,97.665625,24.725
274400,279084.35,2514814328884705.0,-82.328125,98.034375,25.671875
274600,279284.4,2514814528886892.5,-84.234375,97.825,24.609375
274800,279484.3,2514814728886658.5,-86.5,98.196875,23.834375
275000,279684.35,2514814928884314.0,-81.434375,97.7,24.14375
275200,279884.4,2514815128886814.5,-81.3875,97.446875,24.3625
275400,280084.4,2514815328887986.5,-81.571875,97.73125,24.36875
275600,280284.35,2514815528885955.0,-82.190625,97.665625,24.09375
275800,280484.35,2514815728886658.0,-81.984375,97.684375,24.13125
276000,280684.4,2514815928886580.0,-82.628125,97.440625,24.05
276200,280884.3,2514816128886033.0,-81.540625,97.43125,23.75
276400,281084.35,2514816328885017.0,-81.740625,97.771875,24.059375
276600,281284.35,2514816528886345.0,-81.45,97.459375,23.5125
276800,281484.3,2514816728885643.0,-81.45625,97.584375,24.35625
277000,281684.35,2514816928884705.0,-81.65625,97.615625,24.109375
277200,281884.3,2514817128886424.0,-81.63125,98.25,22.484375
277400,282084.35,2514817328885877.0,-82.390625,98.296875,20.725
277600,282284.35,2514817528886346.0,-82.240625,98.14375,21.309375
277800,282484.45,2514817728886033.0,-81.709375,98.39375,21.675
278000,282684.3,2514817928885408.0,-82.178125,98.471875,21.246875
278200,282884.35,2514818128886268.0,-81.503125,98.2125,21.009375
278400,283084.4,2514818328886501.0,-81.9625,99.23125,21.25625
278600,283284.3,2514818528885408.5,-82.975,98.346875,20.84375
278800,283484.45,2514818728887673.0,-81.759375,98.0,20.71875
279000,283684.3,2514818928886268.0,-81.2375,98.05625,21.290625
279200,283884.35,2514819128885174.0,-82.14375,98.21875,20.875
279400,284084.35,2514819328886189.0,-81.49375,98.221875,21.2375
279600,284239.2727272727,2514819483885124.5,-83.17045454545455,98.14772727272728,21.193181818181817
