sys_time,RPM,Speed
0,1692.0,0.0
800,1694.0,0.0
1300,1693.0,0.0
1500,1695.0,0.0
1700,1693.0,0.0
1900,1691.0,0.0
2100,1687.0,0.0
2300,1693.0,0.0
2500,1691.0,0.0
2700,1688.0,0.0
2800,1685.0,0.0
3000,1681.0,0.0
3100,1691.0,0.0
3300,1677.0,0.0
3500,1676.0,0.0
3600,1677.0,0.0
3700,1682.0,0.0
3800,1680.0,0.0
3900,1687.0,0.0
4000,1684.0,0.0
4200,1686.0,0.0
4300,1690.0,0.0
4400,1689.0,0.0
4500,1686.0,0.0
4600,1685.0,0.0
4700,1686.0,0.0
4800,1691.0,0.0
4900,1697.0,0.0
5000,1700.0,0.0
5100,1697.0,0.0
5200,1690.0,0.0
5300,1695.0,0.0
5400,1692.0,0.0
5500,1689.0,0.0
5600,1698.0,0.0
5700,1690.0,0.0
5800,1698.0,0.0
5900,1698.0,0.0
6000,1698.0,0.0
6100,1690.0,0.0
6200,1686.0,0.0
6300,1671.0,0.0
6400,1670.0,0.0
6600,1675.0,0.0
6700,1666.0,0.0
6800,1663.0,0.0
6900,1670.0,0.0
7000,1668.0,0.0
7100,1668.0,0.0
7200,1664.0,0.0
7300,1661.0,0.0
7400,1660.0,0.0
7500,1660.0,0.0
7600,1666.0,0.0
7700,1679.0,0.0
7800,1675.0,0.0
7900,1658.0,0.0
8000,1663.0,0.0
8200,1665.0,0.0
8300,1666.0,0.0
8400,1667.0,0.0
8500,1667.0,0.0
8600,1665.0,0.0
8800,1612.5,0.0
9000,1570.0,0.0
9100,1500.0,0.0
9200,1423.0,0.0
9300,1375.0,0.0
9400,1269.0,0.0
9500,1169.0,0.0
9600,1131.0,0.0
9700,1078.0,0.0
9800,1027.0,0.0
9900,982.0,0.0
10000,894.0,0.0
10100,855.0,0.0
10200,848.0,0.0
10400,848.0,0.0
10500,844.0,0.0
10600,841.0,0.0
10700,830.0,0.0
10800,825.0,0.0
10900,825.0,0.0
11000,801.0,0.0
11100,796.0,0.0
11200,799.0,0.0
11300,809.0,1.0
11500,813.0,1.0
11600,809.0,2.0
11700,808.0,2.0
11800,808.0,2.0
11900,818.0,2.0
12000,801.0,2.0
12100,800.0,2.0
12200,808.0,2.0
12300,813.0,2.0
12400,812.0,2.0
12500,811.0,3.0
12600,818.0,3.0
12700,819.0,3.0
12800,825.0,3.0
12900,819.0,3.0
13100,816.0,3.0
13200,804.0,3.0
13300,816.0,3.0
13400,830.0,3.0
13500,820.0,3.0
13600,825.0,4.0
13800,836.0,4.0
13900,839.0,4.0
14000,850.0,4.0
14100,851.0,4.0
14200,851.0,4.0
14300,850.0,4.0
14500,856.0,4.0
14600,851.0,4.0
14700,848.0,4.0
14800,849.0,4.0
14900,847.0,4.0
15000,833.0,4.0
15100,836.0,4.0
15300,832.0,4.0
15400,833.0,5.0
15500,837.0,5.0
15600,844.0,5.0
15700,834.0,5.0
15800,836.0,5.0
15900,834.0,5.0
16000,841.0,5.0
16100,830.0,4.0
16200,815.0,4.0
16300,812.0,4.0
16400,820.0,4.0
16500,830.0,4.0
16600,834.0,4.0
16700,831.0,5.0
16800,842.0,5.0
16900,861.0,5.0
17000,884.0,5.0
17100,929.0,5.0
17200,959.0,5.0
17400,980.0,5.0
17500,989.0,5.0
17600,1038.0,5.0
17700,1112.0,5.0
17800,1210.0,6.0
17900,1258.0,6.0
18000,1367.0,6.0
18100,1419.0,6.0
18200,1495.0,7.0
18300,1519.0,7.0
18400,1568.0,8.0
18500,1604.0,8.0
18600,1619.0,9.0
18700,1661.0,9.0
18800,1689.0,10.0
18900,1736.0,10.0
19000,1765.0,11.0
19100,1730.0,11.0
19200,1688.0,12.0
19300,1621.0,13.0
19500,1597.0,13.0
19600,1569.0,14.0
19700,1573.0,14.0
19800,1584.0,15.0
19900,1581.0,15.0
20000,1571.0,16.0
20100,1550.0,16.0
20200,1530.0,17.0
20300,1493.0,18.0
20500,1439.0,18.0
20600,1426.0,19.0
20700,1410.0,19.0
20800,1404.0,19.0
20900,1392.0,20.0
21000,1386.0,21.0
21100,1376.0,21.0
21200,1368.0,22.0
21300,1366.0,21.0
21400,1356.0,22.0
21500,1356.0,23.0
21700,1331.0,23.0
21800,1320.0,23.0
21900,1286.0,24.0
22000,1282.0,24.0
22100,1292.0,24.0
22200,1304.0,24.0
22300,1319.0,24.0
22400,1325.0,24.0
22500,1319.0,24.0
22600,1227.0,24.0
22800,1197.0,24.0
23000,1110.0,24.0
23100,1167.0,24.0
23200,1206.0,24.0
23300,1254.0,24.0
23400,1263.0,24.0
23500,1253.0,24.0
23600,1206.0,24.0
23700,1192.0,24.0
23800,1156.0,24.0
23900,1115.0,24.0
24100,1120.0,24.0
24200,1111.0,24.0
24300,1096.0,24.0
24400,1106.0,23.0
24500,1144.0,23.0
24600,1153.0,23.0
24700,1154.0,23.0
24800,1153.0,23.0
24900,1152.0,22.0
25000,1149.0,22.0
25100,1143.0,22.0
25200,1140.0,22.0
25300,1135.0,21.0
25400,1131.0,21.0
25600,1131.0,21.0
25700,1136.0,20.0
25800,1124.0,20.0
25900,1113.0,20.0
26000,1123.0,19.0
26100,1117.0,19.0
26200,1112.0,19.0
26300,1117.0,18.0
26400,1112.0,18.0
26500,1099.0,18.0
26600,1107.0,17.0
26700,1113.0,17.0
26800,1092.0,17.0
26900,1096.0,16.0
27100,1100.0,16.0
27200,1116.0,16.0
27300,1107.0,16.0
27400,1114.0,15.0
27500,1125.0,15.0
27600,1123.0,15.0
27700,1116.0,15.0
27800,1090.0,15.0
27900,1085.0,15.0
28000,1081.0,14.0
28100,1080.0,14.0
28200,1075.0,14.0
28300,1070.0,14.0
28400,1149.0,14.0
28600,1228.0,14.0
28800,1286.0,14.0
28900,1299.0,14.0
29000,1300.0,14.0
29100,1284.0,14.0
29200,1283.0,14.0
29300,1291.0,14.0
29400,1299.0,14.0
29500,1353.0,14.0
29700,1424.0,14.0
29800,1478.0,15.0
29900,1497.0,15.0
30000,1497.0,15.0
30100,1493.0,15.0
30200,1497.0,16.0
30300,1495.0,16.0
30400,1486.0,16.0
30500,1470.0,17.0
30600,1444.0,17.0
30700,1416.0,17.0
30900,1380.0,17.5
31100,1324.0,18.0
31200,1257.0,18.0
31300,1248.0,18.0
31400,1207.0,18.0
31500,1213.0,18.0
31600,1257.0,18.0
31700,1279.0,18.0
31800,1282.0,18.0
31900,1257.0,18.0
32000,1251.0,18.0
32100,1223.0,18.0
32200,1213.0,18.0
32300,1193.0,18.0
32400,1159.0,18.0
32500,1142.0,18.0
32600,1097.0,17.0
32700,1094.0,17.0
32800,1076.0,17.0
32900,1056.0,17.0
33000,1040.0,17.0
33100,1065.0,16.0
33300,1051.0,16.0
33400,1065.0,16.0
33500,1059.0,15.0
33600,1038.0,15.0
33700,1050.0,14.0
33800,1046.0,14.0
34000,1042.0,14.0
34100,1025.0,13.0
34200,1012.0,13.0
34300,1005.0,13.0
34400,1016.0,13.0
34500,1024.0,13.0
34600,993.0,13.0
34700,1128.0,13.0
34900,1293.0,13.0
35000,1428.0,13.0
35100,1470.0,13.0
35200,1526.0,13.0
35300,1611.0,14.0
35400,1672.0,14.0
35500,1675.0,15.0
35600,1659.0,15.0
35700,1632.0,15.0
35800,1629.0,15.0
35900,1628.0,16.0
36100,1631.0,16.0
36200,1632.0,17.0
36300,1630.0,17.0
36400,1621.0,18.0
36500,1609.0,18.0
36600,1588.0,19.0
36700,1546.0,19.0
36800,1512.0,19.0
36900,1457.0,20.0
37000,1403.0,20.0
37100,1366.0,21.0
37200,1307.0,21.0
37300,1291.0,21.0
37400,1284.0,21.0
37500,1256.0,22.0
37700,1288.0,22.0
37800,1346.0,22.0
37900,1377.0,22.0
38000,1400.0,21.0
38100,1382.0,21.0
38200,1357.0,22.0
38300,1316.0,21.0
38400,1253.0,21.0
38500,1198.0,21.0
38600,1157.0,21.0
38700,1056.0,20.0
38800,1035.0,20.0
38900,1050.0,20.0
39000,1115.0,19.0
39100,1150.0,18.0
39200,1141.0,18.0
39400,1114.0,17.0
39500,1070.0,17.0
39600,1034.0,16.0
39700,975.0,15.0
39800,957.0,14.0
39900,968.0,14.0
40000,974.0,13.0
40100,992.0,12.0
40200,990.0,11.0
40300,979.0,10.0
40400,950.0,10.0
40500,926.0,9.0
40600,893.0,9.0
40700,852.0,8.0
40800,851.0,7.0
40900,851.0,6.0
41000,834.0,6.0
41100,829.0,5.0
41200,811.0,5.0
41400,787.0,4.0
41500,783.0,4.0
41600,780.0,3.0
41700,779.0,3.0
41800,775.0,2.0
41900,778.0,2.0
42000,763.0,2.0
42100,760.0,2.0
42200,752.0,0.0
42300,748.0,0.0
42400,748.0,0.0
42500,754.0,0.0
42600,753.0,0.0
42700,746.0,0.0
42900,752.0,0.0
43000,765.0,0.0
43100,781.0,0.0
43200,783.0,0.0
43300,782.0,0.0
43400,783.0,0.0
43500,774.0,0.0
43600,778.0,0.0
43700,788.0,0.0
43800,789.0,0.0
43900,795.0,0.0
44100,799.0,0.0
44200,795.0,0.0
44300,794.0,0.0
44400,776.0,0.0
44500,775.0,0.0
44600,781.0,0.0
44800,782.0,0.0
44900,777.0,0.0
45100,776.0,0.0
45300,782.0,0.0
45400,783.0,0.0
45500,783.0,0.0
45600,785.0,0.0
45700,776.0,0.0
45800,774.0,0.0
45900,786.0,0.0
46000,783.0,0.0
46200,779.0,0.0
46300,786.0,0.0
46400,774.0,0.0
46500,776.0,0.0
46600,780.0,0.0
46700,782.0,0.0
46800,774.0,0.0
46900,774.0,0.0
47000,777.0,0.0
47100,782.0,0.0
47200,782.0,0.0
47400,788.0,0.0
47500,783.0,0.0
47600,763.0,0.0
47700,760.0,0.0
47800,766.0,0.0
47900,773.0,0.0
48000,778.0,0.0
48200,770.0,0.0
48300,773.0,0.0
48400,770.0,0.0
48500,776.0,0.0
48600,783.0,0.0
48800,779.0,0.0
48900,776.0,0.0
49000,779.0,0.0
49100,773.0,0.0
49200,770.0,0.0
49300,771.0,0.0
49400,769.0,0.0
49500,761.0,0.0
49600,771.0,0.0
49700,782.0,0.0
49900,802.0,0.0
50000,808.0,0.0
50100,813.0,1.0
50200,812.0,2.0
50300,805.0,2.0
50400,805.0,2.0
50500,785.0,2.0
50600,782.0,3.0
50700,777.0,3.0
50800,780.0,3.0
50900,782.0,3.0
51000,783.0,3.0
51100,791.0,3.0
51300,821.0,4.0
51400,1147.0,4.0
51500,1456.0,5.0
51600,1623.0,6.0
51700,1726.0,7.0
51800,1753.0,7.0
51900,1776.0,8.0
52000,1785.0,9.0
52100,1805.0,10.0
52300,1825.0,11.0
52400,1839.0,12.0
52500,1815.0,12.0
52600,1792.0,13.0
52700,1724.0,14.0
52800,1689.0,15.0
53000,1667.0,15.0
53100,1660.0,16.0
53200,1654.0,16.0
53300,1623.0,17.0
53400,1603.0,18.0
53500,1570.0,18.0
53600,1520.0,19.0
53700,1505.0,19.0
53800,1468.0,20.0
53900,1425.0,20.0
54100,1396.0,21.0
54200,1379.0,21.0
54300,1392.0,22.0
54400,1401.0,22.0
54500,1435.0,22.0
54600,1446.0,23.0
54700,1473.0,23.0
54800,1482.0,24.0
54900,1493.0,24.0
55000,1502.0,25.0
55100,1522.0,25.0
55200,1535.0,25.0
55300,1543.0,26.0
55400,1566.0,26.0
55500,1568.0,27.0
55600,1583.0,28.0
55800,1594.0,28.0
55900,1591.0,28.0
56000,1607.0,29.0
56100,1601.0,30.0
56200,1600.0,30.0
56300,1589.0,30.0
56400,1575.0,31.0
56500,1566.0,31.0
56600,1553.0,32.0
56700,1530.0,32.0
56800,1510.0,32.0
56900,1499.0,33.0
57000,1475.0,33.0
57200,1447.0,33.0
57300,1443.0,34.0
57400,1412.0,34.0
57500,1373.0,34.0
57600,1335.0,34.0
57700,1306.0,34.0
57800,1256.0,34.0
57900,1247.0,35.0
58000,1217.0,34.0
58100,1217.0,34.0
58300,1193.0,34.0
58400,1196.0,34.0
58500,1187.0,34.0
58600,1182.0,34.0
58700,1176.0,34.0
58800,1162.0,35.0
58900,1161.0,35.0
59000,1154.0,35.0
59200,1157.0,35.0
59300,1154.0,35.0
59400,1149.0,35.0
59500,1141.0,35.0
59600,1148.0,35.0
59700,1159.0,35.0
59800,1180.0,35.0
59900,1184.0,35.0
60000,1210.0,35.0
60200,1211.0,35.0
60300,1196.0,35.0
60400,1215.0,35.0
60600,1180.0,35.0
60700,1276.0,35.0
60800,1239.0,35.0
60900,1192.0,34.0
61000,1220.0,34.0
61100,1217.0,34.0
61200,1198.0,34.0
61300,1172.0,34.0
61400,1175.0,34.0
61600,1157.0,34.0
61700,1160.0,34.0
61800,1141.0,34.0
61900,1143.0,34.0
62000,1143.0,35.0
62200,1145.0,35.0
62300,1146.0,34.0
62400,1145.0,35.0
62500,1149.0,35.0
62600,1155.0,35.0
62700,1152.0,35.0
62800,1156.0,35.0
62900,1154.0,35.0
63000,1155.0,35.0
63100,1153.0,35.0
63200,1152.0,35.0
63400,1150.0,35.0
63500,1152.0,35.0
63600,1145.0,35.0
63700,1154.0,35.0
63800,1141.0,35.0
64000,1145.0,35.0
64200,1183.0,35.0
64300,1196.0,35.0
64400,1208.0,35.0
64500,1245.0,35.0
64600,1246.0,35.0
64700,1205.0,35.0
64800,1220.0,35.0
64900,1229.0,34.0
65000,1214.0,34.0
65100,1211.0,34.0
65200,1204.0,34.0
65300,1218.0,34.0
65400,1241.0,34.0
65500,1235.0,33.0
65600,1230.0,33.0
65700,1228.0,33.0
65900,1211.0,33.0
66000,1214.0,32.0
66100,1218.0,32.0
66200,1223.0,32.0
66300,1230.0,32.0
66400,1220.0,31.0
66500,1236.0,31.0
66600,1231.0,31.0
66700,1246.0,31.0
66800,1234.0,30.0
66900,1244.0,30.0
67000,1253.0,30.0
67100,1282.0,30.0
67300,1241.0,30.0
67400,1241.0,30.0
67500,1240.0,30.0
67600,1224.0,30.0
67800,1227.0,30.0
67900,1224.0,30.0
68000,1237.0,30.0
68100,1253.0,31.0
68200,1278.0,31.0
68300,1270.0,31.0
68400,1296.0,31.0
68500,1294.0,31.0
68600,1316.0,32.0
68800,1323.0,32.0
68900,1348.0,32.0
69000,1356.0,33.0
69100,1371.0,33.0
69200,1378.0,33.0
69300,1401.0,34.0
69500,1424.0,34.0
69600,1427.0,34.0
69700,1428.0,34.0
69800,1433.0,35.0
70000,1450.5,35.5
70100,1456.0,36.0
70200,1463.0,36.0
70300,1479.0,36.0
70400,1487.0,37.0
70600,1505.0,37.0
70700,1528.0,37.0
70800,1530.0,38.0
70900,1545.0,38.0
71000,1549.0,38.0
71100,1566.0,39.0
71200,1569.0,39.0
71300,1583.0,39.0
71400,1586.0,40.0
71500,1587.0,40.0
71600,1599.0,41.0
71700,1591.0,41.0
71800,1593.0,41.0
71900,1594.0,42.0
72100,1592.0,42.0
72200,1581.0,42.0
72300,1588.0,43.0
72400,1590.0,43.0
72500,1590.0,43.0
72600,1587.0,44.0
72700,1591.0,44.0
72800,1585.0,44.0
72900,1583.0,45.0
73000,1577.0,45.0
73100,1582.0,45.0
73200,1575.0,46.0
73300,1574.0,46.0
73500,1570.0,47.0
73600,1561.0,47.0
73700,1555.0,47.0
73800,1557.0,47.0
73900,1554.0,48.0
74000,1547.0,48.0
74200,1536.0,48.0
74300,1537.0,48.0
74400,1530.0,49.0
74500,1528.0,49.0
74600,1530.0,49.0
74700,1526.0,50.0
74900,1529.0,50.0
75000,1549.5,50.0
75100,1555.0,51.0
75300,1571.0,51.0
75400,1575.0,51.0
75500,1586.0,51.0
75600,1583.0,52.0
75700,1598.0,52.0
75800,1594.0,52.0
76000,1594.0,52.0
76100,1594.0,53.0
76200,1598.0,53.0
76300,1596.0,53.0
76400,1596.0,54.0
76500,1594.0,54.0
76600,1597.0,54.0
76700,1591.0,54.0
76800,1593.0,54.0
76900,1586.0,55.0
77000,1589.0,55.0
77100,1591.0,55.0
77200,1586.0,55.0
77300,1583.0,56.0
77400,1590.0,56.0
77500,1584.0,56.0
77600,1589.0,56.0
77700,1585.0,57.0
77900,1591.0,57.0
78000,1591.0,57.0
78100,1591.0,57.0
78200,1585.0,58.0
78400,1576.0,58.0
78500,1562.0,58.0
78600,1547.0,58.0
78700,1527.0,58.0
78800,1517.0,58.0
78900,1491.0,59.0
79000,1484.0,59.0
79100,1473.0,59.0
79200,1458.0,59.0
79300,1460.0,59.0
79400,1453.0,59.0
79500,1452.0,59.0
79600,1452.0,59.0
79700,1456.0,60.0
79900,1462.0,60.0
80000,1466.0,60.0
80100,1462.0,60.0
80200,1469.0,60.0
80300,1476.0,60.0
80400,1472.0,60.0
80500,1479.0,60.0
80600,1483.0,60.0
80700,1489.0,61.0
80800,1489.0,61.0
80900,1490.0,61.0
81000,1498.0,61.0
81100,1500.0,61.0
81200,1499.0,61.0
81300,1500.0,61.0
81500,1507.0,61.0
81600,1508.0,62.0
81700,1508.0,62.0
81800,1519.0,62.0
81900,1515.0,62.0
82000,1519.0,62.0
82100,1521.0,62.0
82200,1518.0,62.0
82300,1513.0,62.0
82400,1505.0,62.0
82500,1506.0,62.0
82600,1500.0,63.0
82700,1507.0,63.0
82800,1507.0,63.0
82900,1502.0,63.0
83000,1513.0,63.0
83100,1515.0,63.0
83300,1516.0,63.0
83400,1519.0,63.0
83500,1523.0,63.0
83600,1516.0,63.0
83700,1525.0,63.0
83800,1529.0,64.0
84000,1522.0,64.0
84100,1528.0,64.0
84200,1516.0,64.0
84300,1499.0,64.0
84400,1464.0,64.0
84600,1435.0,64.0
84700,1426.0,64.0
84800,1403.0,64.0
84900,1379.0,64.0
85000,1369.0,64.0
85100,1354.0,64.0
85200,1344.0,64.0
85300,1337.0,64.0
85500,1334.0,64.0
85600,1324.0,64.0
85700,1332.0,64.0
85800,1332.0,64.0
85900,1326.0,64.0
86000,1328.0,64.0
86100,1330.0,64.0
86200,1325.0,64.0
86300,1325.0,64.0
86400,1328.0,64.0
86500,1327.0,64.0
86600,1326.0,64.0
86700,1331.0,64.0
86800,1325.0,64.0
86900,1328.0,64.0
87000,1329.0,63.0
87100,1326.0,63.0
87200,1331.0,64.0
87300,1328.0,63.0
87500,1331.0,64.0
87600,1329.0,63.0
87700,1329.0,63.0
87800,1332.0,63.0
87900,1334.0,63.0
88000,1330.0,64.0
88100,1340.0,64.0
88200,1338.0,64.0
88300,1334.0,64.0
88400,1340.0,64.0
88600,1339.0,64.0
88700,1339.0,64.0
88800,1334.0,64.0
88900,1337.0,64.0
89000,1336.0,64.0
89100,1339.0,64.0
89200,1337.0,64.0
89300,1341.0,64.0
89400,1339.0,64.0
89500,1336.0,64.0
89700,1341.0,64.0
89800,1344.0,64.0
89900,1344.0,64.0
90000,1338.0,64.0
90100,1343.0,64.0
90200,1349.0,64.0
90300,1351.0,64.0
90400,1350.0,64.0
90500,1352.0,64.0
90600,1354.0,64.0
90800,1353.0,64.0
90900,1353.0,64.0
91000,1355.0,64.0
91100,1357.0,64.0
91200,1360.0,64.0
91300,1362.0,64.0
91400,1361.0,64.0
91600,1362.0,64.0
91700,1364.0,65.0
91800,1364.0,64.0
91900,1365.0,64.0
92000,1366.0,65.0
92100,1368.0,65.0
92200,1370.0,65.0
92300,1373.0,65.0
92400,1369.0,65.0
92500,1373.0,65.0
92600,1372.0,65.0
92700,1370.0,65.0
92800,1371.0,65.0
92900,1375.0,65.0
93000,1372.0,65.0
93100,1380.0,65.0
93300,1375.0,65.0
93400,1381.0,65.0
93500,1371.0,65.0
93600,1373.0,65.0
93700,1379.0,65.0
93800,1371.0,65.0
93900,1380.0,65.0
94000,1382.0,65.0
94100,1388.0,65.0
94300,1388.0,65.0
94400,1387.0,66.0
94500,1385.0,66.0
94600,1385.0,66.0
94700,1386.0,66.0
94800,1382.0,66.0
94900,1380.0,66.0
95000,1382.0,66.0
95200,1380.0,66.0
95300,1384.0,66.0
95400,1386.0,66.0
95500,1387.0,66.0
95600,1395.0,66.0
95700,1390.0,66.0
95800,1394.0,66.0
95900,1397.0,67.0
96000,1406.0,67.0
96100,1413.0,67.0
96200,1426.0,67.0
96300,1447.0,67.0
96500,1469.0,67.0
96600,1492.0,67.0
96700,1504.0,67.0
96800,1510.0,67.0
96900,1525.0,68.0
97000,1531.0,68.0
97100,1530.0,68.0
97200,1538.0,68.0
97300,1542.0,68.0
97400,1542.0,68.0
97500,1545.0,68.0
97600,1550.0,68.0
97700,1557.0,69.0
97900,1554.0,69.0
98000,1560.0,69.0
98100,1563.0,69.0
98200,1569.0,69.0
98300,1571.0,69.0
98400,1572.0,69.0
98500,1578.0,69.0
98600,1575.0,70.0
98700,1582.0,70.0
98800,1588.0,70.0
98900,1588.0,70.0
99000,1580.0,70.0
99100,1580.0,70.0
99200,1569.0,70.0
99400,1557.0,70.0
99500,1554.0,70.0
99600,1541.0,71.0
99700,1526.0,71.0
99800,1500.0,71.0
99900,1492.0,71.0
100000,1472.0,71.0
100100,1452.0,71.0
100200,1440.0,71.0
100300,1423.0,71.0
100400,1414.0,71.0
100500,1404.0,71.0
100600,1395.0,71.0
100700,1389.0,71.0
100800,1380.0,71.0
101000,1380.0,71.0
101100,1379.0,71.0
101200,1383.0,71.0
101300,1381.0,71.0
101400,1380.0,71.0
101500,1383.0,71.0
101600,1381.0,71.0
101700,1382.0,71.0
101800,1386.0,71.0
102000,1384.0,71.0
102100,1381.0,71.0
102200,1381.0,71.0
102300,1381.0,71.0
102400,1382.0,71.0
102500,1381.0,71.0
102600,1383.0,71.0
102700,1381.0,71.0
102800,1373.0,71.0
103000,1377.0,71.0
103100,1382.0,70.0
103200,1381.0,70.0
103300,1375.0,70.0
103400,1379.0,70.0
103500,1380.0,70.0
103700,1380.0,70.0
103800,1378.0,70.0
104000,1385.0,70.0
104100,1383.0,70.0
104200,1376.0,70.0
104300,1380.0,70.0
104400,1374.0,70.0
104500,1373.0,70.0
104600,1365.0,70.0
104700,1359.0,70.0
104800,1354.0,70.0
104900,1360.0,70.0
105100,1358.0,70.0
105200,1354.0,70.0
105300,1358.0,70.0
105400,1359.0,70.0
105500,1355.0,69.0
105600,1361.0,69.0
105700,1363.0,69.0
105800,1364.0,69.0
105900,1360.0,69.0
106000,1362.0,69.0
106100,1362.0,69.0
106200,1368.0,69.0
106300,1365.0,69.0
106500,1368.0,69.0
106600,1369.0,69.0
106700,1372.0,69.0
106800,1373.0,69.0
106900,1374.0,69.0
107000,1374.0,69.0
107100,1375.0,69.0
107200,1375.0,68.0
107300,1374.0,68.0
107500,1372.0,69.0
107600,1376.0,69.0
107700,1376.0,69.0
107800,1377.0,68.0
107900,1374.0,68.0
108000,1372.0,68.0
108100,1373.0,68.0
108200,1366.0,68.0
108300,1360.0,68.0
108400,1354.0,68.0
108500,1360.0,68.0
108700,1348.0,68.0
108800,1370.0,68.0
108900,1354.0,68.0
109000,1372.0,67.0
109100,1366.0,67.0
109300,1366.0,67.0
109400,1374.0,67.0
109500,1367.0,67.0
109600,1383.0,67.0
109700,1374.0,66.0
109900,1381.0,66.0
110000,1379.0,66.0
110100,1374.0,66.0
110200,1374.0,66.0
110300,1376.0,66.0
110400,1376.0,66.0
110500,1376.0,66.0
110600,1376.0,66.0
110700,1379.0,66.0
110800,1383.0,66.0
110900,1381.0,66.0
111000,1384.0,66.0
111100,1382.0,66.0
111200,1381.0,66.0
111400,1387.0,66.0
111500,1388.0,66.0
111600,1385.0,66.0
111700,1380.0,66.0
111800,1379.0,66.0
111900,1379.0,66.0
112000,1380.0,66.0
112100,1376.0,66.0
112200,1374.0,66.0
112300,1372.0,66.0
112500,1377.0,66.0
112600,1377.0,66.0
112700,1379.0,66.0
112800,1374.0,66.0
112900,1375.0,66.0
113000,1379.0,66.0
113100,1373.0,66.0
113200,1373.0,66.0
113300,1375.0,66.0
113500,1373.0,66.0
113600,1372.0,66.0
113700,1377.0,66.0
113800,1377.0,66.0
113900,1373.0,66.0
114000,1373.0,66.0
114100,1376.0,66.0
114200,1374.0,66.0
114300,1375.0,66.0
114400,1372.0,66.0
114500,1371.0,66.0
114600,1371.0,66.0
114700,1370.0,66.0
114900,1373.0,66.0
115000,1374.0,66.0
115100,1374.0,66.0
115200,1371.0,66.0
115400,1372.0,66.0
115500,1377.0,66.0
115600,1375.0,66.0
115800,1373.0,66.0
115900,1374.0,66.0
116000,1379.0,66.0
116100,1371.0,66.0
116200,1373.0,66.0
116300,1376.0,66.0
116400,1378.0,66.0
116500,1379.0,66.0
116600,1379.0,66.0
116700,1385.0,66.0
116800,1387.0,66.0
116900,1382.0,66.0
117000,1385.0,66.0
117100,1387.0,66.0
117200,1393.0,66.0
117400,1392.0,66.0
117500,1391.0,66.0
117600,1396.0,66.0
117700,1397.0,66.0
117900,1392.0,66.0
118000,1390.0,66.0
118100,1391.0,66.0
118200,1385.0,66.0
118300,1386.0,66.0
118500,1384.0,66.0
118600,1378.0,65.0
118700,1375.0,66.0
118800,1382.0,66.0
118900,1371.0,65.0
119000,1374.0,65.0
119100,1362.0,65.0
119300,1371.0,65.0
119400,1365.0,65.0
119500,1371.0,65.0
119600,1370.0,65.0
119700,1367.0,65.0
119800,1372.0,65.0
119900,1373.0,65.0
120000,1367.0,65.0
120100,1366.0,65.0
120200,1372.0,65.0
120400,1371.0,64.0
120500,1372.0,64.0
120600,1369.0,64.0
120700,1366.0,64.0
120900,1365.0,64.0
121000,1363.0,64.0
121200,1361.0,64.0
121300,1359.0,64.0
121500,1350.0,64.0
121600,1352.0,64.0
121700,1348.0,64.0
121800,1348.0,64.0
121900,1350.0,63.0
122000,1336.0,63.0
122100,1338.0,64.0
122200,1334.0,63.0
122400,1340.0,63.0
122500,1324.0,63.0
122600,1330.0,63.0
122700,1327.0,62.0
122800,1334.0,62.0
122900,1299.0,62.0
123100,1311.0,62.0
123200,1317.0,61.0
123300,1316.0,61.0
123400,1308.0,61.0
123500,1295.0,60.0
123700,1285.0,60.0
123800,1279.0,59.0
123900,1269.0,59.0
124100,1258.0,58.0
124200,1255.0,58.0
124300,1245.0,57.0
124400,1242.0,57.0
124500,1236.0,57.0
124600,1230.0,56.0
124700,1223.0,56.0
124800,1222.0,55.0
124900,1221.0,55.0
125000,1223.0,54.0
125100,1220.0,54.0
125200,1227.0,54.0
125300,1225.0,53.0
125400,1227.0,52.0
125500,1225.0,52.0
125600,1227.0,51.0
125800,1222.0,51.0
125900,1226.0,50.0
126000,1225.0,49.0
126100,1222.0,49.0
126200,1221.0,48.0
126300,1222.0,48.0
126400,1226.0,47.0
126500,1226.0,47.0
126600,1231.0,46.0
126800,1233.0,46.0
126900,1234.0,45.0
127000,1237.0,44.0
127100,1237.0,44.0
127200,1236.0,44.0
127300,1240.0,43.0
127400,1240.0,43.0
127500,1245.0,43.0
127600,1245.0,42.0
127700,1249.0,42.0
127800,1252.0,42.0
127900,1247.0,41.0
128100,1250.0,41.0
128200,1244.0,41.0
128300,1242.0,41.0
128400,1238.0,40.0
128500,1238.0,40.0
128600,1242.0,39.0
128700,1237.0,39.0
128800,1238.0,38.0
128900,1233.0,38.0
129000,1236.0,38.0
129100,1231.0,37.0
129300,1230.0,36.0
129400,1228.0,36.0
129500,1229.0,35.0
129600,1226.0,35.0
129700,1224.0,34.0
129800,1223.0,34.0
129900,1225.0,33.0
130000,1219.0,32.0
130100,1213.0,32.0
130200,1211.0,31.0
130400,1204.0,30.0
130500,1200.0,29.0
130600,1195.0,28.0
130800,1198.0,27.0
130900,1194.0,26.0
131000,1195.0,25.0
131100,1189.0,24.0
131200,1193.0,24.0
131300,1180.0,22.0
131400,1179.0,21.0
131500,1167.0,20.0
131600,1161.0,20.0
131800,1154.0,19.0
131900,1102.0,18.0
132000,990.0,16.0
132100,1023.0,16.0
132200,1045.0,15.0
132300,1081.0,14.0
132500,1082.0,13.0
132600,1050.0,13.0
132700,1012.0,12.0
132800,995.0,11.0
132900,956.0,10.0
133000,914.0,10.0
133100,892.0,9.0
133200,843.0,8.0
133300,827.0,8.0
133400,799.0,7.0
133500,770.0,6.0
133700,736.0,6.0
133800,695.5,5.0
134000,641.0,4.0
134100,607.0,4.0
134200,578.0,3.0
134300,563.0,3.0
134400,573.0,2.0
134500,581.0,2.0
134600,608.0,2.0
134700,627.0,1.0
134800,666.0,0.0
134900,711.0,0.0
135100,734.0,0.0
135200,750.0,0.0
135300,750.0,0.0
135400,735.0,0.0
135500,730.0,0.0
135600,707.0,0.0
135700,706.0,0.0
135800,694.0,0.0
135900,692.0,0.0
136000,683.0,0.0
136100,683.0,0.0
136200,694.0,0.0
136300,700.0,0.0
136400,704.0,0.0
136500,718.0,0.0
136600,726.0,0.0
136800,716.0,0.0
136900,726.0,0.0
137000,717.0,0.0
137100,728.0,0.0
137200,722.0,0.0
137300,718.0,0.0
137400,710.0,0.0
137500,691.0,0.0
137700,686.5,0.0
137800,682.0,0.0
137900,690.0,0.0
138000,690.0,0.0
138100,688.0,0.0
138300,691.5,0.0
138500,704.0,0.0
138600,714.0,0.0
138700,708.0,0.0
138800,708.0,0.0
138900,711.0,0.0
139000,694.0,0.0
139100,705.0,0.0
139200,707.0,0.0
139300,691.0,0.0
139400,699.0,0.0
139500,686.0,0.0
139600,682.0,0.0
139700,689.0,0.0
139800,680.0,0.0
139900,696.0,0.0
140000,693.0,0.0
140100,686.0,0.0
140200,686.0,0.0
140400,684.0,0.0
140500,691.0,0.0
140600,686.0,0.0
140700,698.0,0.0
140800,702.0,0.0
140900,697.0,0.0
141000,690.0,0.0
141100,699.0,0.0
141200,697.0,0.0
141300,685.0,0.0
141500,691.0,0.0
141600,684.0,0.0
141700,684.0,0.0
141800,684.0,0.0
141900,691.0,0.0
142000,690.0,0.0
142100,687.0,0.0
142200,683.0,0.0
142400,673.0,0.0
142500,672.0,0.0
142600,675.0,0.0
142700,679.0,0.0
142800,674.0,0.0
142900,668.0,0.0
143000,667.0,0.0
143100,676.0,0.0
143200,672.0,0.0
143300,682.0,0.0
143400,679.0,0.0
143500,673.0,0.0
143600,667.0,0.0
143700,670.0,0.0
143800,671.0,0.0
143900,661.0,0.0
144000,669.0,0.0
144100,664.0,0.0
144200,658.0,0.0
144300,660.0,0.0
144400,652.0,0.0
144500,660.0,0.0
144600,658.0,0.0
144700,667.0,0.0
144900,664.0,0.0
145000,662.0,0.0
145100,663.0,0.0
145200,663.0,0.0
145300,667.0,0.0
145400,665.0,0.0
145500,669.0,0.0
145600,661.0,0.0
145700,655.0,0.0
145900,656.0,0.0
146000,656.0,0.0
146100,654.0,0.0
146200,657.0,0.0
146300,648.0,0.0
146400,652.0,0.0
146500,654.0,0.0
146600,656.0,0.0
146700,660.0,0.0
146800,660.0,0.0
146900,660.0,0.0
147000,654.0,0.0
147200,649.0,0.0
147300,652.0,0.0
147400,667.0,0.0
147500,679.0,0.0
147600,701.0,0.0
147700,752.0,0.0
147800,784.0,0.0
147900,809.0,0.0
148000,827.0,0.0
148100,825.0,0.0
148300,814.0,0.0
148400,805.0,0.0
148500,798.0,0.0
148600,793.0,1.0
148700,791.0,1.0
148800,789.0,2.0
148900,792.0,2.0
149000,784.0,2.0
149100,797.0,2.0
149200,826.0,2.0
149400,906.0,2.0
149500,1033.0,3.0
149600,1289.0,3.0
149700,1525.0,3.0
149800,1599.0,4.0
149900,1688.0,5.0
150000,1703.0,6.0
150100,1714.0,7.0
150200,1727.0,8.0
150400,1740.0,8.0
150500,1754.0,9.0
150600,1764.0,10.0
150700,1787.0,10.0
150800,1809.0,11.0
150900,1783.0,12.0
151000,1752.0,12.0
151100,1695.0,13.0
151200,1670.0,14.0
151300,1648.0,14.0
151500,1637.0,15.0
151600,1636.0,15.0
151700,1614.0,16.0
151800,1595.0,16.0
151900,1567.0,17.0
152000,1551.0,17.0
152100,1504.0,18.0
152200,1469.0,19.0
152300,1457.0,19.0
152400,1420.0,20.0
152600,1380.5,20.0
152800,1349.0,21.0
152900,1344.0,21.0
153000,1344.0,21.0
153100,1353.0,22.0
153200,1351.0,22.0
153300,1365.0,23.0
153400,1350.0,23.0
153600,1358.0,23.0
153700,1350.0,24.0
153800,1348.0,24.0
153900,1361.0,24.0
154000,1360.0,25.0
154100,1367.0,25.0
154200,1366.0,26.0
154300,1368.0,26.0
154400,1375.0,26.0
154500,1382.0,27.0
154600,1380.0,27.0
154700,1378.0,27.0
154800,1387.0,28.0
154900,1391.0,28.0
155000,1409.0,28.0
155100,1405.0,29.0
155300,1417.0,29.0
155400,1418.0,29.0
155500,1429.0,30.0
155600,1403.0,30.0
155700,1405.0,30.0
155900,1344.0,30.0
156000,1337.0,31.0
156100,1304.0,31.0
156200,1283.0,31.0
156300,1251.0,31.0
156400,1204.0,31.0
156500,1222.0,31.0
156600,1238.0,30.0
156700,1195.0,30.0
156800,1210.0,30.0
156900,1205.0,30.0
157000,1213.0,30.0
157100,1206.0,30.0
157300,1186.0,29.0
157400,1177.0,29.0
157500,1185.0,29.0
157600,1178.0,29.0
157700,1193.0,29.0
157800,1190.0,29.0
157900,1200.0,28.0
158000,1202.0,28.0
158100,1199.0,28.0
158200,1208.0,28.0
158300,1205.0,28.0
158400,1208.0,28.0
158500,1205.0,27.0
158600,1207.0,27.0
158700,1202.0,27.0
158800,1205.0,26.0
158900,1198.0,26.0
159100,1200.0,25.0
159200,1193.0,25.0
159300,1190.0,25.0
159400,1183.0,24.0
159500,1183.0,24.0
159600,1175.0,24.0
159700,1177.0,23.0
159800,1180.0,22.0
159900,1181.0,22.0
160000,1179.0,21.0
160100,1175.0,21.0
160200,1164.0,21.0
160400,1110.0,20.0
160500,1014.0,20.0
160600,962.0,20.0
160700,861.0,20.0
160800,983.0,20.0
160900,1051.0,20.0
161000,1162.0,20.0
161100,1185.0,20.0
161200,1182.0,20.0
161300,1166.0,20.0
161400,1217.0,19.0
161600,1284.0,19.0
161700,1332.0,19.0
161800,1397.0,20.0
161900,1414.0,20.0
162000,1406.0,20.0
162100,1391.0,20.0
162300,1380.0,20.0
162400,1379.0,20.0
162500,1374.0,20.0
162600,1375.0,20.0
162700,1372.0,20.0
162800,1366.0,20.0
162900,1339.0,21.0
163000,1331.0,21.0
163100,1338.0,21.0
163200,1345.0,21.0
163300,1358.0,21.0
163400,1369.0,22.0
163500,1379.0,22.0
163600,1389.0,22.0
163800,1402.0,22.0
163900,1428.0,23.0
164000,1443.0,23.0
164100,1453.0,23.0
164200,1454.0,23.0
164300,1459.0,24.0
164400,1468.0,24.0
164500,1466.0,25.0
164600,1473.0,25.0
164700,1473.0,25.0
164800,1469.0,26.0
164900,1460.0,26.0
165000,1458.0,26.0
165100,1451.0,27.0
165200,1437.0,27.0
165300,1416.0,28.0
165400,1354.0,28.0
165500,1344.0,28.0
165600,1349.0,29.0
165700,1332.0,29.0
165800,1345.0,30.0
165900,1324.0,30.0
166000,1318.0,30.0
166100,1306.0,31.0
166200,1305.0,31.0
166300,1296.0,31.0
166400,1283.0,32.0
166500,1254.0,32.0
166600,1254.0,32.0
166700,1225.0,32.0
166800,1233.0,32.0
167000,1228.0,32.0
167100,1236.5,33.0
167200,1234.0,33.0
167400,1235.0,33.0
167500,1228.0,33.0
167600,1230.0,32.0
167700,1250.0,33.0
167800,1205.0,32.0
167900,1222.0,32.0
168000,1191.0,32.0
168100,1174.0,31.0
168200,1178.0,31.0
168300,1168.0,31.0
168400,1175.0,30.0
168600,1180.0,30.0
168700,1183.0,30.0
168800,1215.0,29.0
168900,1215.0,29.0
169000,1208.0,28.0
169100,1193.0,28.0
169200,1215.0,28.0
169300,1241.0,28.0
169500,1218.0,28.0
169600,1248.0,28.0
169700,1271.0,28.0
169800,1269.0,28.0
169900,1326.0,28.0
170000,1362.0,28.0
170100,1437.0,28.0
170200,1456.0,28.0
170300,1490.0,29.0
170400,1494.0,29.0
170500,1517.0,29.0
170600,1531.0,30.0
170700,1551.0,30.0
170800,1547.0,30.0
170900,1550.0,31.0
171000,1548.0,31.0
171100,1536.0,31.0
171200,1522.0,32.0
171400,1505.0,32.0
171500,1497.0,33.0
171600,1482.0,33.0
171700,1497.0,33.0
171800,1482.0,33.0
171900,1499.0,34.0
172000,1498.0,34.0
172100,1538.0,34.0
172200,1541.0,35.0
172400,1570.0,35.0
172500,1570.0,35.0
172600,1596.0,36.0
172700,1622.0,36.0
172800,1641.0,37.0
172900,1648.0,37.0
173100,1642.0,37.0
173200,1648.0,38.0
173300,1642.0,38.0
173400,1651.0,38.0
173500,1638.0,39.0
173600,1657.0,39.0
173700,1646.0,39.0
173800,1646.0,40.0
173900,1652.0,40.0
174000,1636.0,40.0
174100,1643.0,41.0
174200,1630.0,41.0
174300,1626.0,41.0
174400,1632.0,42.0
174500,1627.0,42.0
174600,1617.0,42.0
174700,1610.0,43.0
174900,1613.5,43.0
175100,1620.0,43.0
175200,1617.0,43.0
175300,1631.0,44.0
175400,1627.0,44.0
175500,1637.0,44.0
175600,1631.0,44.0
175700,1643.0,45.0
175800,1653.0,45.0
176000,1655.0,45.0
176100,1655.0,46.0
176200,1657.0,46.0
176300,1653.0,46.0
176400,1651.0,46.0
176500,1648.0,46.0
176600,1641.0,47.0
176700,1645.0,47.0
176900,1660.0,47.0
177000,1658.0,47.0
177100,1667.0,48.0
177200,1663.0,48.0
177300,1695.0,48.0
177400,1662.0,49.0
177500,1714.0,49.0
177600,1702.0,49.0
177700,1711.0,49.0
177900,1715.0,49.0
178000,1716.0,50.0
178100,1736.0,50.0
178200,1733.0,50.0
178300,1734.0,50.0
178400,1721.0,50.0
178500,1714.0,51.0
178600,1712.0,51.0
178700,1716.0,51.0
178800,1718.0,51.0
178900,1715.0,51.0
179000,1727.0,52.0
179100,1721.0,52.0
179300,1718.0,52.0
179400,1724.0,52.0
179500,1709.0,52.0
179600,1695.0,53.0
179700,1696.0,53.0
179800,1684.0,53.0
179900,1677.0,53.0
180000,1657.0,53.0
180100,1630.0,53.0
180200,1595.0,53.0
180400,1539.0,53.0
180500,1527.0,53.0
180600,1461.0,53.0
180700,1390.0,53.0
180800,1357.0,53.0
180900,1311.0,53.0
181000,1278.0,53.0
181100,1269.0,53.0
181200,1246.0,53.0
181300,1237.0,53.0
181400,1227.0,53.0
181500,1231.0,53.0
181600,1279.0,53.0
181800,1327.0,53.0
181900,1377.0,53.0
182000,1431.0,53.0
182100,1451.0,53.0
182200,1495.0,53.0
182300,1527.0,53.0
182400,1554.0,54.0
182500,1550.0,54.0
182600,1549.0,54.0
182700,1571.0,54.0
182900,1576.0,54.0
183000,1580.0,54.0
183100,1587.0,54.0
183200,1593.0,54.0
183300,1595.0,55.0
183400,1590.0,55.0
183500,1595.0,55.0
183600,1597.0,55.0
183700,1605.0,55.0
183900,1588.0,55.0
184000,1577.0,55.0
184100,1566.0,56.0
184200,1564.0,56.0
184300,1565.0,56.0
184400,1540.0,56.0
184500,1556.0,56.0
184600,1531.0,56.0
184700,1507.0,56.0
184800,1519.0,56.0
184900,1496.0,56.0
185000,1483.0,56.0
185100,1483.0,56.0
185200,1462.0,56.0
185300,1468.0,57.0
185400,1456.0,57.0
185500,1460.0,57.0
185600,1454.0,57.0
185700,1448.0,57.0
185800,1458.0,57.0
186000,1453.0,57.0
186100,1456.0,57.0
186200,1459.0,57.0
186300,1452.0,57.0
186400,1459.0,57.0
186500,1461.0,57.0
186600,1464.0,57.0
186700,1463.0,57.0
186800,1463.0,57.0
186900,1450.0,58.0
187000,1446.0,58.0
187100,1427.0,58.0
187200,1398.0,57.0
187300,1378.0,57.0
187400,1347.0,57.0
187600,1312.0,57.0
187700,1302.0,57.0
187800,1247.0,57.0
187900,1236.0,57.0
188000,1234.0,56.0
188100,1230.0,56.0
188200,1204.0,55.0
188300,1198.0,55.0
188400,1187.0,54.0
188500,1180.0,54.0
188600,1185.0,53.0
188700,1184.0,53.0
188800,1191.0,52.0
188900,1196.0,52.0
189000,1205.0,51.0
189100,1205.0,51.0
189200,1209.0,50.0
189300,1208.0,50.0
189400,1209.0,50.0
189600,1208.0,49.0
189700,1215.0,49.0
189800,1220.0,48.0
189900,1227.0,48.0
190000,1228.0,48.0
190100,1229.0,48.0
190200,1228.0,48.0
190300,1230.0,47.0
190400,1224.0,47.0
190500,1230.0,47.0
190600,1228.0,46.0
190800,1228.0,46.0
190900,1233.0,46.0
191000,1234.0,46.0
191100,1228.0,46.0
191200,1243.0,45.0
191300,1286.0,45.0
191400,1228.0,45.0
191500,1253.0,45.0
191600,1242.0,45.0
191700,1264.0,45.0
191800,1249.0,45.0
191900,1267.0,46.0
192100,1261.0,46.0
192200,1272.0,46.0
192300,1274.0,46.0
192400,1261.0,46.0
192500,1273.0,46.0
192600,1264.0,46.0
192700,1269.0,46.0
192800,1263.0,46.0
192900,1263.0,46.0
193000,1261.0,46.0
193100,1243.0,46.0
193200,1239.0,46.0
193300,1280.0,46.0
193400,1238.0,46.0
193500,1264.0,46.0
193700,1227.5,46.0
193900,1208.0,46.0
194000,1210.0,46.0
194100,1180.0,46.0
194200,1187.0,45.0
194300,1183.0,45.0
194400,1216.0,45.0
194500,1225.0,45.0
194600,1233.0,45.0
194700,1237.0,45.0
194800,1238.0,45.0
194900,1224.0,45.0
195000,1251.0,45.0
195100,1229.0,45.0
195200,1237.0,44.0
195300,1215.0,44.0
195400,1227.0,44.0
195600,1211.0,43.0
195700,1204.0,43.0
195800,1212.0,43.0
195900,1206.0,42.0
196000,1207.0,42.0
196100,1213.0,42.0
196200,1210.0,41.0
196300,1214.0,41.0
196400,1210.0,40.0
196500,1219.0,40.0
196600,1216.0,40.0
196700,1219.0,39.0
196800,1217.0,38.0
196900,1218.0,38.0
197100,1211.0,38.0
197200,1208.0,37.0
197300,1208.0,36.0
197400,1202.0,36.0
197500,1200.0,35.0
197600,1196.0,34.0
197700,1199.0,34.0
197800,1191.0,33.0
197900,1200.0,32.0
198000,1195.0,31.0
198100,1199.0,30.0
198200,1191.0,29.0
198300,1195.0,29.0
198400,1192.0,28.0
198500,1192.0,27.0
198600,1191.0,26.0
198800,1191.0,24.5
198900,1181.0,23.0
199100,1181.0,23.0
199200,1171.0,22.0
199300,1165.0,21.0
199400,1167.0,20.0
199500,1171.0,19.0
199600,1139.0,19.0
199700,1098.0,18.0
199800,991.0,18.0
199900,1046.0,17.0
200000,1121.0,17.0
200100,1127.0,16.0
200200,1123.0,16.0
200300,1110.0,15.0
200400,1089.0,15.0
200500,1080.0,15.0
200600,1067.0,15.0
200700,1046.0,14.0
200800,1041.0,14.0
200900,1039.0,14.0
201000,1028.0,14.0
201100,1029.0,13.0
201300,1006.5,13.0
201500,993.0,12.0
201600,980.0,12.0
201700,962.0,12.0
201800,950.0,12.0
201900,956.0,12.0
202000,960.0,11.0
202100,954.0,11.0
202200,938.0,11.0
202300,931.0,11.0
202400,924.0,11.0
202500,917.0,11.0
202600,914.0,11.0
202700,909.0,11.0
202800,908.0,11.0
202900,906.0,11.0
203000,899.0,10.0
203100,889.0,10.0
203200,894.0,10.0
203300,889.0,10.0
203400,891.0,10.0
203500,888.0,10.0
203600,892.0,10.0
203800,886.0,10.0
203900,889.0,10.0
204000,891.0,10.0
204100,900.0,10.0
204200,889.0,10.0
204300,883.0,9.0
204400,878.0,9.0
204500,875.0,9.0
204600,885.0,9.0
204700,936.0,9.0
204800,1016.0,9.0
204900,1055.0,9.0
205000,1143.0,9.0
205100,1183.0,9.0
205200,1205.0,9.0
205300,1194.0,9.0
205400,1189.0,10.0
205500,1179.0,10.0
205600,1167.0,10.0
205800,1168.0,10.0
205900,1170.0,10.0
206000,1191.0,10.0
206100,1209.0,10.0
206200,1230.0,10.0
206300,1236.0,10.0
206500,1248.0,11.0
206600,1260.0,11.0
206700,1271.0,11.0
206800,1275.0,11.0
206900,1272.0,11.0
207000,1275.0,11.0
207100,1269.0,11.0
207200,1263.0,12.0
207300,1250.0,12.0
207400,1235.0,12.0
207500,1215.0,12.0
207700,1188.0,12.0
207800,1154.0,12.0
207900,1126.0,12.0
208000,1060.0,12.0
208100,1050.0,12.0
208200,990.0,12.0
208300,939.0,12.0
208400,913.0,11.0
208500,889.0,11.0
208600,876.0,11.0
208700,871.0,11.0
208800,873.0,11.0
208900,876.0,11.0
209000,875.0,11.0
209100,871.0,10.0
209200,865.0,10.0
209300,863.0,10.0
209500,853.0,10.0
209600,867.0,10.0
209700,881.0,10.0
209800,866.0,10.0
209900,885.0,9.0
210000,909.0,9.0
210100,929.0,9.0
210200,1006.0,9.0
210300,1084.0,9.0
210400,1111.0,9.0
210500,1177.0,10.0
210600,1211.0,10.0
210700,1233.0,10.0
210800,1262.0,10.0
210900,1281.0,10.0
211000,1289.0,11.0
211100,1290.0,11.0
211200,1296.0,11.0
211400,1297.0,11.0
211500,1295.0,11.0
211600,1297.0,11.0
211700,1301.0,11.0
211800,1299.0,12.0
211900,1303.0,12.0
212000,1311.0,12.0
212100,1313.0,12.0
212200,1314.0,12.0
212300,1310.0,12.0
212500,1304.0,12.0
212600,1296.0,12.0
212700,1295.0,13.0
212800,1299.0,13.0
212900,1300.0,13.0
213000,1300.0,13.0
213100,1289.0,13.0
213300,1258.0,13.0
213400,1245.0,13.0
213500,1229.0,13.0
213600,1228.0,13.0
213700,1226.0,14.0
213800,1225.0,14.0
213900,1226.0,14.0
214000,1225.0,14.0
214100,1225.0,14.0
214200,1225.0,14.0
214300,1214.0,15.0
214400,1205.0,15.0
214500,1192.0,15.0
214600,1185.0,15.0
214800,1171.0,15.0
214900,1166.0,15.0
215000,1173.0,16.0
215100,1163.0,16.0
215200,1154.0,16.0
215300,1163.0,16.0
215500,1206.0,16.0
215600,1216.0,16.0
215700,1216.0,16.0
215800,1197.0,16.0
215900,1176.0,16.0
216000,1156.0,16.0
216100,1145.0,16.0
216200,1061.0,16.0
216300,1024.0,15.0
216400,972.0,15.0
216500,909.0,15.0
216600,893.0,14.0
216700,904.0,14.0
216800,910.0,14.0
216900,935.0,13.0
217100,923.5,12.5
217200,896.0,12.0
217400,885.0,11.0
217500,852.0,11.0
217600,841.0,10.0
217700,804.0,10.0
217800,786.0,9.0
217900,763.0,8.0
218000,747.0,8.0
218100,743.0,7.0
218200,745.0,6.0
218300,746.0,6.0
218400,725.0,6.0
218500,699.0,6.0
218600,669.0,5.0
218700,651.0,5.0
218900,644.0,5.0
219000,658.0,5.0
219100,669.0,5.0
219200,725.0,5.0
219300,740.0,5.0
219400,956.0,5.0
219500,1039.0,5.0
219600,1262.0,5.0
219700,1482.0,6.0
219800,1543.0,6.0
220000,1593.0,7.0
220100,1584.0,7.0
220200,1564.0,8.0
220300,1553.0,8.0
220400,1536.0,9.0
220500,1509.0,9.0
220600,1489.0,9.0
220700,1445.0,10.0
220800,1378.0,10.0
221000,1304.0,10.0
221100,1275.0,10.0
221200,1227.0,10.0
221300,1184.0,10.0
221400,1164.0,10.0
221500,1164.0,10.0
221600,1163.0,10.0
221700,1177.0,11.0
221800,1182.0,11.0
221900,1193.0,11.0
222100,1208.0,11.0
222200,1222.0,11.0
222300,1226.0,11.0
222400,1230.0,11.0
222500,1239.0,11.0
222600,1238.0,12.0
222700,1232.0,12.0
222800,1226.0,12.0
222900,1220.0,12.0
223000,1207.0,12.0
223100,1183.0,12.0
223200,1171.0,12.0
223300,1136.0,12.0
223400,1097.0,12.0
223600,1054.5,12.0
223800,1009.0,12.0
223900,923.0,12.0
224000,906.0,12.0
224100,913.0,12.0
224200,909.0,12.0
224300,914.0,12.0
224400,900.0,12.0
224500,919.0,12.0
224600,926.0,12.0
224700,926.0,12.0
224800,898.0,12.0
224900,909.0,12.0
225000,903.0,12.0
225200,895.0,12.0
225300,895.0,11.0
225400,888.0,11.0
225500,876.0,11.0
225600,886.0,11.0
225700,878.0,11.0
225800,882.0,11.0
225900,875.0,11.0
226000,875.0,11.0
226100,874.0,11.0
226200,869.0,10.0
226300,869.0,10.0
226400,866.0,10.0
226500,860.0,10.0
226700,850.0,10.0
226800,849.0,10.0
226900,849.0,9.0
227000,848.0,9.0
227100,844.0,9.0
227200,839.0,9.0
227300,825.0,8.0
227400,821.0,8.0
227500,810.0,8.0
227600,809.0,8.0
227700,801.0,8.0
227800,793.0,7.0
227900,781.0,7.0
228000,777.0,7.0
228100,751.0,7.0
228200,742.0,6.0
228300,724.0,6.0
228400,710.0,6.0
228500,692.0,6.0
228600,680.0,6.0
228700,679.0,6.0
228800,686.0,6.0
228900,691.0,6.0
229000,704.0,6.0
229100,709.0,6.0
229300,715.0,6.0
229400,727.0,6.0
229500,750.0,6.0
229600,835.0,6.0
229700,957.0,6.0
229800,1102.0,6.0
230000,1230.0,6.0
230100,1456.0,7.0
230200,1528.0,7.0
230300,1615.0,8.0
230400,1632.0,8.0
230500,1629.0,9.0
230600,1616.0,9.0
230700,1613.0,10.0
230800,1611.0,10.0
230900,1616.0,11.0
231000,1622.0,11.0
231100,1634.0,12.0
231200,1626.0,12.0
231300,1576.0,12.0
231400,1564.0,13.0
231500,1546.0,13.0
231700,1515.0,14.0
231800,1456.0,14.0
231900,1336.0,14.0
232000,1276.0,15.0
232100,1263.0,15.0
232200,1218.0,15.0
232400,1200.0,15.0
232500,1173.0,15.0
232600,1162.0,15.0
232700,1114.0,15.0
232800,1043.0,15.0
232900,943.0,14.0
233000,968.0,14.0
233100,1013.0,14.0
233200,1117.0,14.0
233400,1181.0,14.0
233500,1196.0,14.0
233600,1209.0,14.0
233700,1198.0,14.0
233800,1187.0,14.0
233900,1155.0,14.0
234000,1135.0,14.0
234100,1124.0,14.0
234200,1102.0,14.0
234400,1081.0,14.0
234500,1054.0,14.0
234600,1037.0,14.0
234700,971.0,13.0
234800,933.0,13.0
234900,927.0,13.0
235000,916.0,13.0
235100,918.0,12.0
235200,914.0,12.0
235300,912.0,12.0
235400,908.0,12.0
235500,901.0,11.0
235700,888.0,11.0
235800,880.0,11.0
235900,866.0,10.0
236000,850.0,10.0
236100,829.0,10.0
236200,830.0,9.0
236300,815.0,9.0
236500,812.0,9.0
236600,803.0,9.0
236700,795.0,8.0
236800,793.0,8.0
237000,802.0,8.0
237100,808.0,8.0
237200,836.0,8.0
237300,872.0,8.0
237400,900.0,8.0
237500,889.0,7.0
237600,856.0,6.0
237700,795.0,5.0
237800,781.0,4.0
237900,720.0,3.0
238000,677.0,3.0
238100,618.0,2.0
238200,592.0,0.0
238300,587.0,0.0
238400,608.0,0.0
238600,670.0,0.0
238700,755.0,0.0
238800,784.0,0.0
238900,814.0,0.0
239000,823.0,0.0
239100,818.0,0.0
239200,796.0,0.0
239300,781.0,0.0
239400,751.0,0.0
239500,733.0,0.0
239600,727.0,0.0
239700,730.0,0.0
239800,733.0,0.0
239900,741.0,0.0
240000,748.0,0.0
240100,764.0,0.0
240200,770.0,0.0
240300,771.0,0.0
240500,775.0,0.0
240600,768.0,0.0
240700,766.0,0.0
240800,761.0,0.0
240900,762.0,0.0
241000,755.0,0.0
241100,755.0,0.0
241200,752.0,0.0
241400,752.0,0.0
241500,751.0,0.0
241600,748.0,0.0
241700,742.0,0.0
241800,741.0,0.0
241900,741.0,0.0
242000,742.0,0.0
242100,740.0,0.0
242200,734.0,0.0
242300,733.0,0.0
242400,725.0,0.0
242500,719.0,0.0
242700,719.0,0.0
242800,716.0,0.0
242900,711.0,0.0
243000,715.0,0.0
243100,710.0,0.0
243200,711.0,0.0
243300,708.0,0.0
243400,707.0,0.0
243500,711.0,0.0
243600,709.0,0.0
243700,712.0,0.0
243800,714.0,0.0
243900,707.0,0.0
244000,709.0,0.0
244100,706.0,0.0
244200,708.0,0.0
244300,705.0,0.0
244400,700.0,0.0
244500,700.0,0.0
244600,699.0,0.0
244700,697.0,0.0
244800,696.0,0.0
244900,695.0,0.0
245100,700.0,0.0
245200,701.0,0.0
245300,694.0,0.0
245400,696.0,0.0
245500,696.0,0.0
245600,699.0,0.0
245700,696.0,0.0
245900,696.0,0.0
246000,691.5,0.0
246100,691.0,0.0
246300,698.0,0.0
246400,697.0,0.0
246500,692.0,0.0
246600,692.0,0.0
246700,696.0,0.0
246800,691.0,0.0
247000,698.0,0.0
247100,694.0,0.0
247200,692.0,0.0
247300,698.0,0.0
247400,699.0,0.0
247500,721.0,0.0
247600,732.0,0.0
247700,781.0,0.0
247800,793.0,0.0
247900,817.0,0.0
248000,864.0,0.0
248200,1057.0,2.0
248300,1207.0,2.0
248400,1305.0,3.0
248500,1350.0,3.0
248600,1391.0,4.0
248700,1370.0,5.0
248800,1354.0,5.0
248900,1318.0,6.0
249000,1305.0,6.0
249100,1283.0,7.0
249200,1277.0,7.0
249300,1271.0,7.0
249400,1275.0,8.0
249600,1297.0,8.0
249700,1307.0,8.0
249800,1335.0,9.0
249900,1378.0,9.0
250000,1399.0,9.0
250100,1426.0,10.0
250200,1432.0,10.0
250300,1433.0,10.0
250400,1441.0,10.0
250500,1438.0,11.0
250600,1420.0,11.0
250800,1411.0,11.0
250900,1389.0,11.0
251000,1373.0,11.0
251100,1364.0,12.0
251200,1352.0,12.0
251300,1344.0,12.0
251400,1335.0,12.0
251500,1315.0,12.0
251700,1286.0,12.0
251800,1253.0,12.0
251900,1234.0,12.0
252000,1186.0,12.0
252100,1147.0,12.0
252300,1122.0,12.0
252400,1108.0,12.0
252500,1064.0,12.0
252600,1050.0,12.0
252700,1048.0,12.0
252900,1023.0,12.0
253000,989.0,12.0
253100,942.0,12.0
253200,928.0,12.0
253300,919.0,12.0
253400,914.0,12.0
253500,917.0,12.0
253600,916.0,12.0
253700,923.0,12.0
253800,905.0,12.0
253900,920.0,12.0
254000,917.0,12.0
254100,909.0,12.0
254200,906.0,12.0
254300,910.0,12.0
254500,896.0,12.0
254600,904.0,11.0
254700,908.0,11.0
254800,900.0,11.0
254900,890.0,11.0
255100,892.0,11.0
255200,880.0,11.0
255300,868.0,11.0
255400,868.0,10.0
255500,861.0,10.0
255600,862.0,10.0
255700,864.0,10.0
255800,864.0,10.0
256000,862.0,10.0
256100,857.0,10.0
256200,854.0,10.0
256300,857.0,10.0
256400,865.0,10.0
256500,866.0,10.0
256600,863.0,10.0
256700,865.0,10.0
256900,862.0,10.0
257000,863.0,10.0
257100,865.0,10.0
257200,862.0,10.0
257300,861.0,10.0
257400,869.0,10.0
257500,860.0,10.0
257600,858.0,10.0
257700,860.0,10.0
257800,860.0,10.0
257900,856.0,10.0
258000,862.0,10.0
258100,871.0,10.0
258200,879.0,10.0
258300,874.0,10.0
258400,867.0,10.0
258600,860.0,10.0
258700,865.0,10.0
258800,866.0,10.0
258900,868.0,10.0
259000,865.0,10.0
259100,867.0,10.0
259200,863.0,10.0
259400,864.0,10.0
259500,864.0,10.0
259600,866.0,10.0
259800,859.0,10.0
259900,863.0,10.0
260000,861.0,10.0
260100,855.0,10.0
260300,844.0,9.0
260400,840.0,9.0
260500,842.0,9.0
260600,840.0,9.0
260700,838.0,9.0
260800,821.0,9.0
260900,821.0,9.0
261100,823.0,9.0
261200,829.0,9.0
261300,822.0,9.0
261400,815.0,8.0
261500,817.0,8.0
261600,819.0,8.0
261700,811.0,8.0
261900,809.0,8.0
262000,804.0,8.0
262100,805.0,8.0
262200,794.0,8.0
262300,784.0,7.0
262400,779.0,7.0
262500,772.0,7.0
262700,763.0,7.0
262800,756.0,7.0
262900,751.0,7.0
263000,748.0,7.0
263100,745.0,7.0
263200,746.0,7.0
263300,745.0,7.0
263400,737.0,7.0
263500,729.0,7.0
263600,719.0,7.0
263700,708.0,7.0
263900,677.0,6.0
264000,672.0,6.0
264100,698.0,6.0
264200,707.0,6.0
264300,733.0,6.0
264400,746.0,6.0
264500,769.0,6.0
264600,777.0,6.0
264800,793.0,6.0
264900,795.0,6.0
265000,792.0,6.0
265100,788.0,6.0
265300,779.0,6.0
265400,775.0,6.0
265500,774.0,6.0
265600,773.0,6.0
265800,773.0,6.0
265900,757.0,5.0
266000,754.0,5.0
266100,731.0,5.0
266200,721.0,5.0
266300,701.0,5.0
266500,682.5,5.0
266700,698.0,5.0
266800,740.0,5.0
266900,787.0,5.0
267000,818.0,5.0
267100,843.0,4.0
267200,848.0,5.0
267400,833.0,5.0
267500,827.0,5.0
267600,822.0,5.0
267700,834.0,5.0
267800,839.0,5.0
267900,844.0,5.0
268000,841.0,5.0
268100,838.0,5.0
268200,838.0,5.0
268300,838.0,5.0
268400,835.0,5.0
268500,830.0,5.0
268600,832.0,5.0
268800,829.0,5.0
268900,833.0,5.0
269000,832.0,5.0
269100,831.0,5.0
269200,829.0,4.0
269300,828.0,4.0
269500,831.0,4.0
269600,830.0,4.0
269700,834.0,4.0
269800,833.0,4.0
269900,817.0,4.0
270000,811.0,4.0
270100,809.0,3.0
270200,805.0,3.0
270300,799.0,3.0
270400,789.0,3.0
270500,782.0,3.0
270600,788.0,3.0
270700,796.0,3.0
270800,844.0,3.0
270900,860.0,3.0
271000,874.0,2.0
271100,876.0,2.0
271200,851.0,2.0
271400,831.0,2.0
271500,803.0,0.0
271600,761.0,0.0
271700,718.0,0.0
271800,710.0,0.0
272000,734.0,0.0
272100,738.0,0.0
272200,753.0,0.0
272300,744.0,0.0
272400,746.0,0.0
272500,759.0,0.0
272600,785.0,0.0
272700,796.0,0.0
272800,828.0,0.0
272900,842.0,0.0
273000,846.0,0.0
273100,840.0,0.0
273200,837.0,0.0
273300,823.0,0.0
273400,798.0,0.0
273500,791.0,0.0
273600,767.0,0.0
273700,763.0,0.0
273800,730.0,0.0
274000,694.0,0.0
274100,755.0,0.0
274200,778.0,0.0
274300,846.0,0.0
274400,860.0,0.0
274500,855.0,0.0
274600,851.0,0.0
274700,854.0,0.0
274800,842.0,0.0
274900,830.0,0.0
275000,809.0,0.0
275100,812.0,0.0
275200,804.0,0.0
275300,808.0,0.0
275400,801.0,0.0
275500,802.0,0.0
275600,794.0,0.0
275700,790.0,0.0
275800,785.0,0.0
275900,774.0,0.0
276000,768.0,0.0
276100,762.0,0.0
276200,759.0,0.0
276300,766.0,0.0
276500,770.0,0.0
276600,777.0,0.0
276700,789.0,0.0
276800,796.0,0.0
277000,797.0,0.0
277100,789.0,0.0
277200,792.0,0.0
277300,798.0,0.0
277400,795.0,0.0
277500,791.0,0.0
277600,800.0,0.0
277700,791.0,0.0
277800,784.0,0.0
277900,785.0,0.0
278000,791.0,0.0
278200,772.0,0.0
278300,767.0,0.0
278400,774.0,0.0
278500,759.0,0.0
278600,753.0,0.0
278700,759.0,0.0
278800,764.0,0.0
278900,762.0,0.0
279000,750.0,0.0
279100,744.0,0.0
279200,736.0,0.0
279300,729.0,0.0
279500,722.0,0.0
279600,727.0,0.0
279700,731.0,0.0
279800,740.0,0.0
279900,743.0,0.0
