timestamp,RPM,Speed
0.0,1692.0,0.0
400.0,1693.0,0.0
700.0,1693.0,0.0
900.0,1693.5,0.0
1100.0,1693.4,0.0
1200.0,1693.0,0.0
1300.0,1692.142857142857,0.0
1500.0,1692.25,0.0
1600.0,1692.111111111111,0.0
1700.0,1691.7,0.0
1800.0,1691.090909090909,0.0
1900.0,1690.25,0.0
2000.0,1690.3076923076924,0.0
2100.0,1689.357142857143,0.0
2200.0,1688.4666666666667,0.0
2400.0,1687.0,0.0
2500.0,1687.0,0.0
2600.0,1686.85,0.0
2800.0,1687.0434782608695,0.0
3000.0,1686.8846153846155,0.0
3200.0,1687.8275862068965,0.0
3400.0,1688.40625,0.0
3800.0,1689.5384615384614,0.0
4200.0,1687.2391304347825,0.0
4600.0,1684.2264150943397,0.0
5100.0,1681.774193548387,0.0
5500.0,1662.0942028985507,0.0
5900.0,1602.9013157894738,0.0
6300.0,1538.3313253012047,0.0
6800.0,1466.766304347826,0.10869565217391304
7400.0,1405.575,0.32
7500.0,1396.825,0.35
7600.0,1388.055,0.38
7700.0,1379.145,0.41
7800.0,1370.375,0.44
8000.0,1361.765,0.47
8100.0,1353.095,0.5
8200.0,1344.415,0.54
8300.0,1335.865,0.58
8400.0,1327.375,0.62
8500.0,1319.025,0.66
8600.0,1310.725,0.7
8700.0,1302.325,0.74
8900.0,1294.055,0.78
9000.0,1285.855,0.82
9100.0,1277.595,0.86
9200.0,1269.255,0.9
9300.0,1260.945,0.94
9400.0,1252.545,0.98
9500.0,1244.035,1.02
9600.0,1235.535,1.06
9700.0,1226.955,1.1
9800.0,1218.395,1.15
10000.0,1209.905,1.2
10100.0,1201.495,1.25
10200.0,1192.975,1.3
10300.0,1184.425,1.35
10400.0,1175.795,1.4
10500.0,1167.205,1.45
10600.0,1158.535,1.49
10700.0,1149.785,1.53
10800.0,1140.955,1.57
10900.0,1132.235,1.61
11100.0,1123.645,1.65
11200.0,1115.005,1.69
11300.0,1106.415,1.74
11400.0,1097.855,1.79
11500.0,1089.485,1.84
11600.0,1081.345,1.89
11700.0,1073.735,1.94
11800.0,1066.465,1.99
11900.0,1059.555,2.04
12000.0,1052.745,2.09
12200.0,1046.375,2.14
12300.0,1040.835,2.19
12400.0,1036.305,2.25
12500.0,1032.185,2.31
12600.0,1029.175,2.37
12700.0,1026.685,2.43
12800.0,1024.995,2.5
12900.0,1023.575,2.57
13000.0,1022.655,2.65
13100.0,1022.095,2.73
13300.0,1021.625,2.82
13400.0,1021.445,2.91
13500.0,1021.585,3.01
13600.0,1022.365,3.11
13700.0,1023.385,3.22
13800.0,1024.035,3.33
13900.0,1024.255,3.45
14000.0,1023.795,3.58
14100.0,1023.095,3.71
14200.0,1022.135,3.85
14400.0,1021.74,3.99
14500.0,1021.88,4.14
14600.0,1022.69,4.29
14700.0,1024.17,4.45
14800.0,1025.92,4.61
14900.0,1028.53,4.78
15000.0,1031.77,4.96
15100.0,1034.85,5.14
15200.0,1038.33,5.33
15300.0,1042.16,5.52
15400.0,1046.38,5.71
15500.0,1051.36,5.91
15700.0,1056.67,6.12
15800.0,1061.95,6.33
15900.0,1067.15,6.55
16000.0,1072.37,6.76
16100.0,1077.52,6.98
16200.0,1082.78,7.21
16300.0,1087.84,7.44
16400.0,1092.79,7.67
16500.0,1097.64,7.91
16600.0,1102.5,8.15
16700.0,1107.43,8.39
16800.0,1112.38,8.62
17000.0,1117.44,8.85
17100.0,1122.6,9.07
17200.0,1127.71,9.29
17300.0,1131.9,9.51
17400.0,1135.69,9.73
17500.0,1138.78,9.95
17600.0,1142.45,10.17
17700.0,1146.43,10.39
17800.0,1150.84,10.61
17900.0,1155.35,10.83
18000.0,1159.77,11.04
18200.0,1163.65,11.25
18300.0,1167.38,11.46
18400.0,1170.69,11.67
18500.0,1173.65,11.88
18600.0,1176.69,12.09
18700.0,1179.76,12.3
18800.0,1182.56,12.51
18900.0,1185.32,12.71
19000.0,1188.56,12.91
19100.0,1191.84,13.1
19300.0,1195.02,13.29
19400.0,1198.16,13.48
19500.0,1201.18,13.66
19600.0,1204.16,13.84
19700.0,1207.08,14.02
19800.0,1209.98,14.2
19900.0,1212.77,14.37
20000.0,1215.57,14.54
20100.0,1218.4,14.71
20200.0,1221.27,14.87
20300.0,1224.04,15.03
20500.0,1226.84,15.19
20600.0,1229.71,15.34
20700.0,1232.56,15.49
20800.0,1235.35,15.63
20900.0,1238.15,15.76
21000.0,1240.83,15.89
21100.0,1243.48,16.02
21200.0,1246.19,16.14
21300.0,1248.98,16.26
21400.0,1251.49,16.38
21500.0,1254.15,16.5
21600.0,1257.0,16.62
21800.0,1260.04,16.74
21900.0,1262.91,16.86
22000.0,1265.75,16.97
22100.0,1268.66,17.08
22200.0,1271.58,17.18
22300.0,1274.32,17.28
22400.0,1276.61,17.38
22500.0,1278.62,17.48
22600.0,1280.14,17.57
22700.0,1281.35,17.66
22800.0,1282.3,17.75
23000.0,1283.11,17.84
23100.0,1284.22,17.93
23200.0,1285.38,18.02
23300.0,1286.14,18.1
23400.0,1286.55,18.18
23500.0,1285.88,18.26
23600.0,1284.53,18.34
23700.0,1282.41,18.41
23800.0,1280.13,18.48
23900.0,1277.44,18.54
24000.0,1274.93,18.6
24200.0,1272.98,18.65
24300.0,1271.15,18.71
24400.0,1269.23,18.76
24500.0,1266.84,18.81
24600.0,1264.12,18.85
24700.0,1261.79,18.9
24800.0,1259.86,18.94
24900.0,1258.51,18.97
25000.0,1257.24,19.01
25200.0,1255.99,19.04
25300.0,1254.42,19.07
25400.0,1252.38,19.095
25500.0,1249.81,19.125
25600.0,1246.67,19.145
25700.0,1243.65,19.165
25800.0,1240.42,19.175
25900.0,1237.62,19.175
26000.0,1235.8,19.175
26200.0,1234.33,19.165
26300.0,1233.05,19.155
26400.0,1231.58,19.145
26500.0,1230.17,19.125
26600.0,1228.54,19.095
26700.0,1226.91,19.065
26800.0,1225.16,19.025
26900.0,1223.09,18.995
27000.0,1220.95,18.955
27200.0,1218.36,18.895
27300.0,1215.99,18.835
27400.0,1213.55,18.775
27500.0,1211.25,18.705
27600.0,1208.83,18.635
27700.0,1206.56,18.555
27800.0,1204.03,18.475
27900.0,1201.49,18.395
28000.0,1198.83,18.305
28200.0,1196.02,18.215
28300.0,1194.25,18.115
28400.0,1192.74,18.015
28500.0,1192.06,17.915
28600.0,1190.64,17.805
28700.0,1188.7,17.695
28800.0,1186.21,17.585
28900.0,1183.74,17.475
29000.0,1181.45,17.365
29100.0,1179.32,17.255
29300.0,1178.68,17.145
29400.0,1180.05,17.035
29500.0,1183.18,16.925
29600.0,1186.68,16.815
29700.0,1190.83,16.705
29800.0,1195.98,16.605
29900.0,1201.64,16.515
30000.0,1206.95,16.435
30100.0,1212.01,16.355
30200.0,1216.79,16.275
30400.0,1221.55,16.195
30500.0,1226.31,16.135
30600.0,1231.13,16.075
30700.0,1236.02,16.025
30800.0,1240.92,15.975
30900.0,1245.78,15.945
31000.0,1250.56,15.915
31100.0,1255.13,15.895
31200.0,1259.23,15.885
31400.0,1263.11,15.875
31500.0,1266.55,15.875
31600.0,1269.35,15.885
31700.0,1271.84,15.905
31800.0,1273.79,15.925
31900.0,1275.53,15.955
32000.0,1277.25,15.985
32100.0,1278.82,16.025
32200.0,1280.63,16.075
32300.0,1282.96,16.125
32500.0,1285.81,16.175
32600.0,1288.85,16.225
32700.0,1291.67,16.275
32800.0,1294.08,16.335
32900.0,1296.17,16.385
33000.0,1297.56,16.445
33100.0,1298.29,16.505
33200.0,1298.63,16.565
33300.0,1298.03,16.615
33400.0,1297.48,16.665
33600.0,1297.13,16.715
33700.0,1297.47,16.765
33800.0,1298.17,16.805
33900.0,1298.83,16.845
34000.0,1299.27,16.875
34100.0,1298.48,16.905
34200.0,1296.54,16.925
34300.0,1293.43,16.935
34400.0,1290.01,16.935
34500.0,1286.69,16.935
34700.0,1283.59,16.925
34800.0,1280.68,16.905
34900.0,1277.67,16.875
35000.0,1274.47,16.835
35100.0,1270.44,16.795
35200.0,1265.46,16.745
35300.0,1259.61,16.685
35400.0,1253.16,16.615
35500.0,1246.7,16.535
35600.0,1240.28,16.445
35700.0,1233.65,16.345
35800.0,1226.99,16.235
36000.0,1220.24,16.125
36100.0,1213.41,15.995
36200.0,1206.8,15.865
36300.0,1200.44,15.725
36400.0,1194.43,15.58
36500.0,1188.94,15.42
36600.0,1184.15,15.26
36700.0,1179.3,15.1
36800.0,1174.83,14.94
36900.0,1170.22,14.76
37000.0,1165.13,14.58
37100.0,1159.82,14.4
37200.0,1154.54,14.22
37400.0,1149.5,14.04
37500.0,1144.45,13.86
37600.0,1139.74,13.68
37700.0,1135.26,13.5
37800.0,1131.14,13.32
37900.0,1127.38,13.14
38000.0,1123.78,12.96
38100.0,1120.64,12.79
38200.0,1117.44,12.62
38300.0,1114.46,12.45
38400.0,1111.78,12.28
38500.0,1109.27,12.11
38600.0,1106.57,11.95
38800.0,1104.05,11.79
38900.0,1101.35,11.63
39000.0,1098.7,11.48
39100.0,1096.08,11.33
39200.0,1093.33,11.19
39300.0,1090.68,11.05
39400.0,1088.08,10.91
39500.0,1085.6,10.78
39600.0,1083.24,10.65
39700.0,1081.01,10.52
39800.0,1078.68,10.39
39900.0,1076.27,10.26
40100.0,1074.19,10.13
40200.0,1070.67,10.0
40300.0,1065.48,9.87
40400.0,1059.06,9.74
40500.0,1052.19,9.61
40600.0,1044.72,9.48
40700.0,1036.47,9.34
40800.0,1027.49,9.2
40900.0,1018.5,9.05
41000.0,1009.71,8.9
41200.0,1001.21,8.75
41300.0,992.66,8.6
41400.0,984.12,8.44
41500.0,975.58,8.28
41600.0,967.08,8.11
41700.0,958.6,7.94
41800.0,950.27,7.76
41900.0,942.01,7.58
42000.0,933.76,7.39
42100.0,925.9,7.2
42300.0,918.44,7.01
42400.0,911.6,6.81
42500.0,905.35,6.61
42600.0,899.39,6.4
42700.0,894.05,6.19
42800.0,888.84,5.98
42900.0,883.76,5.77
43000.0,879.03,5.55
43100.0,873.94,5.33
43200.0,868.24,5.11
43400.0,862.26,4.89
43500.0,855.99,4.68
43600.0,849.87,4.47
43700.0,844.01,4.25
43800.0,838.54,4.04
43900.0,833.62,3.83
44000.0,829.35,3.62
44100.0,825.6,3.41
44200.0,823.06,3.21
44400.0,820.79,3.01
44500.0,818.42,2.82
44600.0,815.39,2.65
44700.0,811.94,2.49
44800.0,808.58,2.33
44900.0,805.29,2.18
45000.0,802.41,2.04
45100.0,799.84,1.91
45300.0,797.89,1.79
45400.0,796.14,1.68
45500.0,794.29,1.57
45600.0,792.46,1.47
45700.0,790.75,1.39
45800.0,792.32,1.32
45900.0,797.09,1.27
46000.0,803.82,1.23
46100.0,811.82,1.21
46300.0,820.42,1.19
46400.0,829.66,1.19
46500.0,839.0,1.21
46600.0,848.54,1.25
46700.0,858.45,1.3
46800.0,868.55,1.37
46900.0,878.59,1.44
47000.0,888.64,1.53
47200.0,898.05,1.63
47300.0,907.14,1.75
47400.0,916.02,1.87
47500.0,924.87,2.01
47600.0,933.63,2.15
47700.0,942.23,2.3
47800.0,950.66,2.46
47900.0,958.84,2.64
48100.0,966.56,2.83
48200.0,974.13,3.02
48300.0,981.27,3.22
48400.0,987.99,3.42
48500.0,994.49,3.63
48600.0,1000.76,3.84
48700.0,1007.03,4.06
48900.0,1013.23,4.28
49000.0,1019.75,4.5
49100.0,1026.39,4.73
49200.0,1033.29,4.96
49300.0,1040.37,5.2
49400.0,1047.52,5.44
49500.0,1054.66,5.69
49600.0,1061.99,5.94
49800.0,1069.39,6.19
49900.0,1076.83,6.45
50000.0,1084.54,6.71
50100.0,1092.28,6.98
50200.0,1100.35,7.26
50300.0,1108.54,7.54
50400.0,1116.64,7.82
50500.0,1124.89,8.11
50700.0,1133.13,8.41
50800.0,1141.37,8.71
50900.0,1149.44,9.01
51000.0,1157.36,9.32
51100.0,1165.19,9.63
51200.0,1172.87,9.95
51300.0,1180.41,10.27
51400.0,1187.77,10.59
51500.0,1194.9,10.92
51600.0,1201.82,11.25
51800.0,1208.5,11.58
51900.0,1215.07,11.92
52000.0,1221.45,12.26
52100.0,1227.42,12.6
52200.0,1232.97,12.94
52300.0,1238.21,13.28
52400.0,1243.03,13.62
52500.0,1247.76,13.97
52600.0,1252.16,14.31
52700.0,1256.51,14.65
52900.0,1260.62,14.99
53000.0,1264.7,15.33
53100.0,1268.74,15.67
53200.0,1272.93,16.01
53300.0,1277.09,16.35
53400.0,1281.05,16.7
53500.0,1284.93,17.05
53600.0,1288.69,17.4
53700.0,1292.56,17.75
53800.0,1296.37,18.1
54000.0,1300.16,18.45
54100.0,1303.81,18.8
54200.0,1307.46,19.15
54300.0,1311.26,19.5
54400.0,1315.3,19.85
54500.0,1319.35,20.2
54600.0,1323.72,20.55
54700.0,1328.13,20.9
54800.0,1332.38,21.25
54900.0,1336.84,21.6
55100.0,1341.03,21.95
55200.0,1346.08,22.3
55300.0,1350.65,22.65
55400.0,1354.55,22.99
55500.0,1358.67,23.33
55600.0,1362.71,23.66
55700.0,1366.57,23.98
55800.0,1370.24,24.3
55900.0,1373.94,24.62
56000.0,1377.66,24.94
56200.0,1381.44,25.25
56300.0,1385.08,25.56
56400.0,1388.71,25.87
56500.0,1392.32,26.19
56600.0,1395.94,26.51
56700.0,1399.49,26.82
56800.0,1402.73,27.13
56900.0,1402.75,27.44
57000.0,1399.74,27.74
57200.0,1395.03,28.03
57300.0,1389.33,28.31
57400.0,1383.34,28.59
57500.0,1377.13,28.86
57600.0,1370.81,29.12
57700.0,1364.28,29.37
57800.0,1357.53,29.61
57900.0,1350.66,29.84
58000.0,1343.96,30.07
58200.0,1337.58,30.29
58300.0,1331.75,30.5
58400.0,1326.31,30.7
58500.0,1321.47,30.9
58600.0,1316.83,31.09
58700.0,1312.37,31.28
58800.0,1308.59,31.46
58900.0,1305.02,31.63
59100.0,1301.37,31.8
59200.0,1298.37,31.96
59300.0,1295.61,32.11
59400.0,1293.07,32.25
59500.0,1290.93,32.39
59600.0,1289.01,32.52
59700.0,1287.4,32.65
59800.0,1285.89,32.77
59900.0,1284.23,32.88
60100.0,1282.18,32.99
60200.0,1280.0,33.09
60300.0,1277.38,33.19
60400.0,1274.7,33.27
60500.0,1271.95,33.35
60600.0,1269.16,33.42
60700.0,1266.24,33.49
60800.0,1263.09,33.55
61000.0,1260.02,33.6
61100.0,1256.67,33.65
61200.0,1253.45,33.69
61300.0,1249.96,33.71
61400.0,1246.46,33.73
61500.0,1243.08,33.75
61600.0,1239.83,33.76
61700.0,1236.23,33.76
61800.0,1232.64,33.76
62000.0,1229.15,33.76
62100.0,1225.64,33.75
62200.0,1222.25,33.74
62300.0,1218.96,33.72
62400.0,1216.03,33.7
62500.0,1213.46,33.69
62600.0,1211.25,33.67
62700.0,1209.2,33.65
62900.0,1207.69,33.63
63000.0,1206.2,33.6
63100.0,1205.24,33.58
63200.0,1204.74,33.56
63300.0,1204.87,33.54
63400.0,1205.37,33.53
63500.0,1206.52,33.52
63600.0,1207.83,33.5
63800.0,1209.67,33.5
63900.0,1211.74,33.5
64000.0,1214.08,33.5
64100.0,1216.4,33.5
64200.0,1218.86,33.51
64300.0,1221.545,33.525
64400.0,1224.345,33.545
64600.0,1227.355,33.555
64700.0,1230.535,33.565
64800.0,1233.865,33.585
64900.0,1237.345,33.605
65000.0,1241.085,33.625
65100.0,1244.895,33.655
65200.0,1248.935,33.685
65400.0,1252.945,33.715
65500.0,1257.015,33.755
65600.0,1260.905,33.795
65700.0,1264.895,33.835
65800.0,1268.655,33.885
65900.0,1272.415,33.935
66000.0,1276.445,33.995
66100.0,1280.205,34.055
66300.0,1284.335,34.115
66400.0,1287.515,34.185
66500.0,1291.045,34.255
66600.0,1294.935,34.335
66700.0,1298.615,34.425
66800.0,1302.345,34.515
66900.0,1306.265,34.605
67000.0,1310.415,34.705
67200.0,1314.575,34.805
67300.0,1318.855,34.905
67400.0,1323.085,35.015
67500.0,1327.445,35.125
67600.0,1331.835,35.235
67700.0,1336.155,35.345
67800.0,1340.445,35.455
67900.0,1344.685,35.585
68100.0,1348.845,35.705
68200.0,1352.905,35.825
68300.0,1356.925,35.945
68400.0,1360.945,36.075
68500.0,1364.855,36.205
68600.0,1368.675,36.335
68700.0,1372.495,36.465
68800.0,1376.265,36.605
69000.0,1380.025,36.745
69100.0,1383.825,36.885
69200.0,1387.565,37.035
69300.0,1391.405,37.185
69400.0,1395.36,37.335
69500.0,1399.5,37.495
69600.0,1403.76,37.655
69700.0,1407.68,37.815
69900.0,1411.58,37.975
70000.0,1415.33,38.145
70100.0,1418.86,38.315
70200.0,1422.34,38.485
70300.0,1426.23,38.655
70400.0,1429.97,38.835
70500.0,1433.66,39.025
70600.0,1437.48,39.215
70800.0,1441.33,39.415
70900.0,1445.23,39.615
71000.0,1449.02,39.815
71100.0,1452.52,40.015
71200.0,1456.1,40.225
71300.0,1459.66,40.445
71400.0,1463.27,40.665
71500.0,1467.07,40.885
71700.0,1470.79,41.115
71800.0,1474.44,41.355
71900.0,1478.11,41.595
72000.0,1481.65,41.835
72100.0,1485.34,42.085
72200.0,1488.83,42.345
72300.0,1492.43,42.605
72400.0,1495.88,42.865
72600.0,1499.45,43.135
72700.0,1502.86,43.415
72800.0,1506.09,43.695
72900.0,1508.89,43.975
73000.0,1511.95,44.255
73100.0,1514.81,44.535
73200.0,1517.58,44.815
73400.0,1520.25,45.105
73500.0,1522.82,45.395
73600.0,1525.31,45.685
73700.0,1527.52,45.975
73800.0,1529.59,46.255
73900.0,1531.34,46.535
74000.0,1533.16,46.815
74100.0,1534.72,47.095
74200.0,1536.34,47.385
74400.0,1537.8,47.665
74500.0,1539.23,47.945
74600.0,1540.37,48.225
74700.0,1541.5,48.495
74800.0,1542.55,48.765
74900.0,1543.49,49.035
75000.0,1544.27,49.295
75100.0,1544.86,49.555
75300.0,1545.48,49.825
75400.0,1546.09,50.095
75500.0,1546.66,50.355
75600.0,1547.135,50.61
75700.0,1547.575,50.86
75800.0,1547.935,51.11
75900.0,1548.145,51.36
76000.0,1548.345,51.6
76100.0,1548.375,51.85
76200.0,1548.175,52.1
76400.0,1548.065,52.34
76500.0,1547.765,52.58
76600.0,1547.465,52.82
76700.0,1547.015,53.05
76800.0,1546.505,53.28
76900.0,1545.805,53.51
77000.0,1544.995,53.73
77100.0,1544.185,53.95
77200.0,1543.195,54.17
77300.0,1542.355,54.39
77500.0,1541.495,54.61
77600.0,1540.575,54.82
77700.0,1539.785,55.03
77800.0,1539.125,55.24
77900.0,1538.405,55.44
78000.0,1537.695,55.64
78100.0,1537.025,55.84
78200.0,1536.315,56.03
78300.0,1535.655,56.22
78400.0,1535.095,56.42
78600.0,1534.485,56.61
78700.0,1533.995,56.8
78800.0,1533.335,56.99
78900.0,1532.575,57.17
79000.0,1531.475,57.35
79100.0,1530.125,57.52
79200.0,1528.775,57.69
79300.0,1527.255,57.86
79400.0,1525.475,58.03
79600.0,1523.625,58.19
79700.0,1521.695,58.35
79800.0,1519.775,58.51
79900.0,1517.775,58.67
80000.0,1515.815,58.82
80100.0,1513.775,58.97
80200.0,1511.795,59.12
80300.0,1509.855,59.26
80400.0,1507.825,59.4
80600.0,1505.61,59.54
80700.0,1503.36,59.67
80800.0,1500.9,59.8
80900.0,1498.4,59.93
81000.0,1495.82,60.06
81100.0,1493.26,60.18
81200.0,1490.54,60.3
81300.0,1487.91,60.42
81400.0,1485.22,60.54
81500.0,1482.56,60.65
81600.0,1479.87,60.75
81700.0,1477.17,60.85
81900.0,1474.52,60.95
82000.0,1471.86,61.04
82100.0,1469.2,61.14
82200.0,1466.58,61.23
82300.0,1463.94,61.32
82400.0,1461.4,61.4
82500.0,1458.85,61.48
82600.0,1456.24,61.57
82700.0,1453.78,61.66
82800.0,1451.33,61.74
82900.0,1448.77,61.82
83100.0,1446.33,61.9
83200.0,1443.83,61.98
83300.0,1441.37,62.05
83400.0,1438.8,62.12
83500.0,1436.26,62.19
83600.0,1433.71,62.26
83700.0,1431.25,62.32
83800.0,1428.86,62.38
83900.0,1426.65,62.44
84000.0,1424.57,62.5
84100.0,1422.66,62.56
84300.0,1420.9,62.62
84400.0,1419.43,62.67
84500.0,1418.03,62.72
84600.0,1416.68,62.77
84700.0,1415.53,62.82
84800.0,1414.42,62.87
84900.0,1413.4,62.92
85000.0,1412.38,62.97
85100.0,1411.38,63.02
85200.0,1410.36,63.06
85300.0,1409.27,63.1
85400.0,1408.14,63.14
85600.0,1407.07,63.18
85700.0,1405.95,63.22
85800.0,1404.79,63.26
85900.0,1403.69,63.3
86000.0,1402.51,63.34
86100.0,1401.3,63.38
86200.0,1400.05,63.42
86300.0,1398.8,63.45
86400.0,1397.55,63.48
86500.0,1396.23,63.52
86700.0,1394.91,63.56
86800.0,1393.62,63.6
86900.0,1392.35,63.64
87000.0,1390.97,63.68
87100.0,1389.62,63.71
87200.0,1388.26,63.74
87300.0,1386.77,63.77
87400.0,1385.33,63.8
87500.0,1383.89,63.83
87600.0,1382.4,63.86
87700.0,1381.02,63.89
87900.0,1379.64,63.92
88000.0,1378.4,63.95
88100.0,1377.05,63.98
88200.0,1375.78,64.0
88300.0,1374.5,64.02
88400.0,1373.14,64.04
88500.0,1371.92,64.06
88600.0,1370.61,64.08
88700.0,1369.34,64.1
88800.0,1368.06,64.12
89000.0,1366.74,64.15
89100.0,1365.36,64.18
89200.0,1364.05,64.21
89300.0,1362.66,64.24
89400.0,1361.19,64.26
89500.0,1359.77,64.28
89600.0,1358.31,64.3
89700.0,1356.95,64.32
89800.0,1355.8,64.34
89900.0,1355.02,64.36
90100.0,1354.54,64.38
90200.0,1354.23,64.4
90300.0,1354.1,64.42
90400.0,1354.25,64.44
90500.0,1354.53,64.47
90600.0,1355.05,64.5
90700.0,1355.74,64.53
90800.0,1356.63,64.56
90900.0,1357.76,64.59
91000.0,1359.21,64.62
91100.0,1360.81,64.65
91300.0,1362.53,64.68
91400.0,1364.37,64.71
91500.0,1366.34,64.75
91600.0,1368.35,64.79
91700.0,1370.4,64.83
91800.0,1372.53,64.87
91900.0,1374.67,64.91
92000.0,1376.82,64.95
92100.0,1379.01,64.99
92200.0,1381.2,65.03
92300.0,1383.52,65.08
92500.0,1385.78,65.13
92600.0,1388.09,65.19
92700.0,1390.46,65.25
92800.0,1392.84,65.3
92900.0,1395.27,65.36
93000.0,1397.68,65.41
93100.0,1400.17,65.47
93200.0,1402.63,65.54
93300.0,1405.13,65.61
93400.0,1407.67,65.68
93500.0,1410.25,65.74
93700.0,1412.65,65.8
93800.0,1415.07,65.86
93900.0,1417.42,65.92
94000.0,1419.59,65.98
94100.0,1421.74,66.04
94200.0,1423.76,66.11
94300.0,1425.68,66.18
94400.0,1427.31,66.25
94500.0,1428.87,66.32
94600.0,1430.2,66.39
94700.0,1431.35,66.46
94900.0,1432.34,66.53
95000.0,1433.18,66.6
95100.0,1433.96,66.67
95200.0,1434.59,66.74
95300.0,1435.1,66.81
95400.0,1435.55,66.88
95500.0,1435.97,66.95
95600.0,1436.34,67.02
95700.0,1436.64,67.09
95800.0,1436.96,67.16
95900.0,1437.27,67.23
96000.0,1437.55,67.3
96200.0,1437.84,67.37
96300.0,1438.12,67.44
96400.0,1438.41,67.51
96500.0,1438.72,67.58
96600.0,1438.99,67.65
96700.0,1439.2,67.72
96800.0,1439.39,67.79
96900.0,1439.59,67.86
97000.0,1439.79,67.93
97100.0,1439.96,67.99
97200.0,1440.15,68.06
97400.0,1440.31,68.13
97500.0,1440.38,68.19
97600.0,1440.47,68.25
97700.0,1440.59,68.3
97800.0,1440.67,68.35
97900.0,1440.73,68.4
98000.0,1440.79,68.45
98100.0,1440.87,68.5
98200.0,1440.97,68.55
98300.0,1441.04,68.6
98400.0,1441.14,68.65
98600.0,1441.25,68.7
98700.0,1441.21,68.75
98800.0,1441.26,68.8
98900.0,1441.19,68.85
99000.0,1441.21,68.9
99100.0,1441.13,68.95
99200.0,1440.93,69.0
99300.0,1440.76,69.05
99400.0,1440.56,69.1
99500.0,1440.32,69.15
99700.0,1439.98,69.2
99800.0,1439.68,69.25
99900.0,1439.4,69.29
100000.0,1439.1,69.32
100100.0,1438.86,69.35
100200.0,1438.63,69.38
100300.0,1438.45,69.41
100400.0,1438.25,69.44
100500.0,1438.05,69.47
100600.0,1437.87,69.5
100800.0,1437.71,69.53
100900.0,1437.5,69.56
101000.0,1437.31,69.59
101100.0,1437.05,69.62
101200.0,1436.87,69.65
101300.0,1436.66,69.68
101400.0,1436.43,69.7
101500.0,1436.11,69.72
101600.0,1435.73,69.74
101700.0,1435.22,69.75
101900.0,1434.49,69.76
102000.0,1433.52,69.78
102100.0,1432.36,69.8
102200.0,1431.08,69.82
102300.0,1429.75,69.83
102400.0,1428.24,69.83
102500.0,1426.65,69.83
102600.0,1425.08,69.83
102700.0,1423.36,69.83
102800.0,1421.54,69.83
103000.0,1419.66,69.83
103100.0,1417.81,69.83
103200.0,1415.79,69.83
103300.0,1413.92,69.82
103400.0,1411.92,69.81
103500.0,1410.04,69.79
103600.0,1408.07,69.77
103700.0,1406.04,69.75
103800.0,1404.07,69.73
103900.0,1402.02,69.71
104100.0,1400.07,69.69
104200.0,1398.06,69.65
104300.0,1396.05,69.61
104400.0,1393.96,69.57
104500.0,1391.82,69.53
104600.0,1389.76,69.49
104700.0,1387.72,69.45
104800.0,1385.79,69.41
105000.0,1383.98,69.37
105100.0,1382.2,69.33
105200.0,1380.58,69.28
105300.0,1379.15,69.23
105400.0,1377.96,69.18
105500.0,1376.88,69.13
105600.0,1375.98,69.08
105700.0,1375.27,69.03
105800.0,1374.74,68.98
106000.0,1374.39,68.93
106100.0,1374.1,68.88
106200.0,1373.86,68.83
106300.0,1373.7,68.78
106400.0,1373.6,68.73
106500.0,1373.6,68.68
106600.0,1373.56,68.63
106700.0,1373.51,68.58
106800.0,1373.4,68.53
107000.0,1373.36,68.48
107100.0,1373.33,68.43
107200.0,1373.29,68.38
107300.0,1373.22,68.33
107400.0,1373.15,68.28
107500.0,1373.08,68.23
107600.0,1372.97,68.18
107700.0,1372.89,68.13
107900.0,1372.83,68.08
108000.0,1372.75,68.03
108100.0,1372.65,67.98
108200.0,1372.61,67.93
108300.0,1372.55,67.88
108400.0,1372.47,67.83
108500.0,1372.47,67.78
108600.0,1372.46,67.73
108700.0,1372.38,67.69
108900.0,1372.32,67.65
109000.0,1372.29,67.61
109100.0,1372.21,67.57
109200.0,1372.12,67.53
109300.0,1372.02,67.49
109400.0,1371.97,67.45
109500.0,1371.86,67.41
109600.0,1371.77,67.37
109700.0,1371.72,67.33
109900.0,1371.64,67.29
110000.0,1371.67,67.25
110100.0,1371.69,67.21
110200.0,1371.77,67.17
110300.0,1371.92,67.13
110400.0,1372.17,67.09
110500.0,1372.28,67.05
110600.0,1372.43,67.01
110700.0,1372.65,66.97
110900.0,1372.85,66.93
111000.0,1373.05,66.89
111100.0,1373.29,66.86
111200.0,1373.53,66.83
111300.0,1373.77,66.8
111400.0,1373.95,66.77
111500.0,1374.2,66.74
111600.0,1374.45,66.71
111700.0,1374.76,66.68
111900.0,1375.0,66.65
112000.0,1375.26,66.62
112100.0,1375.54,66.59
112200.0,1375.82,66.56
112300.0,1376.02,66.53
112400.0,1376.19,66.5
112500.0,1376.36,66.47
112600.0,1376.47,66.44
112800.0,1376.58,66.41
112900.0,1376.67,66.39
113000.0,1376.71,66.36
113100.0,1376.74,66.33
113200.0,1376.8,66.3
113300.0,1376.75,66.26
113400.0,1376.72,66.23
113500.0,1376.6,66.2
113600.0,1376.59,66.17
113800.0,1376.51,66.14
113900.0,1376.56,66.11
114000.0,1376.66,66.08
114100.0,1376.79,66.05
114200.0,1376.91,66.02
114300.0,1377.16,65.99
114400.0,1377.13,65.96
114600.0,1377.25,65.93
114700.0,1377.25,65.91
114800.0,1377.3,65.88
114900.0,1377.36,65.85
115000.0,1377.31,65.82
115100.0,1377.3,65.79
115200.0,1377.12,65.76
115300.0,1377.01,65.74
115500.0,1376.81,65.72
115600.0,1376.61,65.7
115700.0,1376.37,65.68
115800.0,1376.15,65.66
115900.0,1375.87,65.64
116000.0,1375.59,65.62
116100.0,1375.33,65.59
116200.0,1374.93,65.56
116400.0,1374.52,65.54
116500.0,1374.03,65.51
116600.0,1373.62,65.48
116700.0,1373.02,65.45
116800.0,1372.5,65.42
116900.0,1371.96,65.38
117000.0,1371.43,65.34
117200.0,1370.54,65.3
117300.0,1369.8,65.26
117400.0,1369.17,65.21
117500.0,1368.54,65.16
117600.0,1367.83,65.11
117700.0,1366.98,65.05
117900.0,1366.07,64.99
118000.0,1365.12,64.92
118100.0,1364.09,64.85
118200.0,1362.9,64.77
118300.0,1361.68,64.69
118400.0,1360.34,64.6
118600.0,1359.02,64.51
118700.0,1357.63,64.42
118800.0,1356.14,64.32
118900.0,1354.64,64.22
119000.0,1353.13,64.11
119100.0,1351.59,64.0
119200.0,1350.09,63.88
119400.0,1348.57,63.76
119500.0,1347.07,63.64
119600.0,1345.55,63.51
119700.0,1344.09,63.37
119800.0,1342.61,63.23
119900.0,1341.12,63.08
120100.0,1339.6,62.93
120200.0,1338.11,62.77
120300.0,1336.64,62.6
120400.0,1335.15,62.43
120500.0,1333.65,62.25
120600.0,1332.17,62.07
120700.0,1330.7,61.88
120900.0,1329.22,61.69
121000.0,1327.79,61.49
121100.0,1326.41,61.29
121200.0,1325.03,61.08
121300.0,1323.63,60.86
121400.0,1322.25,60.64
121600.0,1320.88,60.42
121700.0,1319.54,60.19
121800.0,1318.15,59.96
121900.0,1316.89,59.73
122000.0,1315.61,59.49
122100.0,1314.34,59.25
122200.0,1313.08,59.01
122300.0,1311.76,58.76
122500.0,1310.47,58.51
122600.0,1309.06,58.26
122700.0,1307.61,58.01
122800.0,1306.17,57.75
122900.0,1304.7,57.49
123000.0,1303.25,57.22
123200.0,1301.69,56.95
123300.0,1300.15,56.67
123400.0,1298.57,56.39
123500.0,1296.97,56.11
123600.0,1295.31,55.82
123700.0,1293.69,55.52
123800.0,1292.07,55.22
124000.0,1290.45,54.91
124100.0,1288.86,54.6
124200.0,1287.24,54.28
124300.0,1285.63,53.96
124400.0,1284.1,53.64
124500.0,1282.54,53.3
124600.0,1280.85,52.96
124700.0,1279.25,52.62
124900.0,1277.55,52.27
125000.0,1275.93,51.91
125100.0,1274.17,51.54
125200.0,1272.5,51.16
125300.0,1270.73,50.77
125400.0,1268.98,50.37
125500.0,1267.2,49.96
125700.0,1265.41,49.55
125800.0,1263.48,49.12
125900.0,1261.6,48.68
126000.0,1259.61,48.23
126100.0,1257.5,47.78
126200.0,1255.33,47.33
126300.0,1252.63,46.87
126500.0,1248.84,46.39
126600.0,1245.41,45.91
126700.0,1242.21,45.42
126800.0,1239.39,44.92
126900.0,1236.6,44.41
127000.0,1233.51,43.9
127100.0,1230.13,43.38
127200.0,1226.56,42.85
127400.0,1222.64,42.31
127500.0,1218.3,41.77
127600.0,1213.72,41.23
127700.0,1208.79,40.68
127800.0,1203.68,40.12
127900.0,1198.33,39.56
128000.0,1192.63,38.99
128100.0,1186.75,38.42
128300.0,1180.405,37.84
128400.0,1173.545,37.26
128500.0,1166.275,36.68
128600.0,1159.065,36.09
128700.0,1151.585,35.5
128800.0,1144.145,34.91
128900.0,1136.795,34.32
129000.0,1129.795,33.73
129200.0,1123.115,33.14
129300.0,1116.925,32.54
129400.0,1111.245,31.95
129500.0,1105.895,31.36
129600.0,1100.815,30.78
129700.0,1095.765,30.2
129800.0,1090.665,29.63
129900.0,1085.545,29.06
130000.0,1080.255,28.49
130200.0,1075.015,27.93
130300.0,1069.725,27.37
130400.0,1064.425,26.82
130500.0,1059.045,26.27
130600.0,1053.645,25.73
130700.0,1048.385,25.19
130800.0,1043.115,24.65
130900.0,1037.905,24.12
131000.0,1032.815,23.6
131100.0,1027.825,23.08
131300.0,1022.715,22.57
131400.0,1017.755,22.06
131500.0,1012.665,21.56
131600.0,1007.695,21.07
131700.0,1002.695,20.58
131800.0,997.665,20.1
131900.0,992.545,19.62
132000.0,987.195,19.15
132200.0,981.8,18.68
132300.0,976.31,18.22
132400.0,970.88,17.76
132500.0,965.44,17.31
132600.0,959.95,16.87
132700.0,954.495,16.43
132800.0,949.175,15.99
132900.0,943.915,15.56
133000.0,938.595,15.13
133200.0,933.225,14.7
133300.0,927.885,14.28
133400.0,922.335,13.86
133500.0,916.865,13.44
133600.0,911.465,13.03
133700.0,905.875,12.62
133800.0,900.425,12.21
133900.0,894.865,11.8
134100.0,889.305,11.4
134200.0,883.815,11.0
134300.0,878.195,10.61
134400.0,872.785,10.22
134500.0,867.335,9.84
134600.0,861.865,9.46
134700.0,856.365,9.08
134800.0,850.895,8.71
135000.0,845.505,8.35
135100.0,840.085,7.99
135200.0,834.775,7.64
135300.0,829.535,7.29
135400.0,824.265,6.95
135500.0,818.935,6.61
135600.0,813.675,6.28
135700.0,808.455,5.96
135900.0,803.175,5.64
136000.0,797.975,5.33
136100.0,792.775,5.03
136200.0,787.615,4.74
136300.0,782.505,4.46
136400.0,777.435,4.19
136500.0,772.395,3.93
136600.0,767.315,3.68
136700.0,762.255,3.44
136900.0,757.055,3.2
137000.0,751.975,2.98
137100.0,746.935,2.77
137200.0,742.055,2.57
137300.0,737.185,2.37
137400.0,732.325,2.18
137500.0,727.975,2.0
137600.0,724.835,1.84
137700.0,721.325,1.68
137900.0,717.695,1.53
138000.0,713.675,1.39
138100.0,709.585,1.26
138200.0,705.755,1.13
138300.0,702.335,1.01
138400.0,699.095,0.9
138500.0,696.145,0.8
138600.0,693.695,0.7
138700.0,691.415,0.61
138900.0,689.565,0.53
139000.0,687.895,0.45
139100.0,686.425,0.38
139200.0,685.325,0.32
139300.0,684.545,0.26
139400.0,684.26,0.21
139500.0,684.49,0.17
139600.0,685.04,0.13
139700.0,685.89,0.1
139800.0,686.89,0.07
139900.0,687.83,0.05
140100.0,688.67,0.03
140200.0,689.28,0.01
140300.0,689.62,0.0
140400.0,689.51,0.0
140500.0,688.96,0.0
140600.0,688.18,0.0
140700.0,687.22,0.0
140800.0,686.29,0.0
140900.0,685.42,0.0
141000.0,684.64,0.0
141100.0,684.11,0.0
141300.0,683.61,0.0
141400.0,683.27,0.0
141500.0,682.95,0.0
141600.0,682.72,0.0
141700.0,682.43,0.0
141800.0,681.98,0.0
141900.0,681.5,0.0
142000.0,681.13,0.0
142100.0,680.74,0.0
142200.0,680.49,0.0
142300.0,680.85,0.0
142500.0,681.43,0.0
142600.0,682.35,0.0
142700.0,683.34,0.0
142800.0,684.37,0.0
142900.0,685.33,0.0
143000.0,686.28,0.0
143100.0,687.35,0.0
143200.0,688.415,0.01
143300.0,689.505,0.02
143400.0,690.495,0.04
143600.0,691.515,0.06
143700.0,692.475,0.08
143800.0,693.53,0.1
143900.0,694.75,0.12
144000.0,696.67,0.14
144100.0,699.92,0.17
144200.0,705.73,0.2
144300.0,713.87,0.23
144400.0,722.92,0.27
144500.0,732.75,0.32
144600.0,742.71,0.38
144700.0,752.94,0.45
144800.0,763.22,0.53
145000.0,773.76,0.61
145100.0,784.48,0.7
145200.0,795.23,0.8
145300.0,806.3,0.9
145400.0,817.43,1.01
145500.0,828.33,1.13
145600.0,838.99,1.25
145700.0,849.08,1.38
145800.0,858.94,1.52
145900.0,868.51,1.66
146000.0,878.02,1.81
146200.0,887.4,1.96
146300.0,896.52,2.12
146400.0,905.5,2.28
146500.0,914.27,2.45
146600.0,922.79,2.62
146700.0,930.86,2.8
146800.0,938.7,2.99
146900.0,946.36,3.18
147000.0,953.72,3.38
147100.0,960.685,3.58
147200.0,967.335,3.79
147400.0,973.865,4.0
147500.0,980.405,4.21
147600.0,987.065,4.43
147700.0,993.745,4.65
147800.0,1000.665,4.88
147900.0,1007.445,5.11
148000.0,1014.275,5.34
148100.0,1020.985,5.58
148200.0,1027.725,5.82
148300.0,1034.655,6.06
148400.0,1041.585,6.31
148600.0,1048.495,6.56
148700.0,1055.435,6.82
148800.0,1062.295,7.08
148900.0,1069.255,7.34
149000.0,1076.345,7.61
149100.0,1083.475,7.88
149200.0,1090.555,8.15
149300.0,1097.715,8.43
149400.0,1105.015,8.71
149500.0,1112.415,8.99
149700.0,1119.825,9.28
149800.0,1127.415,9.57
149900.0,1134.995,9.86
150000.0,1142.765,10.16
150100.0,1150.195,10.46
150200.0,1157.665,10.76
150300.0,1164.435,11.06
150400.0,1171.165,11.37
150500.0,1177.585,11.68
150700.0,1183.785,11.99
150800.0,1189.665,12.3
150900.0,1195.035,12.61
151000.0,1200.605,12.92
151100.0,1206.295,13.22
151200.0,1211.635,13.52
151300.0,1217.185,13.82
151400.0,1222.675,14.12
151500.0,1228.245,14.42
151700.0,1233.765,14.72
151800.0,1239.055,15.01
151900.0,1244.345,15.3
152000.0,1249.675,15.59
152100.0,1254.915,15.88
152200.0,1260.285,16.17
152300.0,1265.585,16.46
152400.0,1270.985,16.74
152500.0,1276.405,17.02
152700.0,1281.855,17.3
152800.0,1287.445,17.58
152900.0,1292.975,17.86
153000.0,1298.385,18.14
153100.0,1303.645,18.41
153200.0,1308.705,18.68
153300.0,1313.205,18.95
153400.0,1317.415,19.21
153500.0,1321.305,19.47
153600.0,1325.035,19.72
153800.0,1328.715,19.97
153900.0,1332.475,20.22
154000.0,1336.255,20.46
154100.0,1340.105,20.7
154200.0,1343.925,20.93
154300.0,1347.785,21.15
154400.0,1351.695,21.35
154500.0,1355.585,21.55
154600.0,1359.535,21.74
154700.0,1363.315,21.93
154900.0,1366.695,22.12
155000.0,1368.735,22.3
155100.0,1368.545,22.47
155200.0,1365.275,22.64
155300.0,1358.635,22.81
155400.0,1352.475,22.97
155500.0,1346.105,23.12
155600.0,1340.695,23.26
155700.0,1335.405,23.39
155800.0,1329.955,23.51
156000.0,1324.215,23.63
156100.0,1318.845,23.73
156200.0,1314.045,23.82
156300.0,1309.495,23.91
156400.0,1305.375,24.0
156500.0,1301.685,24.08
156600.0,1298.225,24.16
156700.0,1295.185,24.23
156800.0,1292.285,24.29
156900.0,1289.595,24.35
157100.0,1286.965,24.4
157200.0,1284.355,24.45
157300.0,1281.935,24.49
157400.0,1279.645,24.53
157500.0,1277.365,24.57
157600.0,1275.165,24.61
157700.0,1273.505,24.64
157800.0,1272.265,24.66
157900.0,1271.275,24.68
158000.0,1270.765,24.7
158200.0,1270.75,24.72
158300.0,1271.15,24.73
158400.0,1271.73,24.74
158500.0,1272.57,24.76
158600.0,1273.47,24.77
158700.0,1274.49,24.78
158800.0,1275.38,24.78
158900.0,1276.47,24.79
159000.0,1277.57,24.8
159100.0,1278.73,24.81
159200.0,1279.98,24.82
159300.0,1281.1,24.83
159500.0,1282.19,24.84
159600.0,1283.12,24.85
159700.0,1284.04,24.85
159800.0,1284.87,24.86
159900.0,1285.49,24.87
160000.0,1285.83,24.88
160100.0,1285.57,24.89
160200.0,1285.23,24.9
160300.0,1284.85,24.91
160400.0,1284.26,24.92
160500.0,1283.62,24.94
160600.0,1282.81,24.95
160800.0,1281.82,24.96
160900.0,1280.7,24.98
161000.0,1279.46,24.99
161100.0,1278.39,25.0
161200.0,1277.17,25.02
161300.0,1276.27,25.04
161400.0,1275.44,25.05
161500.0,1274.65,25.06
161600.0,1274.15,25.07
161700.0,1273.92,25.08
161800.0,1274.245,25.1
161900.0,1274.365,25.12
162000.0,1274.335,25.15
162100.0,1274.665,25.18
162200.0,1274.865,25.2
162400.0,1275.315,25.23
162500.0,1275.235,25.25
162600.0,1275.395,25.27
162700.0,1275.445,25.3
162800.0,1275.415,25.32
162900.0,1275.345,25.34
163000.0,1275.245,25.36
163100.0,1275.065,25.37
163200.0,1274.965,25.38
163300.0,1274.795,25.4
163400.0,1274.925,25.41
163500.0,1275.085,25.42
163600.0,1275.085,25.42
163800.0,1274.965,25.42
163900.0,1275.035,25.42
164000.0,1275.395,25.43
164100.0,1275.505,25.44
164200.0,1275.965,25.45
164300.0,1276.625,25.47
164400.0,1277.335,25.49
164500.0,1278.595,25.52
164600.0,1280.285,25.55
164700.0,1282.755,25.58
164800.0,1285.485,25.62
164900.0,1288.555,25.67
165100.0,1291.745,25.72
165200.0,1295.145,25.78
165300.0,1298.655,25.86
165400.0,1302.355,25.94
165500.0,1306.035,26.03
165600.0,1309.785,26.13
165700.0,1313.625,26.23
165800.0,1317.885,26.34
165900.0,1322.965,26.46
166000.0,1328.395,26.58
166100.0,1334.755,26.71
166200.0,1339.745,26.84
166400.0,1344.205,26.97
166500.0,1347.405,27.1
166600.0,1350.545,27.24
166700.0,1353.705,27.38
166800.0,1357.425,27.52
166900.0,1360.665,27.68
167000.0,1363.525,27.84
167100.0,1365.905,28.0
167200.0,1367.895,28.16
167300.0,1369.975,28.32
167400.0,1372.325,28.49
167500.0,1374.895,28.66
167600.0,1377.515,28.83
167800.0,1380.205,29.01
167900.0,1382.885,29.19
168000.0,1385.645,29.37
168100.0,1388.305,29.56
168200.0,1391.215,29.75
168300.0,1394.285,29.93
168400.0,1397.435,30.12
168500.0,1400.575,30.31
168600.0,1403.485,30.5
168700.0,1406.335,30.7
168800.0,1408.945,30.89
168900.0,1411.415,31.08
169100.0,1413.845,31.28
169200.0,1416.095,31.48
169300.0,1417.985,31.67
169400.0,1419.655,31.87
169500.0,1421.26,32.07
169600.0,1422.92,32.27
169700.0,1424.5,32.46
169800.0,1426.13,32.66
169900.0,1427.74,32.85
170000.0,1429.38,33.04
170100.0,1430.96,33.23
170200.0,1432.7,33.42
170400.0,1434.63,33.61
170500.0,1436.6,33.8
170600.0,1438.64,33.99
170700.0,1440.84,34.18
170800.0,1443.21,34.36
170900.0,1446.18,34.54
171000.0,1449.22,34.72
171100.0,1452.14,34.9
171200.0,1455.27,35.08
171300.0,1458.42,35.25
171500.0,1461.76,35.42
171600.0,1465.25,35.6
171700.0,1468.82,35.77
171800.0,1472.72,35.94
171900.0,1476.38,36.12
172000.0,1480.69,36.29
172100.0,1485.17,36.46
172200.0,1489.74,36.63
172300.0,1494.64,36.8
172500.0,1499.47,36.98
172600.0,1504.55,37.16
172700.0,1509.515,37.33
172800.0,1514.515,37.5
172900.0,1519.375,37.67
173000.0,1524.235,37.85
173100.0,1529.055,38.04
173200.0,1533.715,38.22
173300.0,1538.845,38.41
173400.0,1543.775,38.6
173600.0,1549.135,38.8
173700.0,1554.605,39.01
173800.0,1560.005,39.22
173900.0,1565.565,39.43
174000.0,1570.905,39.65
174100.0,1576.055,39.88
174200.0,1581.185,40.11
174300.0,1585.875,40.35
174400.0,1590.495,40.59
174600.0,1594.985,40.84
174700.0,1599.355,41.09
174800.0,1603.155,41.34
174900.0,1606.135,41.59
175000.0,1609.225,41.84
175100.0,1611.355,42.09
175200.0,1612.545,42.34
175300.0,1613.425,42.59
175400.0,1613.275,42.84
175500.0,1612.435,43.09
175700.0,1610.755,43.34
175800.0,1608.655,43.59
175900.0,1606.125,43.83
176000.0,1603.455,44.07
176100.0,1600.595,44.31
176200.0,1598.075,44.54
176300.0,1595.835,44.77
176400.0,1594.135,45.0
176500.0,1592.945,45.22
176600.0,1591.975,45.44
176800.0,1591.565,45.66
176900.0,1591.615,45.87
177000.0,1592.105,46.09
177100.0,1592.635,46.3
177200.0,1593.305,46.51
177300.0,1594.045,46.72
177400.0,1594.985,46.93
177500.0,1595.795,47.13
177600.0,1596.685,47.33
177800.0,1597.235,47.53
177900.0,1597.775,47.73
178000.0,1597.975,47.93
178100.0,1598.225,48.13
178200.0,1598.235,48.32
178300.0,1598.065,48.51
178400.0,1597.535,48.69
178500.0,1596.825,48.87
178600.0,1596.065,49.06
178700.0,1595.225,49.24
178900.0,1594.455,49.42
179000.0,1593.345,49.6
179100.0,1592.525,49.77
179200.0,1591.265,49.94
179300.0,1589.875,50.11
179400.0,1588.605,50.27
179500.0,1587.045,50.43
179600.0,1585.515,50.59
179700.0,1583.915,50.74
179800.0,1582.235,50.89
180000.0,1580.655,51.05
180100.0,1578.895,51.2
180200.0,1577.225,51.35
180300.0,1575.595,51.5
180400.0,1573.975,51.64
180500.0,1572.42,51.78
180600.0,1570.75,51.92
180700.0,1569.14,52.06
180800.0,1567.42,52.19
180900.0,1565.67,52.32
181000.0,1563.89,52.45
181200.0,1562.19,52.58
181300.0,1560.4,52.7
181400.0,1558.5,52.82
181500.0,1556.58,52.94
181600.0,1554.53,53.06
181700.0,1552.42,53.18
181800.0,1550.16,53.3
181900.0,1547.63,53.41
182000.0,1544.93,53.52
182100.0,1541.99,53.62
182200.0,1538.66,53.72
182300.0,1535.08,53.82
182500.0,1530.97,53.92
182600.0,1526.66,54.01
182700.0,1522.37,54.09
182800.0,1517.72,54.17
182900.0,1513.14,54.23
183000.0,1507.98,54.29
183100.0,1502.83,54.34
183200.0,1497.52,54.39
183300.0,1492.22,54.43
183400.0,1486.9,54.46
183500.0,1481.45,54.48
183600.0,1476.08,54.5
183700.0,1470.79,54.51
183900.0,1465.63,54.52
184000.0,1460.58,54.51
184100.0,1455.54,54.5
184200.0,1450.47,54.49
184300.0,1445.37,54.47
184400.0,1440.37,54.45
184500.0,1435.3,54.41
184600.0,1430.36,54.37
184700.0,1425.46,54.33
184800.0,1420.51,54.29
184900.0,1415.7,54.25
185000.0,1411.05,54.19
185100.0,1406.33,54.13
185200.0,1401.79,54.07
185400.0,1397.3,54.0
185500.0,1393.01,53.93
185600.0,1389.04,53.86
185700.0,1385.43,53.79
185800.0,1382.32,53.72
185900.0,1379.48,53.64
186000.0,1377.73,53.56
186100.0,1376.11,53.48
186200.0,1375.07,53.4
186300.0,1374.38,53.32
186400.0,1374.24,53.24
186500.0,1374.04,53.16
186600.0,1374.25,53.09
186800.0,1374.49,53.02
186900.0,1374.94,52.95
187000.0,1375.37,52.88
187100.0,1375.19,52.81
187200.0,1374.65,52.74
187300.0,1373.52,52.67
187400.0,1371.9,52.6
187500.0,1370.02,52.53
187600.0,1367.7,52.46
187700.0,1365.04,52.39
187800.0,1361.93,52.31
187900.0,1358.82,52.23
188000.0,1356.13,52.15
188100.0,1352.8,52.07
188300.0,1349.68,51.99
188400.0,1346.155,51.91
188500.0,1342.365,51.83
188600.0,1338.535,51.75
188700.0,1334.385,51.66
188800.0,1330.355,51.56
188900.0,1326.235,51.46
189000.0,1322.425,51.36
189100.0,1318.625,51.26
189200.0,1315.075,51.16
189300.0,1311.675,51.06
189400.0,1308.395,50.95
189500.0,1304.995,50.84
189600.0,1301.855,50.73
189800.0,1298.745,50.62
189900.0,1295.555,50.5
190000.0,1292.395,50.38
190100.0,1289.595,50.26
190200.0,1286.515,50.13
190300.0,1283.595,50.0
190400.0,1280.885,49.87
190500.0,1278.115,49.73
190600.0,1275.565,49.59
190700.0,1273.015,49.44
190800.0,1270.555,49.28
190900.0,1268.095,49.12
191000.0,1265.655,48.95
191200.0,1263.365,48.78
191300.0,1260.945,48.61
191400.0,1258.605,48.43
191500.0,1256.215,48.24
191600.0,1253.805,48.05
191700.0,1251.395,47.86
191800.0,1248.885,47.66
191900.0,1246.355,47.45
192000.0,1243.735,47.24
192100.0,1241.105,47.02
192200.0,1238.435,46.79
192300.0,1235.925,46.55
192500.0,1233.375,46.3
192600.0,1231.105,46.04
192700.0,1229.075,45.78
192800.0,1227.285,45.51
192900.0,1225.725,45.23
193000.0,1224.555,44.95
193100.0,1223.455,44.66
193200.0,1222.905,44.36
193300.0,1222.455,44.05
193400.0,1222.025,43.735
193500.0,1221.535,43.405
193600.0,1221.305,43.085
193700.0,1221.035,42.755
193900.0,1220.815,42.425
194000.0,1220.685,42.085
194100.0,1220.545,41.745
194200.0,1220.095,41.405
194300.0,1219.165,41.065
194400.0,1217.115,40.725
194500.0,1215.525,40.385
194600.0,1214.685,40.045
194700.0,1213.865,39.705
194800.0,1213.015,39.365
194900.0,1212.025,39.015
195100.0,1210.835,38.675
195200.0,1209.485,38.335
195300.0,1207.955,38.005
195400.0,1206.145,37.665
195500.0,1204.275,37.325
195600.0,1202.375,36.985
195700.0,1200.375,36.645
195800.0,1198.365,36.305
195900.0,1196.19,35.965
196000.0,1193.82,35.615
196100.0,1191.34,35.275
196200.0,1188.68,34.935
196400.0,1185.85,34.595
196500.0,1183.07,34.255
196600.0,1180.39,33.905
196700.0,1177.5,33.565
196800.0,1174.02,33.225
196900.0,1171.05,32.885
197000.0,1167.76,32.545
197100.0,1164.51,32.205
197200.0,1161.01,31.865
197300.0,1157.61,31.525
197400.0,1154.02,31.175
197600.0,1150.47,30.825
197700.0,1146.74,30.465
197800.0,1142.89,30.105
197900.0,1139.22,29.745
198000.0,1135.38,29.385
198100.0,1131.65,29.025
198200.0,1127.84,28.665
198300.0,1124.13,28.305
198400.0,1120.36,27.945
198500.0,1116.64,27.585
198600.0,1113.12,27.225
198700.0,1109.73,26.865
198900.0,1105.82,26.505
199000.0,1102.27,26.135
199100.0,1098.41,25.765
199200.0,1094.885,25.395
199300.0,1091.655,25.025
199400.0,1088.915,24.655
199500.0,1087.275,24.285
199600.0,1085.955,23.925
199700.0,1085.555,23.565
199800.0,1085.225,23.205
199900.0,1085.025,22.845
200000.0,1084.635,22.485
200100.0,1084.155,22.135
200200.0,1083.565,21.785
200400.0,1082.995,21.435
200500.0,1082.165,21.085
200600.0,1081.575,20.735
200700.0,1081.115,20.395
200800.0,1081.055,20.055
200900.0,1081.085,19.715
201000.0,1081.335,19.385
201100.0,1081.775,19.065
201200.0,1082.255,18.745
201300.0,1082.905,18.435
201400.0,1083.585,18.125
201500.0,1084.175,17.815
201700.0,1084.825,17.515
201800.0,1085.375,17.215
201900.0,1085.905,16.935
202000.0,1086.215,16.655
202100.0,1086.405,16.375
202200.0,1086.365,16.105
202300.0,1086.075,15.845
202400.0,1085.435,15.585
202500.0,1084.585,15.325
202600.0,1083.105,15.075
202700.0,1081.525,14.835
202800.0,1079.405,14.595
202900.0,1076.795,14.365
203100.0,1073.965,14.135
203200.0,1070.865,13.905
203300.0,1067.715,13.685
203400.0,1064.425,13.475
203500.0,1061.205,13.275
203600.0,1057.975,13.085
203700.0,1054.815,12.905
203800.0,1051.575,12.715
203900.0,1048.305,12.535
204000.0,1045.015,12.365
204100.0,1041.635,12.205
204200.0,1038.395,12.06
204400.0,1035.395,11.93
204500.0,1032.245,11.8
204600.0,1029.385,11.67
204700.0,1026.825,11.55
204800.0,1024.445,11.44
204900.0,1022.795,11.34
205000.0,1022.245,11.24
205100.0,1022.375,11.15
205200.0,1024.235,11.07
205300.0,1025.885,11.0
205400.0,1027.005,10.93
205500.0,1028.355,10.87
205600.0,1029.935,10.81
205700.0,1031.725,10.77
205900.0,1033.735,10.73
206000.0,1035.895,10.69
206100.0,1038.195,10.65
206200.0,1040.685,10.62
206300.0,1043.245,10.59
206400.0,1045.865,10.56
206500.0,1048.575,10.54
206600.0,1051.315,10.53
206700.0,1054.36,10.52
206800.0,1057.56,10.52
206900.0,1060.9,10.52
207000.0,1064.38,10.52
207100.0,1067.92,10.52
207200.0,1071.32,10.52
207400.0,1074.67,10.54
207500.0,1078.12,10.56
207600.0,1081.74,10.58
207700.0,1085.43,10.6
207800.0,1089.08,10.62
207900.0,1092.49,10.64
208000.0,1095.8,10.66
208100.0,1099.0,10.68
208200.0,1102.2,10.7
208300.0,1105.4,10.73
208400.0,1108.66,10.77
208500.0,1112.03,10.81
208600.0,1115.34,10.85
208800.0,1118.7,10.89
208900.0,1122.04,10.93
209000.0,1125.3,10.98
209100.0,1128.43,11.03
209200.0,1131.49,11.08
209300.0,1134.45,11.13
209400.0,1137.25,11.18
209500.0,1139.91,11.23
209600.0,1142.75,11.29
209700.0,1145.55,11.36
209800.0,1148.31,11.43
209900.0,1151.19,11.5
210000.0,1154.4,11.57
210200.0,1157.2,11.64
210300.0,1159.2,11.71
210400.0,1160.62,11.78
210500.0,1160.95,11.85
210600.0,1160.68,11.92
210700.0,1160.08,11.99
210800.0,1158.75,12.06
210900.0,1157.1,12.11
211000.0,1155.03,12.16
211100.0,1152.45,12.21
211200.0,1149.7,12.25
211400.0,1147.04,12.29
211500.0,1144.23,12.33
211600.0,1141.49,12.36
211700.0,1138.425,12.385
211800.0,1135.025,12.405
211900.0,1131.395,12.405
212000.0,1127.315,12.405
212100.0,1123.015,12.395
212200.0,1118.305,12.385
212300.0,1113.445,12.365
212400.0,1108.325,12.335
212600.0,1103.105,12.305
212700.0,1097.905,12.255
212800.0,1092.855,12.195
212900.0,1087.965,12.135
213000.0,1083.065,12.075
213100.0,1078.175,12.015
213200.0,1073.325,11.945
213300.0,1068.575,11.875
213400.0,1064.415,11.805
213500.0,1060.495,11.735
213600.0,1057.285,11.665
213700.0,1055.145,11.595
213900.0,1053.415,11.535
214000.0,1054.085,11.475
214100.0,1055.715,11.415
214200.0,1059.625,11.355
214300.0,1065.715,11.305
214400.0,1072.385,11.255
214500.0,1079.565,11.215
214600.0,1086.695,11.185
214700.0,1093.685,11.165
214800.0,1100.585,11.145
215000.0,1107.415,11.135
215100.0,1113.835,11.125
215200.0,1119.915,11.115
215300.0,1125.705,11.115
215400.0,1130.635,11.125
215500.0,1134.585,11.135
215600.0,1138.045,11.145
215700.0,1140.255,11.155
215800.0,1141.255,11.165
215900.0,1141.785,11.175
216000.0,1141.655,11.175
216200.0,1141.175,11.175
216300.0,1140.615,11.185
216400.0,1139.815,11.195
216500.0,1138.935,11.205
216600.0,1138.125,11.205
216700.0,1137.445,11.205
216800.0,1136.745,11.205
216900.0,1136.075,11.205
217000.0,1135.515,11.205
217100.0,1134.925,11.215
217300.0,1134.235,11.225
217400.0,1133.505,11.225
217500.0,1132.675,11.225
217600.0,1131.635,11.225
217700.0,1130.335,11.225
217800.0,1128.905,11.225
217900.0,1127.165,11.225
218000.0,1125.095,11.225
218100.0,1122.68,11.225
218200.0,1119.82,11.215
218400.0,1116.06,11.205
218500.0,1112.12,11.195
218600.0,1108.25,11.185
218700.0,1104.45,11.175
218800.0,1101.01,11.165
218900.0,1097.56,11.155
219000.0,1094.46,11.145
219100.0,1091.44,11.135
219200.0,1088.44,11.115
219400.0,1085.17,11.095
219500.0,1082.0,11.075
219600.0,1078.78,11.055
219700.0,1075.48,11.035
219800.0,1072.18,11.005
219900.0,1068.92,10.965
220000.0,1065.63,10.925
220100.0,1062.57,10.885
220200.0,1059.5,10.845
220300.0,1056.61,10.805
220500.0,1053.7,10.765
220600.0,1050.72,10.715
220700.0,1047.83,10.665
220800.0,1044.98,10.605
220900.0,1042.04,10.545
221000.0,1038.64,10.485
221100.0,1035.08,10.425
221200.0,1031.42,10.365
221300.0,1027.94,10.305
221400.0,1024.67,10.235
221600.0,1021.59,10.165
221700.0,1018.58,10.095
221800.0,1016.36,10.025
221900.0,1014.37,9.955
222000.0,1012.86,9.885
222100.0,1011.87,9.815
222200.0,1011.03,9.755
222300.0,1010.0,9.695
222400.0,1008.83,9.625
222500.0,1007.29,9.565
222700.0,1005.825,9.51
222800.0,1004.375,9.46
222900.0,1002.945,9.41
223000.0,1001.665,9.36
223100.0,1000.355,9.32
223200.0,999.235,9.28
223300.0,998.175,9.25
223400.0,997.335,9.23
223500.0,996.725,9.21
223600.0,996.205,9.2
223700.0,995.795,9.2
223800.0,995.425,9.2
224000.0,995.325,9.2
224100.0,995.605,9.2
224200.0,996.415,9.21
224300.0,998.255,9.22
224400.0,1001.385,9.23
224500.0,1005.825,9.24
224600.0,1011.435,9.25
224700.0,1018.745,9.27
224800.0,1026.625,9.29
224900.0,1033.215,9.32
225000.0,1039.145,9.35
225200.0,1042.815,9.39
225300.0,1044.155,9.42
225400.0,1044.855,9.46
225500.0,1045.035,9.49
225600.0,1045.355,9.53
225700.0,1045.935,9.56
225800.0,1046.745,9.6
225900.0,1047.645,9.63
226000.0,1048.315,9.66
226100.0,1049.065,9.7
226200.0,1050.075,9.73
226300.0,1051.445,9.77
226500.0,1052.965,9.81
226600.0,1053.575,9.85
226700.0,1054.065,9.9
226800.0,1054.855,9.95
226900.0,1055.395,10.0
227000.0,1055.755,10.05
227100.0,1055.855,10.1
227200.0,1055.705,10.14
227300.0,1055.025,10.18
227400.0,1053.525,10.22
227500.0,1050.875,10.25
227600.0,1048.335,10.28
227800.0,1046.205,10.31
227900.0,1045.075,10.34
228000.0,1044.495,10.37
228100.0,1044.075,10.39
228200.0,1043.845,10.41
228300.0,1043.565,10.43
228400.0,1043.235,10.45
228500.0,1042.715,10.47
228600.0,1042.235,10.49
228700.0,1041.765,10.51
228800.0,1041.425,10.53
229000.0,1041.265,10.55
229100.0,1041.26,10.57
229200.0,1041.54,10.59
229300.0,1042.02,10.6
229400.0,1042.29,10.61
229500.0,1042.43,10.62
229600.0,1042.5,10.63
229700.0,1042.54,10.63
229800.0,1042.68,10.63
229900.0,1042.61,10.63
230000.0,1042.43,10.63
230100.0,1042.18,10.62
230200.0,1042.08,10.61
230400.0,1041.79,10.6
230500.0,1041.42,10.58
230600.0,1040.97,10.56
230700.0,1040.31,10.55
230800.0,1039.73,10.53
230900.0,1039.12,10.51
231000.0,1038.38,10.49
231100.0,1037.63,10.47
231200.0,1036.76,10.44
231300.0,1035.94,10.41
231400.0,1035.21,10.38
231600.0,1034.55,10.35
231700.0,1034.22,10.33
231800.0,1034.25,10.31
231900.0,1034.59,10.29
232000.0,1034.88,10.26
232100.0,1034.94,10.22
232200.0,1034.4,10.17
232300.0,1033.72,10.12
232400.0,1032.44,10.06
232500.0,1030.77,10.0
232600.0,1028.56,9.93
232800.0,1026.23,9.85
232900.0,1023.89,9.77
233000.0,1021.87,9.69
233100.0,1020.48,9.61
233200.0,1020.02,9.53
233300.0,1019.93,9.46
233400.0,1020.26,9.39
233500.0,1020.72,9.32
233600.0,1021.39,9.25
233700.0,1021.93,9.19
233900.0,1022.5,9.13
234000.0,1022.91,9.07
234100.0,1023.32,9.01
234200.0,1023.79,8.95
234300.0,1024.3,8.89
234400.0,1024.77,8.83
234500.0,1025.27,8.77
234600.0,1025.71,8.71
234700.0,1026.26,8.65
234800.0,1026.81,8.59
235000.0,1027.25,8.53
235100.0,1027.5,8.47
235200.0,1026.83,8.41
235300.0,1024.92,8.35
235400.0,1021.51,8.29
235500.0,1016.83,8.23
235600.0,1009.82,8.16
235700.0,1002.09,8.09
235800.0,993.46,8.01
235900.0,984.66,7.93
236000.0,975.88,7.84
236200.0,967.2,7.75
236300.0,958.49,7.65
236400.0,949.79,7.55
236500.0,941.04,7.44
236600.0,932.24,7.33
236700.0,923.3,7.21
236800.0,914.38,7.09
236900.0,905.95,6.97
237000.0,897.56,6.84
237100.0,889.29,6.71
237300.0,881.33,6.57
237400.0,873.93,6.43
237500.0,867.68,6.29
237600.0,862.07,6.14
237700.0,856.54,5.99
237800.0,851.47,5.84
237900.0,846.55,5.69
238000.0,841.89,5.54
238100.0,837.38,5.39
238200.0,833.33,5.24
238400.0,830.02,5.09
238500.0,827.73,4.95
238600.0,825.12,4.81
238700.0,822.08,4.67
238800.0,817.97,4.53
238900.0,813.24,4.39
239000.0,808.33,4.25
239100.0,803.24,4.11
239200.0,798.26,3.97
239300.0,793.38,3.83
239400.0,788.8,3.69
239500.0,784.41,3.55
239700.0,780.12,3.41
239800.0,776.1,3.27
239900.0,772.3,3.13
240000.0,768.7,2.99
240100.0,765.29,2.85
240200.0,762.54,2.72
240300.0,760.2,2.59
240400.0,757.89,2.46
240500.0,755.69,2.33
240600.0,753.425,2.21
240700.0,751.195,2.09
240800.0,749.055,1.97
241000.0,746.945,1.85
241100.0,744.855,1.74
241200.0,742.895,1.63
241300.0,741.055,1.52
241400.0,739.305,1.42
241500.0,737.785,1.32
241600.0,736.435,1.22
241700.0,735.055,1.13
241800.0,733.885,1.04
241900.0,732.755,0.95
242100.0,731.935,0.86
242200.0,731.305,0.78
242300.0,731.185,0.7
242400.0,731.095,0.62
242500.0,731.185,0.54
242600.0,731.465,0.46
242700.0,733.315,0.4
242800.0,736.385,0.34
242900.0,740.545,0.3
243000.0,745.485,0.27
243100.0,751.445,0.26
243200.0,757.335,0.27
243400.0,763.675,0.29
243500.0,770.085,0.32
243600.0,776.955,0.36
243700.0,783.865,0.43
243800.0,790.765,0.5
243900.0,797.395,0.57
244000.0,803.445,0.65
244100.0,808.865,0.73
244200.0,814.095,0.81
244300.0,819.305,0.9
244400.0,824.855,0.99
244600.0,830.665,1.08
244700.0,836.965,1.18
244800.0,843.475,1.28
244900.0,850.295,1.38
245000.0,857.375,1.48
245100.0,864.485,1.59
245200.0,871.385,1.7
245300.0,878.165,1.81
245400.0,884.645,1.92
245500.0,890.895,2.03
245700.0,896.895,2.15
245800.0,902.715,2.27
245900.0,908.445,2.39
246000.0,914.045,2.51
246100.0,919.515,2.63
246200.0,924.715,2.75
246300.0,929.635,2.87
246400.0,934.355,2.99
246500.0,938.665,3.11
246600.0,942.585,3.23
246700.0,946.285,3.35
246900.0,949.845,3.47
247000.0,952.975,3.59
247100.0,955.995,3.71
247200.0,959.055,3.83
247300.0,961.875,3.95
247400.0,964.355,4.07
247500.0,966.355,4.19
247600.0,968.235,4.31
247700.0,970.085,4.43
247900.0,971.895,4.55
248000.0,973.815,4.67
248100.0,975.785,4.79
248200.0,977.825,4.91
248300.0,979.715,5.03
248400.0,981.805,5.15
248500.0,983.825,5.27
248600.0,985.815,5.39
248700.0,987.765,5.51
248800.0,989.785,5.63
249000.0,991.675,5.75
249100.0,993.605,5.86
249200.0,995.595,5.97
249300.0,997.475,6.08
249400.0,999.235,6.19
249500.0,1001.085,6.3
249600.0,1002.795,6.41
249700.0,1004.415,6.52
249900.0,1006.015,6.62
250000.0,1007.575,6.72
250100.0,1009.195,6.82
250200.0,1010.835,6.92
250300.0,1012.485,7.02
250400.0,1014.135,7.12
250500.0,1015.745,7.22
250600.0,1017.335,7.32
250700.0,1018.905,7.42
250900.0,1020.545,7.52
251000.0,1022.265,7.62
251100.0,1023.935,7.72
251200.0,1025.625,7.82
251300.0,1027.255,7.92
251400.0,1028.925,8.02
251500.0,1030.615,8.12
251600.0,1032.32,8.22
251800.0,1034.02,8.32
251900.0,1035.73,8.42
252000.0,1037.36,8.52
252100.0,1039.02,8.62
252200.0,1040.7,8.72
252300.0,1042.34,8.82
252400.0,1043.99,8.92
252500.0,1045.63,9.02
252600.0,1047.4,9.12
252800.0,1049.27,9.22
252900.0,1051.03,9.32
253000.0,1052.71,9.42
253100.0,1054.1,9.52
253200.0,1055.43,9.62
253300.0,1056.28,9.72
253400.0,1057.03,9.82
253500.0,1057.51,9.92
253600.0,1057.54,10.02
253800.0,1055.6,10.1
253900.0,1052.17,10.18
254000.0,1047.76,10.25
254100.0,1042.92,10.32
254200.0,1037.6,10.38
254300.0,1032.53,10.43
254400.0,1027.6,10.48
254500.0,1022.97,10.52
254600.0,1018.36,10.55
254800.0,1013.93,10.57
254900.0,1009.58,10.59
255000.0,1005.27,10.61
255100.0,1000.9,10.62
255200.0,996.14,10.63
255300.0,991.28,10.64
255400.0,986.16,10.64
255500.0,980.67,10.64
255700.0,974.9,10.64
255800.0,968.79,10.62
255900.0,962.64,10.6
256000.0,956.5,10.58
256100.0,950.2,10.56
256200.0,943.91,10.53
256300.0,937.75,10.5
256500.0,931.69,10.47
256600.0,925.74,10.44
256700.0,919.85,10.4
256800.0,914.0,10.35
256900.0,908.2,10.3
257000.0,902.39,10.25
257100.0,896.6,10.2
257200.0,890.96,10.15
257400.0,885.58,10.1
257500.0,880.5,10.05
257600.0,875.62,10.0
257700.0,871.21,9.95
257800.0,867.11,9.9
257900.0,863.18,9.85
258000.0,859.29,9.8
258100.0,855.73,9.75
258300.0,852.0,9.69
258400.0,848.24,9.63
258500.0,844.99,9.57
258600.0,842.17,9.51
258700.0,840.08,9.45
258800.0,838.26,9.39
258900.0,836.76,9.33
259000.0,835.39,9.27
259200.0,834.15,9.21
259300.0,832.94,9.15
259400.0,831.63,9.09
259500.0,830.46,9.03
259600.0,829.05,8.97
259700.0,827.63,8.91
259800.0,826.28,8.85
260000.0,824.95,8.79
260100.0,823.58,8.73
260200.0,822.19,8.66
260300.0,820.69,8.6
260400.0,818.92,8.54
260500.0,817.13,8.48
260600.0,815.24,8.42
260800.0,813.145,8.36
260900.0,811.325,8.3
261000.0,810.045,8.24
261100.0,809.235,8.19
261200.0,808.805,8.14
261300.0,808.615,8.08
261400.0,808.455,8.03
261600.0,808.145,7.98
261700.0,807.795,7.93
261800.0,807.445,7.88
261900.0,807.245,7.83
262000.0,807.065,7.78
262100.0,806.855,7.73
262200.0,806.605,7.68
262400.0,806.355,7.63
262500.0,806.085,7.58
262600.0,805.845,7.53
262700.0,805.565,7.48
262800.0,805.215,7.43
262900.0,804.915,7.38
263100.0,804.595,7.33
263200.0,804.235,7.28
263300.0,803.955,7.23
263400.0,803.685,7.18
263500.0,803.375,7.12
263600.0,803.055,7.06
263700.0,802.805,7.0
263900.0,802.485,6.94
264000.0,802.115,6.88
264100.0,801.655,6.82
264200.0,801.085,6.76
264300.0,800.525,6.7
264400.0,800.015,6.63
264600.0,799.415,6.56
264700.0,798.745,6.49
264800.0,797.955,6.42
264900.0,797.125,6.35
265000.0,796.335,6.28
265100.0,795.665,6.21
265200.0,795.465,6.14
265400.0,795.425,6.07
265500.0,795.505,5.99
265600.0,795.675,5.91
265700.0,795.555,5.83
265800.0,795.255,5.75
265900.0,794.735,5.65
266000.0,793.905,5.56
266100.0,792.685,5.47
266300.0,791.365,5.38
266400.0,790.305,5.29
266500.0,789.305,5.2
266600.0,788.625,5.11
266700.0,787.855,5.02
266800.0,787.085,4.93
266900.0,786.385,4.84
267100.0,786.015,4.75
267200.0,785.825,4.67
267300.0,785.935,4.59
267400.0,786.165,4.51
267500.0,786.515,4.43
267600.0,786.825,4.35
267700.0,787.155,4.27
267800.0,787.335,4.19
268000.0,787.375,4.11
268100.0,787.445,4.04
268200.0,787.325,3.97
268300.0,787.235,3.9
268400.0,786.905,3.83
268500.0,786.285,3.76
268600.0,786.325,3.69
268700.0,786.625,3.62
268900.0,787.635,3.55
269000.0,788.775,3.48
269100.0,789.875,3.41
269200.0,791.015,3.34
269300.0,792.265,3.27
269400.0,793.495,3.2
269500.0,794.715,3.13
269600.0,796.035,3.07
269700.0,797.435,3.01
269900.0,798.495,2.95
270000.0,799.505,2.89
270100.0,800.185,2.83
270200.0,800.745,2.77
270300.0,800.995,2.71
270400.0,801.125,2.65
270500.0,801.045,2.59
270600.0,800.835,2.53
270700.0,800.595,2.47
270900.0,800.335,2.41
271000.0,800.135,2.35
271100.0,800.045,2.29
271200.0,800.005,2.23
271300.0,800.045,2.17
271400.0,800.205,2.11
271500.0,800.595,2.06
271600.0,801.025,2.01
271700.0,801.605,1.96
271800.0,802.315,1.91
271900.0,803.285,1.86
272100.0,804.41,1.81
272200.0,805.34,1.76
272300.0,805.94,1.71
272400.0,805.98,1.66
272500.0,805.64,1.61
272600.0,805.06,1.57
272700.0,804.49,1.52
272800.0,803.88,1.47
272900.0,803.28,1.42
273000.0,802.8,1.37
273100.0,802.05,1.32
273200.0,801.19,1.27
273400.0,800.34,1.22
273500.0,799.57,1.17
273600.0,798.81,1.12
273700.0,797.93,1.07
273800.0,796.99,1.02
273900.0,796.0,0.97
274000.0,794.99,0.92
274100.0,793.89,0.87
274200.0,792.87,0.82
274300.0,791.85,0.77
274400.0,790.93,0.72
274500.0,790.05,0.67
